river 8 Seine
53 914
52 914
51 914
50 914
river 8 Seine
47 914
47 913
46 913
45 913
44 914
43 914
42 914
river 8 Seine
37 914
36 914
37 913
36 913
35 913
34 913
33 913
34 912
35 911
36 910
37 910
38 909
38 908
37 908
36 908
35 909
34 910
33 910
32 911
31 911
32 910
31 910
32 909
31 909
31 908
32 907
32 906
31 907
31 906
31 905
31 904
30 904
31 903
30 903
31 902
30 902
31 901
30 901
30 900
29 900
29 899
30 898
31 897
32 897
33 896
33 895
32 895
31 895
30 896
29 897
28 898
28 897
27 898
27 897
26 897
27 896
28 895
28 894
29 894
29 893
30 892
30 891
29 891
29 890
28 891
28 890
27 891
27 890
26 890
25 890
24 890
23 890
22 891
21 891
20 892
20 891
20 890
21 890
22 889
23 889
24 888
24 889
25 888
26 888
26 887
27 887
27 886
28 885
28 884
28 883
29 882
29 881
29 880
28 880
27 880
26 881
25 882
24 883
24 884
23 885
22 886
21 887
20 887
19 887
20 886
19 886
20 885
20 884
21 883
21 882
22 882
22 881
23 880
23 879
24 878
24 877
23 877
22 877
21 878
20 879
20 880
20 881
19 882
19 883
18 884
17 884
18 883
17 883
17 882
18 881
18 880
19 879
20 878
19 878
19 877
18 877
19 876
19 875
19 874
18 874
17 874
16 874
16 875
15 875
15 876
14 877
13 878
13 879
12 879
12 880
11 880
10 881
10 880
9 881
9 880
9 879
9 878
8 878
9 877
8 877
8 876
river 6 Thames
-2 698
-1 698
-1 699
0 699
-1 700
0 700
-1 701
-1 702
-1 703
-2 704
-2 705
-3 706
-2 706
-3 707
-3 708
-3 709
-3 710
-2 710
-2 711
-1 711
-1 712
0 712
1 711
1 712
2 711
2 712
3 711
3 712
4 711
5 711
5 710
6 710
7 709
7 710
8 710
9 710
10 709
11 709
12 708
13 708
14 708
15 708
16 708
17 707
18 707
18 708
19 708
20 707
20 706
21 705
22 704
23 703
24 702
25 702
25 703
25 704
25 705
25 706
25 707
24 708
25 708
24 709
25 709
24 710
23 711
22 711
21 711
21 712
21 713
22 713
23 712
23 713
24 712
25 711
24 712
24 713
24 714
25 714
26 714
25 715
25 716
25 717
24 718
23 719
22 720
22 721
21 722
21 723
22 723
22 724
23 724
23 725
24 725
24 726
24 727
25 727
26 727
27 726
28 726
29 725
30 724
31 724
31 723
32 722
31 722
32 721
32 720
33 720
34 720
35 720
36 720
37 719
38 719
39 719
40 719
40 720
39 721
39 722
38 723
38 724
39 724
40 724
41 724
41 725
42 725
41 726
41 727
40 728
41 728
42 728
42 729
42 730
42 731
42 732
43 732
44 732
45 731
46 731
47 730
47 731
48 731
49 731
50 730
50 729
50 728
51 728
51 727
51 726
52 726
53 725
53 726
54 725
55 725
56 725
55 726
56 726
57 726
58 725
59 725
60 724
61 723
62 723
63 723
63 724
64 724
65 724
66 723
66 724
67 724
68 724
69 724
70 723
71 723
71 724
72 724
71 725
72 725
72 726
73 726
74 726
74 727
75 726
76 726
76 727
76 728
77 728
78 727
river 4 Shannon
-154 545
-154 544
-154 543
-154 542
river 4 Shannon
-163 559
-164 559
-164 560
-165 560
-165 561
-166 562
-166 563
-166 564
-166 565
-166 566
-166 567
-167 568
-167 569
-167 570
-168 571
-168 572
-168 573
-169 574
river 4 Shannon
-213 623
-212 622
-211 621
-210 620
-209 619
-209 618
-208 618
-208 617
-207 617
-206 616
-205 615
-204 615
-203 614
-202 613
-202 612
-201 611
-200 610
-200 609
-199 608
-198 607
-197 606
-196 606
-195 605
-194 604
-193 603
river 4 Shannon
-150 528
-151 529
-152 529
-152 530
-153 531
-153 532
-153 533
-153 534
-154 535
-155 535
-155 536
-156 536
-156 537
-156 538
-157 539
-157 540
-156 539
-156 540
-155 539
-154 538
-153 538
-153 539
-153 540
-154 541
-154 542
river 4 Shannon
-154 545
-154 546
-154 547
-155 548
-154 548
-155 549
-154 549
-154 550
-155 551
-156 551
-157 552
-157 553
-158 553
-159 554
-160 555
-161 556
-162 557
-163 558
river 4 Shannon
-170 575
-169 575
-170 576
-170 577
-170 578
-171 579
-171 580
-172 581
-173 582
-174 583
-175 584
-176 584
-177 585
-178 586
-179 587
-179 588
-180 589
-179 589
-180 590
-179 590
-179 591
-178 591
-179 592
-178 592
-179 593
-180 594
-181 594
-182 595
-183 595
-184 596
-185 596
-185 597
-186 597
-187 597
-188 598
-189 599
-190 600
-191 601
-192 602
-193 603
river 4 Shannon
-213 623
-213 624
-213 625
-214 626
-215 627
-216 628
-217 628
-218 629
-218 630
-219 631
-220 632
-221 632
-221 633
-222 633
-222 634
-223 634
-224 634
-225 634
-226 635
-227 636
-228 636
-228 635
-228 634
-229 634
river 4 Ness
99 293
100 292
101 292
102 291
103 290
104 289
105 288
106 288
107 287
108 286
109 285
110 285
110 284
111 284
111 283
112 283
113 282
114 281
115 280
116 279
117 278
118 277
119 277
120 276
120 275
121 275
river 4 Ness
121 275
121 274
122 274
123 273
124 272
125 271
126 271
126 270
127 270
128 269
129 268
129 267
river 4 Oich
87 304
86 305
85 306
84 307
83 307
82 308
81 309
80 309
79 310
river 4 Oich
99 293
98 294
97 294
96 295
95 296
95 297
94 297
94 298
93 298
93 299
92 299
91 300
90 301
89 302
88 303
87 304
river 4 Trent
40 606
39 607
38 608
37 609
37 610
36 611
36 612
35 613
36 613
35 614
36 614
35 615
36 615
35 616
36 616
36 617
36 618
36 619
37 619
37 620
37 621
38 621
37 622
38 622
37 623
38 623
37 624
38 624
38 625
39 625
39 626
39 627
40 627
41 627
42 627
43 627
44 627
44 628
45 628
46 628
47 627
48 626
49 626
49 625
50 625
51 624
52 623
53 622
54 621
55 620
56 620
57 619
58 619
59 619
59 620
60 619
60 620
61 620
62 620
63 620
64 619
65 619
66 618
67 618
68 617
69 617
70 617
71 616
72 615
73 615
73 614
74 614
75 613
76 612
77 612
78 611
79 611
79 612
80 612
81 611
82 610
83 609
84 609
85 608
86 607
87 606
88 606
89 605
90 604
91 604
91 603
92 603
93 602
94 602
94 601
95 601
95 600
96 600
96 599
97 598
98 597
98 596
99 595
99 594
100 593
100 592
101 592
101 591
102 590
102 589
103 588
104 587
104 586
105 586
105 585
106 584
106 583
106 582
106 581
106 580
107 580
107 579
107 578
107 577
108 576
108 575
109 574
110 573
111 572
111 571
112 571
112 570
113 570
113 569
114 568
115 567
115 566
116 565
116 564
117 563
117 562
118 561
118 560
119 560
119 559
120 558
121 557
river 4 Severn
-39 645
-39 646
-38 645
-38 646
-38 647
-38 648
-38 649
-37 649
-37 650
-36 650
-36 651
-35 651
-34 651
-33 651
-32 650
-31 649
-30 648
-30 647
-29 646
-28 646
-27 645
-26 645
-25 645
-24 645
-23 645
-22 645
-21 644
-20 644
-20 643
-19 643
-18 642
-17 641
-16 640
-15 639
-14 638
-14 637
-13 637
-13 636
-12 635
-11 634
-10 633
-9 632
-8 631
-8 630
-7 630
-7 629
-6 629
-5 628
-5 629
-4 629
-3 629
-2 629
-1 629
-1 630
0 630
1 630
2 630
3 629
4 629
3 630
3 631
4 631
5 630
5 631
6 631
5 632
6 632
5 633
6 633
5 634
6 634
6 635
6 636
6 637
7 637
8 637
9 637
10 636
11 636
12 636
12 637
12 638
12 639
12 640
11 641
11 642
11 643
10 644
10 645
9 646
9 647
9 648
9 649
9 650
8 651
9 651
8 652
8 653
8 654
8 655
8 656
8 657
8 658
8 659
8 660
8 661
8 662
7 663
7 664
6 665
7 665
6 666
6 667
6 668
5 669
5 670
4 671
5 671
4 672
4 673
3 674
3 675
2 676
1 677
1 678
1 679
1 680
0 681
0 682
0 683
0 684
0 685
0 686
-1 687
-2 688
-3 689
-4 690
-5 691
-6 692
-7 692
-7 693
-8 693
-7 693
-8 694
-8 695
-9 696
-10 696
-10 697
-11 697
-12 697
-13 698
-14 699
-15 700
-16 701
-17 702
river 4 Caledonian Canal
79 310
78 311
77 312
76 312
75 313
74 314
73 315
72 316
71 316
71 317
70 317
69 318
river 2 Annalee
-102 529
-103 529
-104 529
-105 529
-106 529
-107 529
-108 530
-108 529
-109 530
-110 530
-110 529
-111 529
-112 529
-113 529
-113 528
-114 528
-115 528
-116 529
-116 528
-117 528
-118 528
-119 529
-120 529
-121 529
-121 528
-122 529
-122 528
-123 529
-124 529
-125 529
-125 528
-125 527
-125 526
-125 525
-124 524
-123 523
-124 523
-123 522
-123 521
river 2 Annalee
-122 512
-122 511
-122 510
-122 509
-123 510
-123 509
-124 509
-124 508
-123 507
-123 506
-123 505
river 2 Annalee
-132 496
-133 497
-133 496
-134 496
-135 496
-135 495
-136 496
-136 495
-137 495
-138 495
-139 495
river 2 Great Ouse
36 689
37 688
38 688
39 688
40 688
40 689
41 689
42 689
42 690
43 689
44 689
45 688
46 687
47 686
48 685
49 684
50 683
51 682
52 682
53 681
54 680
55 680
56 679
57 679
58 678
59 677
59 676
60 676
60 675
61 675
61 674
62 674
63 673
64 673
65 673
66 672
67 671
68 670
69 669
70 669
71 669
71 670
71 671
70 672
70 673
69 674
69 675
70 675
71 675
72 675
73 675
74 674
75 674
76 674
77 673
78 673
78 672
79 672
80 671
81 670
81 669
82 669
82 668
83 667
84 666
85 665
86 664
87 663
88 662
88 661
89 661
90 660
91 660
92 659
92 660
93 660
94 660
94 661
95 661
96 660
97 659
98 659
99 658
100 657
101 656
102 655
103 655
103 654
104 654
105 653
106 652
107 651
108 650
109 650
109 649
110 649
111 648
112 647
113 646
114 645
115 644
116 643
117 643
117 642
118 642
118 641
119 641
119 640
120 640
121 639
122 638
122 637
123 636
123 635
124 634
124 633
125 632
125 631
126 630
127 629
127 628
128 627
river 2 Tweed
80 423
80 422
81 421
82 420
83 419
84 418
85 417
86 416
87 415
88 414
89 413
89 412
90 412
90 411
91 411
92 410
93 410
94 409
95 408
96 408
97 407
98 407
99 407
100 407
101 407
101 408
102 407
102 408
103 408
103 409
104 409
105 409
106 409
107 409
108 409
108 410
109 410
110 410
110 411
110 412
111 412
112 412
113 411
114 411
115 410
115 411
116 410
116 411
117 410
117 411
118 411
118 412
119 412
120 412
121 412
122 412
123 412
124 412
125 411
126 411
127 411
128 410
129 410
129 409
130 409
131 408
132 408
133 407
133 408
134 408
135 408
136 407
137 407
137 406
138 406
139 405
140 404
141 403
142 402
143 401
144 401
145 400
146 399
147 398
147 397
148 397
148 396
149 396
150 396
river 2 Aire
58 907
57 908
56 908
55 909
54 909
54 910
53 910
52 911
51 912
51 913
50 914
river 2 Swale
91 499
90 500
90 501
91 501
91 502
92 502
92 503
93 503
92 504
93 504
94 504
95 504
96 504
97 504
98 504
99 503
99 504
100 503
100 504
101 504
102 504
103 503
104 503
105 502
106 502
107 502
108 502
109 502
110 502
111 502
111 503
112 503
112 504
113 504
112 505
113 504
113 505
114 505
114 506
114 507
114 508
114 509
113 510
114 510
114 511
114 512
114 513
114 514
113 515
113 516
112 517
112 518
113 518
113 519
114 519
113 520
114 520
114 521
114 522
113 523
113 524
113 525
112 526
112 527
113 527
112 528
113 528
112 529
113 529
113 530
114 530
114 531
114 532
115 532
115 533
115 534
116 534
115 535
116 535
116 536
115 537
116 537
115 538
115 539
114 540
113 541
113 542
112 543
112 544
111 545
112 545
112 546
112 547
112 548
111 549
112 549
112 550
113 550
113 551
113 552
114 552
114 553
115 553
115 554
116 554
116 555
116 556
117 555
117 556
118 555
118 556
119 555
119 556
120 556
river 2 Shannon
-183 541
-183 542
-182 542
-182 543
-181 543
-181 544
-180 544
-179 544
-178 543
-177 542
-176 541
-175 540
-174 539
-173 539
-172 539
-171 538
-170 538
-169 537
-168 536
-167 536
-166 535
-165 535
-164 535
-163 535
-162 534
-161 534
-160 533
-159 533
-158 533
-158 534
-157 534
-157 535
-156 535
-157 536
-156 536
river 2 Suir
-187 619
-186 619
-186 620
-186 621
-187 622
-188 623
-188 624
-189 625
-190 626
-190 627
-191 628
-191 629
-192 630
-191 630
-192 631
-192 632
-193 633
-193 634
-194 634
-195 635
-196 636
-197 636
-198 637
-198 638
-199 638
-199 639
-200 639
-200 640
-201 641
-202 642
-203 643
-203 644
-204 645
-205 646
-206 646
-207 647
-207 648
-208 649
-208 650
-208 651
-208 652
-208 653
-208 654
-208 655
-209 656
-209 657
-209 658
-210 659
-209 659
-210 660
-209 660
-210 661
-209 661
-209 662
-209 663
-208 662
-208 663
-207 662
-207 663
-207 662
-206 661
-205 660
-204 659
-203 659
-202 659
-201 659
-200 659
-199 658
-199 659
-198 658
-197 658
-196 658
-195 658
-195 659
-194 658
-194 659
-193 659
-192 659
-192 660
-191 659
-191 660
-190 660
-189 660
-189 661
-188 661
-188 662
-188 663
-188 664
-187 664
-188 665
-187 665
-187 666
-187 667
-186 667
-186 666
-185 666
-184 665
-183 665
-182 665
-182 666
-181 666
-180 666
-179 666
-178 665
-177 665
river 2 Blackwater
-107 502
-106 502
-105 501
-104 501
-103 501
-102 500
-102 501
-101 500
-100 500
-99 500
-98 500
-97 500
-97 501
-96 500
-96 501
-95 501
-95 502
-94 502
-94 503
-94 504
-94 505
-94 506
-93 506
-92 506
-91 506
-91 505
-90 505
-89 504
-89 503
-88 502
-87 502
-86 502
-85 502
-84 501
-83 500
-83 499
-82 499
-81 498
-80 497
-79 496
-78 495
-77 494
-76 494
-75 494
river 2 Blackwater
-63 477
-63 476
-63 477
-63 476
-62 476
-62 475
-62 474
-61 473
-61 472
-60 471
-59 470
-59 469
-59 468
-58 467
-58 466
-58 465
-58 464
-57 463
-57 462
-57 461
-58 461
-57 460
-57 459
-57 458
-57 457
-57 456
-56 455
-56 454
-55 453
-55 452
-55 451
-55 450
-55 449
-55 448
-55 447
-55 446
-55 445
-56 445
-56 444
-57 444
river 2 Tay
75 334
76 333
77 333
78 333
79 332
80 331
81 331
82 330
83 329
84 329
85 328
85 329
86 328
86 329
87 328
87 329
88 328
88 329
89 328
89 329
90 328
91 328
river 2 Tay
100 327
101 327
102 327
103 327
104 326
104 327
105 326
106 326
107 326
108 326
109 326
110 326
111 326
112 326
113 326
114 325
114 326
115 325
115 326
116 325
117 325
117 326
118 325
118 326
119 326
119 327
120 327
120 328
120 329
120 330
120 331
120 332
120 333
120 334
119 335
120 335
119 336
120 336
120 337
121 337
121 338
122 338
122 339
123 339
124 339
125 339
126 339
125 340
125 341
124 341
123 342
122 343
121 344
120 345
120 346
119 347
119 348
119 349
119 350
119 351
120 351
120 352
121 352
121 353
river 2 Annalee
-123 521
-123 520
-123 519
-123 518
-123 517
-123 516
-123 515
-123 514
-123 513
-122 512
river 2 Blackwater
-75 494
-74 493
-73 492
-72 492
-71 491
-70 491
-69 490
-68 490
-67 489
-67 488
-66 487
-66 486
-65 485
-64 484
-64 483
-64 482
-64 481
-65 481
-64 480
-65 480
-65 479
-64 478
-63 477
river 2 Annalee
-123 505
-122 504
-123 504
-122 503
-122 502
-122 501
-122 500
-123 500
-122 499
-123 499
-123 498
-123 497
-124 497
-124 496
-125 496
-126 496
-126 495
-127 496
-127 495
-128 496
-129 496
-130 496
-131 496
-132 497
-132 496
river 2 Tay
91 328
92 328
93 328
94 328
95 328
96 327
96 328
97 327
98 327
99 327
100 327
river 1 Wye
-26 699
-26 700
-27 701
-28 702
-29 703
-29 704
-29 705
-30 705
-30 706
-31 707
-31 708
-31 709
-32 710
-32 711
-33 711
-33 712
-34 713
-34 714
river 1 Wye
-31 652
-30 652
-30 653
-30 654
-30 655
-31 656
-30 656
-31 657
-31 658
-32 659
-31 659
-32 660
-32 661
-33 662
-33 663
-34 664
-34 665
-35 666
-36 666
-36 665
-37 666
-38 666
-38 667
-39 667
-40 668
-41 669
-41 670
-42 670
-42 671
-42 672
-42 673
-41 673
-41 674
-41 675
-42 676
-41 676
-42 677
-42 678
-42 679
-41 679
-41 680
-41 681
-41 682
-40 682
-39 682
-38 681
-37 680
-36 680
-35 679
-34 679
-34 678
-33 678
-33 677
-32 677
-32 676
-31 676
-30 676
-30 677
-29 676
-29 677
-28 677
-27 677
-27 678
-26 678
-25 678
-25 679
-24 679
-23 679
-23 680
-22 680
-22 681
-21 681
-20 681
-19 681
-18 681
-18 682
-17 682
-18 683
-17 683
-17 684
-18 685
-17 685
-18 686
-19 687
-20 688
-20 689
-19 689
-20 690
-19 690
-20 691
-20 692
-21 692
-21 693
-22 693
-22 694
-22 695
-23 696
-23 697
-24 698
-24 697
-25 698
-25 699
river 1 Eure
24 914
24 913
24 912
24 911
24 910
24 909
23 909
24 908
23 908
23 907
23 906
22 906
22 905
21 905
22 904
21 904
22 903
22 902
22 901
23 900
23 899
23 898
24 897
24 896
25 896
25 895
26 895
26 894
27 894
27 893
28 892
28 891
river 1 Barrow
-162 597
-161 596
-160 595
-159 595
-158 595
-158 596
-158 597
-157 597
-157 598
-156 598
-156 599
-155 599
-154 599
-153 599
-152 598
-151 598
-150 598
-149 598
-148 598
-147 597
-146 597
-146 598
-147 598
-148 599
-148 600
-148 601
-148 602
-148 603
-149 604
-149 605
-149 606
-149 607
-149 608
-149 609
-149 610
-149 611
-150 612
-150 613
-150 614
-150 615
-150 616
-151 617
-151 618
-152 619
-152 620
-153 621
-153 622
-154 623
-155 623
-155 624
-156 625
-156 626
-157 627
-158 628
-158 629
-159 630
-159 631
-160 632
-160 633
-161 634
-162 635
-162 636
-163 637
-163 638
-163 639
-162 639
-163 640
-162 640
-162 641
-163 642
-163 643
-164 644
-165 645
-165 646
-166 647
-166 648
-166 649
-167 650
-167 651
-168 652
-168 653
-169 653
-170 654
-171 655
-171 656
-172 657
-173 658
-174 659
-175 660
-175 661
-176 662
-177 663
-178 664
-177 664
river 1 Somme
90 842
90 841
90 840
89 840
89 839
88 839
88 838
88 837
87 837
88 836
87 836
87 835
86 836
86 835
85 835
85 834
84 834
84 833
84 832
83 832
83 831
83 830
83 829
82 829
82 828
81 828
81 827
81 826
80 826
80 825
80 824
79 824
