river 8 Seine
106 1827
105 1827
104 1827
103 1827
102 1827
101 1827
river 8 Seine
94 1827
94 1826
94 1825
93 1825
92 1825
91 1825
90 1826
90 1825
89 1826
88 1826
87 1827
86 1827
river 8 Seine
73 1827
73 1826
74 1825
73 1825
72 1825
71 1825
70 1825
69 1825
68 1825
68 1824
67 1824
68 1823
69 1822
70 1821
71 1821
72 1820
73 1819
74 1819
74 1818
75 1818
76 1817
77 1816
76 1816
76 1815
75 1815
74 1815
73 1815
72 1816
71 1817
70 1817
69 1818
68 1819
67 1819
67 1820
66 1820
65 1821
64 1821
64 1820
63 1820
63 1819
63 1818
64 1817
63 1817
63 1816
63 1815
64 1814
64 1813
64 1812
63 1812
63 1811
62 1811
63 1810
62 1810
63 1809
62 1809
63 1808
62 1808
62 1807
61 1807
62 1806
61 1806
62 1805
62 1804
62 1803
62 1802
61 1802
61 1801
61 1800
60 1800
60 1799
59 1799
59 1798
59 1797
60 1796
61 1795
62 1794
63 1794
64 1793
65 1792
66 1791
66 1790
66 1789
66 1788
65 1789
65 1788
64 1789
64 1788
63 1789
62 1790
61 1790
61 1791
60 1791
59 1792
58 1793
57 1794
56 1794
55 1795
55 1794
54 1795
54 1794
53 1794
53 1793
52 1793
53 1792
54 1791
55 1790
56 1789
57 1788
58 1787
58 1786
59 1785
59 1784
60 1783
60 1782
60 1781
61 1780
60 1780
59 1780
58 1780
57 1780
56 1780
55 1780
54 1780
53 1780
53 1779
52 1780
52 1779
51 1780
51 1779
50 1779
49 1779
48 1779
47 1780
46 1780
45 1781
44 1781
43 1782
42 1782
41 1782
40 1782
40 1781
40 1780
41 1780
41 1779
42 1778
43 1778
44 1777
45 1777
46 1776
46 1777
47 1776
48 1776
49 1776
50 1776
51 1775
52 1775
53 1774
53 1773
54 1773
54 1772
55 1771
55 1770
56 1770
56 1769
56 1768
57 1767
57 1766
57 1765
58 1764
58 1763
58 1762
58 1761
58 1760
57 1760
57 1759
56 1759
55 1759
54 1760
53 1761
52 1761
52 1762
51 1762
51 1763
50 1764
49 1765
49 1766
48 1767
47 1768
47 1769
46 1770
45 1771
44 1772
43 1772
42 1772
41 1773
40 1773
40 1772
39 1773
40 1772
39 1772
39 1771
39 1770
40 1769
40 1768
41 1767
41 1766
42 1766
42 1765
43 1764
43 1763
44 1763
44 1762
45 1761
45 1760
46 1760
46 1759
47 1758
47 1757
47 1756
48 1755
48 1754
48 1753
48 1752
47 1753
47 1752
46 1753
45 1753
44 1754
43 1754
43 1755
42 1755
42 1756
41 1757
41 1758
41 1759
40 1760
40 1761
40 1762
39 1763
39 1764
38 1765
37 1766
36 1767
35 1767
36 1766
35 1766
35 1765
35 1764
35 1763
35 1762
36 1761
36 1760
37 1759
38 1758
39 1757
39 1756
40 1755
39 1755
39 1754
39 1753
38 1753
38 1752
38 1751
39 1750
39 1749
39 1748
38 1748
38 1747
37 1747
36 1747
35 1747
34 1747
33 1747
32 1748
31 1749
31 1750
30 1751
29 1752
29 1753
28 1753
28 1754
27 1755
26 1756
26 1757
25 1757
25 1758
24 1758
23 1759
22 1760
21 1760
20 1760
19 1760
18 1760
18 1759
18 1758
18 1757
18 1756
18 1755
18 1754
17 1754
17 1753
17 1752
16 1752
river 6 Thames
-3 1394
-3 1395
-2 1395
-1 1395
-1 1396
-1 1397
0 1397
-1 1398
0 1398
-1 1399
-1 1400
-1 1401
-1 1402
-1 1403
-2 1404
-2 1405
-3 1406
-3 1407
-4 1408
-4 1409
-4 1410
-5 1411
-5 1412
-5 1413
-5 1414
-5 1415
-5 1416
-6 1417
-6 1418
-5 1418
-5 1419
-4 1419
-4 1420
-3 1420
-3 1421
-2 1421
-2 1422
-1 1422
-1 1423
0 1423
1 1422
1 1423
2 1422
3 1422
4 1422
5 1422
6 1422
7 1422
8 1422
9 1421
10 1421
10 1420
11 1420
11 1419
12 1419
13 1418
14 1418
15 1418
15 1419
16 1419
17 1419
18 1419
19 1418
20 1418
21 1417
22 1417
23 1416
24 1416
25 1416
26 1416
27 1416
28 1416
29 1416
30 1416
31 1416
32 1415
33 1415
34 1414
35 1414
36 1414
36 1415
37 1415
38 1415
39 1414
40 1413
41 1412
41 1411
42 1410
43 1409
43 1408
44 1408
44 1407
45 1406
46 1405
47 1404
48 1404
49 1403
50 1403
51 1403
51 1404
51 1405
50 1406
50 1407
50 1408
51 1408
51 1409
51 1410
51 1411
50 1412
51 1412
50 1413
50 1414
49 1415
49 1416
49 1417
50 1417
50 1418
49 1419
48 1420
47 1420
46 1421
45 1421
44 1421
43 1422
42 1422
42 1423
43 1423
42 1424
43 1424
44 1424
44 1425
45 1424
45 1425
46 1424
47 1424
48 1423
49 1422
50 1422
49 1423
49 1424
48 1425
49 1425
48 1426
49 1426
50 1426
50 1427
51 1427
51 1428
51 1429
51 1430
51 1431
50 1432
50 1433
49 1434
48 1435
48 1436
47 1437
46 1438
45 1439
44 1440
44 1441
43 1442
44 1442
43 1443
43 1444
43 1445
43 1446
44 1446
44 1447
45 1447
45 1448
46 1448
47 1448
47 1449
48 1449
48 1450
49 1450
48 1451
49 1451
49 1452
49 1453
50 1453
50 1454
51 1453
52 1453
53 1453
54 1452
55 1451
56 1451
57 1450
58 1450
59 1449
60 1448
61 1448
61 1447
62 1447
62 1446
63 1445
63 1444
64 1443
63 1443
64 1442
64 1441
65 1440
65 1439
66 1438
66 1439
67 1439
67 1440
68 1440
69 1439
70 1439
71 1439
72 1438
72 1439
73 1438
74 1438
75 1438
76 1438
77 1437
78 1437
79 1437
80 1437
81 1437
80 1438
81 1438
81 1439
80 1440
79 1441
79 1442
78 1443
77 1444
76 1445
76 1446
77 1446
77 1447
78 1447
78 1448
79 1447
79 1448
80 1447
81 1447
82 1447
83 1447
83 1448
84 1448
83 1449
83 1450
83 1451
83 1452
82 1453
82 1454
81 1455
82 1455
83 1455
83 1456
84 1456
84 1457
84 1458
84 1459
85 1459
84 1460
85 1460
85 1461
85 1462
85 1463
86 1463
87 1463
88 1463
89 1463
90 1462
91 1462
92 1461
93 1461
94 1460
95 1460
95 1461
95 1462
96 1462
97 1462
98 1461
99 1460
100 1459
100 1458
100 1457
100 1456
101 1456
101 1455
102 1455
102 1454
102 1453
102 1452
103 1451
104 1451
105 1450
105 1451
106 1450
106 1451
107 1450
108 1450
109 1449
110 1449
111 1448
111 1449
112 1449
111 1450
112 1450
111 1451
112 1451
113 1451
114 1451
115 1450
116 1450
117 1449
118 1449
119 1448
120 1447
121 1447
121 1446
122 1446
123 1445
124 1445
125 1445
126 1445
126 1446
127 1446
127 1447
128 1447
129 1447
130 1447
131 1446
132 1446
132 1447
133 1447
133 1448
134 1448
135 1447
135 1448
136 1447
137 1447
138 1446
138 1447
139 1446
140 1446
141 1446
142 1445
142 1446
143 1446
143 1447
143 1448
144 1448
143 1449
144 1449
144 1450
145 1450
145 1451
146 1451
147 1451
147 1452
148 1452
148 1453
149 1452
150 1452
151 1452
152 1451
152 1452
153 1451
152 1452
153 1452
152 1453
153 1453
152 1454
153 1454
153 1455
154 1454
155 1454
156 1454
river 4 Shannon
-308 1090
-308 1089
-308 1088
-308 1087
-308 1086
-308 1085
-308 1084
river 4 Shannon
-326 1117
-327 1118
-328 1119
-329 1120
-330 1121
-331 1122
-331 1123
-331 1124
-332 1125
-332 1126
-332 1127
-332 1128
-332 1129
-332 1130
-332 1131
-332 1132
-332 1133
-333 1134
-332 1134
-333 1135
-333 1136
-333 1137
-334 1138
-334 1139
-334 1140
-335 1141
-335 1142
-335 1143
-336 1144
-336 1145
-337 1146
-337 1147
-338 1148
river 4 Shannon
-425 1246
-425 1245
-424 1244
-423 1243
-422 1242
-422 1241
-421 1241
-421 1240
-420 1240
-420 1239
-419 1238
-418 1237
-417 1236
-416 1235
-416 1234
-415 1234
-415 1233
-414 1233
-413 1232
-412 1231
-411 1231
-410 1230
-409 1230
-408 1230
-407 1229
-406 1228
-405 1227
-404 1226
-404 1225
-403 1224
-403 1223
-402 1222
-402 1221
-401 1220
-400 1219
-400 1218
-399 1217
-398 1216
-397 1216
-397 1215
-396 1215
-396 1214
-395 1213
-394 1212
-393 1212
-393 1211
-392 1211
-391 1210
-390 1209
-389 1209
-389 1208
-388 1208
-387 1207
-386 1206
river 4 Shannon
-301 1056
-302 1057
-303 1058
-304 1059
-304 1060
-305 1061
-305 1062
-305 1063
-306 1064
-306 1065
-306 1066
-305 1066
-306 1067
-307 1068
-308 1069
-309 1070
-310 1071
-311 1072
-312 1073
-312 1074
-311 1074
-312 1075
-313 1076
-313 1077
-313 1078
-312 1078
-311 1078
-312 1079
-311 1079
-310 1078
-309 1077
-308 1077
-308 1076
-307 1076
-307 1075
-306 1075
-307 1076
-306 1076
-307 1077
-306 1077
-306 1078
-306 1079
-307 1080
-306 1080
-307 1081
-307 1082
-308 1083
-308 1084
river 4 Shannon
-308 1090
-308 1091
-308 1092
-308 1093
-308 1094
-309 1095
-309 1096
-309 1097
-308 1097
-309 1098
-308 1097
-308 1098
-308 1099
-308 1100
-309 1101
-310 1102
-311 1102
-312 1102
-313 1103
-314 1104
-313 1104
-314 1105
-315 1105
-316 1106
-317 1107
-317 1108
-318 1108
-319 1109
-320 1110
-321 1111
-322 1112
-323 1113
-324 1114
-325 1115
-325 1116
-326 1116
river 4 Shannon
-339 1149
-338 1149
-339 1150
-339 1151
-339 1152
-340 1153
-339 1153
-340 1154
-340 1155
-340 1156
-341 1157
-341 1158
-342 1159
-342 1160
-343 1161
-344 1162
-345 1163
-346 1164
-347 1165
-348 1165
-349 1166
-350 1167
-351 1167
-352 1168
-353 1169
-354 1170
-355 1171
-356 1172
-357 1173
-358 1174
-358 1175
-359 1176
-359 1177
-359 1178
-359 1179
-358 1179
-358 1180
-357 1180
-357 1181
-357 1182
-356 1182
-357 1183
-357 1184
-358 1185
-358 1186
-359 1187
-360 1187
-361 1188
-362 1188
-363 1189
-364 1189
-365 1190
-366 1190
-367 1191
-368 1191
-369 1192
-370 1192
-370 1193
-371 1193
-372 1193
-373 1194
-374 1194
-375 1195
-376 1195
-376 1196
-377 1196
-377 1197
-378 1197
-378 1198
-379 1198
-379 1199
-380 1200
-381 1201
-382 1202
-383 1203
-384 1204
-385 1205
-386 1206
river 4 Shannon
-425 1246
-426 1247
-426 1248
-426 1249
-427 1250
-428 1251
-429 1252
-429 1253
-430 1253
-430 1254
-431 1254
-432 1255
-433 1256
-434 1256
-435 1257
-436 1258
-436 1259
-437 1260
-436 1260
-437 1261
-438 1262
-439 1263
-440 1263
-441 1264
-442 1264
-442 1265
-443 1266
-444 1267
-445 1267
-446 1268
-447 1268
-448 1268
-449 1268
-448 1267
-449 1267
-450 1267
-450 1268
-451 1269
-452 1270
-453 1270
-454 1271
-455 1271
-456 1271
-456 1270
-456 1269
-456 1268
-457 1268
-458 1268
-459 1268
river 4 Ness
197 587
198 586
199 585
200 585
200 584
201 584
202 583
203 582
204 582
204 581
205 581
206 580
207 579
208 578
209 578
209 577
210 577
211 576
212 575
213 574
214 574
215 573
216 572
217 572
217 571
218 571
219 570
220 569
221 568
222 567
223 566
224 565
225 564
226 563
227 562
228 562
228 561
229 561
230 560
231 559
232 558
233 557
234 556
235 555
236 555
237 554
238 553
239 552
240 551
241 550
242 549
river 4 Ness
242 549
243 548
244 547
245 547
245 546
246 546
246 545
247 545
248 544
249 543
250 542
251 542
252 541
253 540
254 539
255 539
255 538
256 538
257 537
257 536
258 535
258 534
river 4 Oich
175 607
174 608
173 609
172 609
171 610
170 611
169 612
168 613
167 614
166 615
165 615
164 616
163 616
163 617
162 617
161 618
160 619
159 619
158 620
river 4 Oich
197 587
196 587
195 588
194 588
194 589
193 589
192 590
192 591
191 591
191 592
190 592
190 593
189 594
188 595
187 596
186 597
185 598
184 598
183 599
182 600
181 601
180 602
179 603
178 604
177 605
176 606
175 607
river 4 Trent
79 1212
79 1213
78 1214
77 1215
76 1216
75 1217
74 1218
74 1219
73 1220
72 1221
72 1222
72 1223
72 1224
71 1225
72 1225
71 1226
71 1227
71 1228
71 1229
71 1230
71 1231
71 1232
72 1232
72 1233
72 1234
72 1235
73 1235
72 1236
73 1236
73 1237
74 1237
74 1238
74 1239
75 1239
75 1240
75 1241
75 1242
75 1243
75 1244
75 1245
75 1246
75 1247
76 1247
76 1248
76 1249
77 1249
77 1250
78 1250
78 1251
78 1252
79 1252
79 1253
80 1253
80 1254
81 1254
82 1254
83 1254
84 1254
85 1254
86 1254
87 1254
88 1254
89 1254
89 1255
90 1255
91 1255
91 1256
92 1255
93 1255
94 1254
95 1253
96 1252
97 1251
98 1251
99 1250
100 1249
101 1248
102 1248
102 1247
103 1247
104 1246
105 1245
106 1244
107 1243
108 1242
109 1241
110 1241
110 1240
111 1240
112 1239
113 1239
114 1238
115 1238
116 1238
117 1238
118 1238
119 1238
119 1239
120 1238
120 1239
121 1239
122 1239
123 1239
124 1239
125 1239
126 1239
127 1239
128 1238
129 1238
130 1237
131 1237
132 1236
133 1236
134 1235
135 1234
136 1234
137 1234
138 1234
139 1234
139 1233
140 1233
141 1232
142 1232
143 1231
144 1230
145 1229
146 1229
147 1228
148 1227
149 1226
150 1226
151 1225
152 1224
153 1223
154 1223
155 1223
156 1222
157 1222
158 1222
158 1223
159 1222
159 1223
160 1223
161 1222
162 1222
162 1221
163 1221
163 1220
164 1219
165 1218
166 1218
167 1218
168 1217
169 1217
169 1216
170 1216
171 1215
172 1214
173 1213
174 1212
175 1212
176 1211
177 1210
178 1209
179 1209
179 1208
180 1208
181 1207
182 1207
183 1206
184 1205
185 1205
186 1204
187 1203
188 1203
188 1202
189 1202
189 1201
190 1201
190 1200
191 1200
191 1199
192 1199
192 1198
193 1197
194 1196
194 1195
195 1194
196 1193
196 1192
197 1191
197 1190
198 1189
199 1188
199 1187
200 1186
200 1185
201 1184
202 1183
202 1182
203 1181
203 1180
204 1179
204 1178
205 1178
205 1177
206 1176
206 1175
207 1174
208 1173
209 1172
210 1171
210 1170
211 1169
211 1168
212 1167
212 1166
212 1165
212 1164
213 1163
213 1162
212 1162
212 1161
213 1160
214 1159
214 1158
215 1157
215 1156
215 1155
215 1154
215 1153
215 1152
216 1151
216 1150
217 1149
218 1148
218 1147
219 1147
219 1146
220 1145
221 1144
222 1143
223 1142
224 1141
225 1140
226 1139
226 1138
227 1137
228 1136
228 1135
229 1135
229 1134
230 1133
230 1132
231 1131
231 1130
232 1129
232 1128
233 1127
234 1126
234 1125
235 1124
235 1123
236 1122
236 1121
237 1120
237 1119
238 1119
238 1118
239 1117
239 1116
240 1115
241 1114
242 1113
river 4 Severn
-78 1290
-77 1290
-76 1290
-76 1291
-75 1291
-75 1292
-75 1293
-76 1294
-75 1294
-76 1295
-75 1295
-75 1296
-75 1297
-74 1297
-74 1298
-74 1299
-73 1299
-72 1299
-72 1300
-71 1299
-71 1300
-70 1300
-70 1301
-70 1302
-69 1301
-68 1301
-67 1301
-66 1301
-65 1300
-64 1300
-63 1299
-62 1298
-62 1297
-61 1296
-60 1295
-60 1294
-59 1294
-59 1293
-58 1292
-57 1291
-56 1291
-55 1290
-54 1290
-53 1290
-52 1290
-51 1290
-50 1290
-49 1290
-48 1290
-47 1290
-46 1290
-45 1290
-44 1289
-43 1289
-42 1288
-41 1288
-41 1287
-40 1287
-39 1286
-38 1285
-37 1284
-36 1283
-35 1282
-34 1281
-33 1280
-32 1279
-31 1278
-30 1277
-29 1276
-28 1275
-27 1274
-27 1273
-26 1273
-26 1272
-25 1271
-24 1270
-23 1269
-22 1268
-21 1267
-21 1266
-20 1266
-20 1265
-19 1265
-19 1264
-18 1263
-17 1262
-16 1261
-15 1260
-14 1259
-13 1258
-12 1257
-11 1257
-10 1256
-10 1257
-9 1257
-8 1257
-7 1257
-6 1257
-6 1258
-5 1257
-5 1258
-4 1257
-4 1258
-3 1257
-3 1258
-2 1257
-2 1258
-1 1258
-1 1259
0 1259
1 1259
2 1259
3 1259
4 1258
4 1259
5 1258
6 1258
7 1257
8 1257
8 1258
7 1259
7 1260
7 1261
8 1261
9 1260
9 1261
10 1260
11 1260
11 1261
12 1261
11 1262
11 1263
11 1264
11 1265
11 1266
11 1267
12 1267
11 1268
12 1268
11 1269
12 1269
12 1270
12 1271
12 1272
13 1272
13 1273
14 1273
14 1274
15 1274
16 1273
17 1273
18 1273
19 1272
19 1273
20 1272
21 1272
22 1272
23 1272
24 1272
24 1273
25 1273
25 1274
25 1275
24 1276
25 1276
24 1277
24 1278
24 1279
23 1280
23 1281
23 1282
22 1283
23 1283
22 1284
22 1285
21 1286
21 1287
20 1288
20 1289
19 1290
19 1291
19 1292
19 1293
19 1294
18 1295
18 1296
18 1297
18 1298
18 1299
18 1300
17 1301
18 1301
17 1302
17 1303
17 1304
17 1305
17 1306
17 1307
17 1308
16 1309
17 1309
16 1310
17 1310
17 1311
17 1312
17 1313
17 1314
17 1315
17 1316
17 1317
17 1318
17 1319
17 1320
16 1321
17 1321
16 1322
16 1323
15 1324
15 1325
14 1326
14 1327
14 1328
13 1329
13 1330
13 1331
13 1332
12 1333
13 1333
12 1334
12 1335
11 1336
11 1337
10 1338
10 1339
10 1340
9 1341
9 1342
9 1343
8 1344
8 1345
7 1346
7 1347
6 1348
6 1349
5 1350
4 1351
4 1352
3 1353
3 1354
3 1355
2 1356
2 1357
2 1358
2 1359
1 1360
2 1360
1 1361
1 1362
1 1363
1 1364
0 1365
1 1365
0 1366
0 1367
0 1368
0 1369
0 1370
0 1371
0 1372
-1 1373
-2 1374
-3 1375
-4 1376
-5 1377
-6 1378
-7 1379
-8 1380
-9 1381
-10 1381
-11 1382
-12 1383
-13 1384
-14 1384
-14 1385
-15 1385
-15 1386
-15 1387
-16 1388
-16 1389
-17 1390
-18 1391
-19 1392
-20 1393
-21 1393
-21 1394
-22 1394
-23 1394
-24 1394
-25 1394
-26 1395
-27 1396
-27 1397
-28 1398
-29 1399
-30 1400
-31 1401
-32 1402
-33 1402
-33 1403
-34 1404
river 4 Caledonian Canal
158 620
157 621
156 622
155 623
154 623
153 624
152 625
151 625
150 626
149 627
148 628
147 628
147 629
146 629
145 630
144 631
143 632
142 633
141 633
141 634
140 634
139 635
138 636
river 2 Annalee
-204 1057
-205 1057
-206 1058
-207 1058
-208 1058
-209 1058
-210 1058
-211 1058
-212 1058
-212 1057
-213 1058
-214 1058
-215 1058
-216 1059
-217 1059
-218 1059
-219 1059
-220 1059
-220 1058
-221 1058
-222 1058
-223 1058
-223 1057
-224 1057
-225 1057
-225 1056
-226 1057
-226 1056
-227 1056
-228 1056
-229 1056
-230 1056
-231 1056
-232 1056
-233 1056
-233 1055
-234 1055
-235 1056
-236 1056
-237 1057
-237 1056
-238 1057
-239 1057
-240 1057
-241 1057
-242 1057
-243 1057
-243 1056
-244 1057
-244 1056
-245 1057
-246 1057
-247 1057
-248 1058
-249 1058
-249 1057
-250 1057
-250 1056
-250 1055
-250 1054
-249 1053
-250 1053
-249 1052
-250 1052
-250 1051
-250 1050
-249 1049
-248 1048
-247 1047
-247 1046
-246 1045
-247 1045
-246 1044
-247 1044
-246 1043
-247 1043
river 2 Annalee
-244 1024
-244 1023
-244 1022
-243 1021
-243 1020
-244 1020
-243 1019
-244 1019
-244 1018
-245 1019
-245 1018
-246 1018
-247 1018
-247 1017
-247 1016
-247 1015
-246 1014
-247 1014
-246 1013
-246 1012
-246 1011
-245 1010
-245 1009
river 2 Annalee
-265 993
-265 992
-266 992
-267 992
-268 992
-268 991
-269 992
-269 991
-270 991
-271 991
-271 990
-272 990
-273 990
-274 990
-274 989
-275 990
-275 989
-276 990
-276 989
-277 990
-277 989
-278 989
river 2 Great Ouse
73 1376
74 1376
75 1376
76 1376
77 1375
77 1376
78 1375
78 1376
79 1376
80 1376
80 1377
81 1376
81 1377
82 1377
82 1378
83 1378
84 1378
85 1378
86 1378
87 1377
88 1377
89 1376
90 1375
91 1374
92 1373
93 1372
94 1371
95 1370
96 1369
97 1368
98 1368
98 1367
99 1367
100 1366
101 1365
102 1364
103 1364
104 1363
105 1362
106 1361
107 1360
108 1360
108 1359
109 1359
110 1359
111 1358
112 1358
113 1357
114 1357
115 1356
116 1355
117 1354
118 1353
119 1352
120 1351
120 1350
121 1350
121 1349
122 1349
123 1348
124 1347
125 1346
126 1346
127 1345
128 1345
129 1345
130 1345
131 1345
132 1344
133 1343
134 1342
135 1341
135 1340
136 1340
137 1339
138 1338
139 1338
140 1337
141 1337
142 1337
142 1338
143 1338
143 1339
143 1340
142 1341
141 1342
141 1343
140 1344
140 1345
139 1346
139 1347
139 1348
139 1349
139 1350
140 1349
140 1350
141 1350
142 1349
143 1349
144 1349
145 1349
146 1349
147 1348
148 1348
148 1347
148 1348
149 1347
150 1347
151 1347
152 1346
152 1347
153 1346
154 1346
155 1345
156 1345
157 1344
158 1343
159 1342
160 1341
161 1340
162 1339
163 1338
163 1337
164 1337
164 1336
165 1335
166 1334
166 1333
167 1332
168 1332
168 1331
169 1331
170 1330
171 1329
171 1328
172 1328
172 1327
173 1326
174 1325
175 1324
176 1323
177 1322
178 1321
179 1320
180 1319
181 1319
182 1319
183 1318
183 1319
184 1318
184 1319
185 1318
185 1319
186 1319
187 1319
187 1320
188 1320
188 1321
189 1321
190 1321
191 1320
192 1320
193 1319
194 1318
195 1317
196 1317
197 1316
198 1315
199 1315
199 1314
200 1314
201 1313
202 1312
203 1311
204 1310
205 1309
206 1309
207 1308
208 1307
209 1306
210 1305
211 1304
212 1304
213 1303
214 1302
215 1301
216 1300
217 1300
217 1299
218 1299
218 1298
219 1298
220 1297
221 1296
222 1295
223 1294
224 1293
225 1292
226 1292
226 1291
227 1291
228 1290
229 1289
230 1288
231 1287
232 1286
233 1285
234 1285
234 1284
235 1284
236 1283
237 1282
238 1281
239 1280
240 1279
241 1278
242 1277
243 1276
244 1275
245 1274
245 1273
246 1272
246 1271
247 1270
247 1269
247 1268
248 1267
249 1266
249 1265
250 1264
250 1263
251 1262
251 1261
252 1260
252 1259
253 1258
254 1257
255 1256
255 1255
256 1254
257 1253
river 2 Tweed
160 846
160 845
160 844
161 843
161 842
162 841
163 840
164 839
165 839
165 838
166 838
167 837
168 836
169 835
170 835
170 834
171 834
171 833
172 833
172 832
173 831
174 830
175 829
175 828
176 828
176 827
177 827
177 826
178 825
179 824
180 823
181 822
181 821
182 821
183 820
184 820
185 819
186 819
187 818
188 818
189 817
190 816
191 816
191 815
192 815
193 814
194 814
195 813
196 813
196 814
197 813
198 813
199 813
199 814
200 813
200 814
201 813
201 814
202 814
203 814
203 815
204 815
205 815
205 816
206 816
206 817
207 817
207 818
208 818
209 818
210 818
211 818
212 818
213 817
213 818
214 817
214 818
215 818
216 818
216 819
217 818
217 819
218 819
218 820
219 820
219 821
220 821
220 822
220 823
221 823
221 824
222 823
222 824
223 823
224 823
225 822
226 822
227 821
228 821
229 820
230 820
231 820
232 820
233 820
233 821
234 821
235 821
235 822
236 822
236 823
237 823
237 824
238 824
239 824
240 824
241 824
242 824
243 824
244 824
245 824
246 823
246 824
247 823
248 823
249 822
249 823
250 822
251 822
252 821
253 821
254 821
255 821
256 820
257 819
258 819
259 818
260 817
261 817
262 816
263 816
264 815
265 815
266 815
267 815
268 815
269 815
270 815
271 815
272 815
272 814
273 814
274 813
275 812
276 811
277 810
278 809
279 808
280 807
281 807
281 806
282 806
282 805
283 804
284 803
285 803
286 802
287 801
288 801
289 800
290 800
291 799
292 798
293 797
294 796
294 795
295 794
296 793
297 792
298 792
299 791
299 792
300 791
301 791
river 2 Aire
117 1813
116 1814
115 1815
114 1815
113 1816
112 1816
111 1816
110 1817
109 1817
109 1818
108 1818
107 1819
106 1820
105 1821
104 1822
103 1823
103 1824
102 1825
101 1826
101 1827
river 2 Swale
181 998
181 999
181 1000
181 1001
182 1001
182 1002
183 1002
183 1003
184 1003
184 1004
185 1004
185 1005
185 1006
185 1007
186 1007
187 1007
188 1007
188 1008
189 1007
189 1008
190 1007
190 1008
191 1007
191 1008
192 1007
192 1008
193 1007
194 1007
195 1007
196 1007
197 1006
197 1007
198 1006
199 1006
199 1007
200 1006
200 1007
201 1006
201 1007
202 1007
203 1007
204 1007
205 1007
206 1006
207 1006
208 1005
209 1005
209 1004
210 1004
211 1003
212 1003
213 1003
214 1003
215 1003
216 1003
217 1003
218 1003
218 1004
219 1003
219 1004
220 1004
221 1004
222 1004
222 1005
223 1005
224 1005
224 1006
224 1007
225 1007
225 1008
225 1009
226 1008
226 1009
227 1009
227 1010
228 1010
228 1011
228 1012
228 1013
228 1014
228 1015
228 1016
228 1017
227 1018
228 1018
227 1019
227 1020
228 1020
227 1021
228 1021
228 1022
228 1023
228 1024
228 1025
228 1026
228 1027
227 1028
227 1029
226 1030
226 1031
226 1032
225 1033
225 1034
225 1035
225 1036
226 1036
226 1037
227 1037
227 1038
227 1039
228 1039
228 1040
228 1041
228 1042
228 1043
227 1044
228 1044
227 1045
227 1046
226 1047
227 1047
226 1048
226 1049
225 1050
225 1051
225 1052
225 1053
225 1054
225 1055
225 1056
225 1057
226 1057
225 1058
226 1058
226 1059
227 1059
228 1059
228 1060
228 1061
229 1061
229 1062
229 1063
229 1064
230 1064
230 1065
230 1066
231 1066
231 1067
231 1068
231 1069
232 1069
231 1070
232 1070
232 1071
232 1072
231 1073
231 1074
231 1075
230 1076
230 1077
229 1078
229 1079
228 1080
227 1081
227 1082
226 1083
225 1084
224 1085
224 1086
223 1087
224 1087
223 1088
223 1089
224 1089
223 1090
224 1090
224 1091
224 1092
224 1093
225 1093
224 1094
224 1095
224 1096
223 1097
224 1097
224 1098
225 1098
225 1099
225 1100
226 1100
226 1101
226 1102
227 1102
227 1103
227 1104
228 1104
228 1105
229 1105
229 1106
230 1105
230 1106
231 1106
231 1107
232 1107
232 1108
232 1109
232 1110
232 1111
233 1111
234 1110
235 1110
236 1110
237 1110
238 1110
238 1111
239 1110
239 1111
240 1111
241 1111
river 2 Shannon
-367 1082
-366 1082
-365 1082
-365 1083
-364 1083
-364 1084
-364 1085
-363 1085
-362 1085
-362 1086
-361 1086
-361 1087
-360 1087
-360 1088
-359 1088
-358 1087
-357 1086
-356 1085
-355 1084
-354 1084
-353 1083
-352 1082
-351 1081
-350 1080
-349 1079
-348 1078
-347 1078
-346 1077
-345 1077
-344 1077
-343 1076
-342 1076
-341 1076
-340 1075
-339 1075
-339 1074
-338 1074
-338 1073
-337 1073
-337 1072
-336 1072
-335 1071
-334 1071
-333 1070
-333 1071
-332 1070
-331 1070
-330 1070
-329 1069
-329 1070
-328 1069
-327 1069
-326 1069
-325 1068
-324 1068
-323 1067
-322 1067
-321 1066
-320 1066
-319 1065
-318 1065
-317 1065
-316 1065
-316 1066
-315 1066
-315 1067
-314 1067
-315 1068
-314 1068
-314 1069
-313 1069
-313 1070
-313 1071
-312 1071
-312 1072
-312 1073
river 2 Suir
-374 1237
-373 1237
-372 1237
-372 1238
-371 1238
-372 1239
-371 1239
-372 1240
-372 1241
-373 1242
-374 1243
-374 1244
-375 1245
-376 1246
-376 1247
-377 1248
-378 1249
-378 1250
-379 1251
-379 1252
-380 1253
-381 1254
-381 1255
-382 1256
-382 1257
-382 1258
-383 1259
-382 1259
-383 1260
-383 1261
-383 1262
-384 1263
-384 1264
-385 1265
-386 1266
-386 1267
-387 1267
-388 1268
-389 1269
-390 1269
-391 1270
-392 1271
-393 1271
-393 1272
-394 1272
-395 1273
-396 1274
-396 1275
-397 1275
-397 1276
-398 1276
-398 1277
-399 1278
-400 1279
-401 1280
-401 1281
-402 1281
-402 1282
-403 1283
-404 1284
-405 1285
-405 1286
-406 1287
-407 1288
-408 1289
-409 1290
-410 1291
-411 1291
-411 1292
-412 1292
-413 1293
-413 1294
-414 1294
-414 1295
-414 1296
-415 1297
-415 1298
-415 1299
-415 1300
-415 1301
-415 1302
-415 1303
-416 1304
-415 1304
-416 1305
-415 1305
-416 1306
-415 1306
-416 1307
-415 1307
-416 1308
-416 1309
-416 1310
-417 1311
-417 1312
-418 1313
-418 1314
-418 1315
-419 1316
-418 1316
-419 1317
-418 1317
-419 1318
-419 1319
-419 1320
-419 1321
-418 1321
-418 1322
-418 1323
-418 1324
-417 1324
-416 1324
-416 1325
-415 1325
-414 1324
-414 1325
-413 1324
-413 1323
-412 1322
-412 1321
-411 1320
-410 1319
-409 1318
-408 1318
-407 1318
-406 1318
-405 1318
-404 1317
-404 1318
-403 1317
-402 1317
-401 1317
-400 1317
-399 1316
-399 1317
-398 1316
-397 1316
-396 1316
-395 1316
-394 1316
-393 1315
-393 1316
-392 1316
-391 1316
-390 1316
-389 1316
-388 1316
-388 1317
-387 1317
-387 1318
-386 1317
-386 1318
-385 1318
-384 1318
-383 1318
-382 1318
-382 1319
-381 1318
-381 1319
-380 1319
-379 1319
-378 1319
-377 1319
-377 1320
-377 1321
-376 1321
-376 1322
-375 1322
-376 1323
-375 1323
-375 1324
-375 1325
-375 1326
-375 1327
-375 1328
-374 1328
-375 1329
-374 1329
-374 1330
-374 1331
-373 1331
-373 1332
-373 1333
-372 1332
-372 1333
-371 1332
-370 1331
-369 1330
-368 1329
-367 1329
-366 1329
-365 1329
-365 1330
-364 1330
-364 1331
-364 1332
-363 1332
-362 1332
-361 1332
-360 1332
-359 1332
-358 1331
-357 1331
-356 1330
-355 1329
-354 1329
-354 1330
river 2 Blackwater
-213 1003
-212 1003
-211 1002
-210 1002
-209 1002
-208 1001
-207 1001
-206 1001
-205 1001
-204 1000
-204 1001
-203 1000
-202 1000
-201 1000
-200 999
-199 999
-198 999
-197 999
-196 999
-195 999
-195 1000
-194 1000
-193 1000
-193 1001
-192 1000
-192 1001
-191 1001
-191 1002
-190 1002
-190 1003
-189 1003
-189 1004
-188 1004
-188 1005
-188 1006
-187 1006
-187 1007
-187 1008
-187 1009
-187 1010
-187 1011
-187 1012
-186 1012
-185 1012
-184 1012
-183 1012
-182 1011
-181 1010
-180 1009
-179 1008
-178 1007
-178 1006
-177 1005
-177 1004
-176 1004
-176 1003
-175 1003
-174 1003
-173 1003
-173 1004
-172 1004
-171 1004
-170 1004
-169 1004
-169 1003
-168 1002
-167 1001
-166 1000
-166 999
-165 998
-164 997
-163 997
-162 996
-161 995
-160 994
-160 993
-159 993
-159 992
-158 992
-158 991
-157 991
-157 990
-156 990
-156 989
-155 989
-155 988
-154 988
-153 987
-152 987
-152 988
-151 988
-150 987
river 2 Blackwater
-125 952
-124 951
-124 950
-123 949
-123 948
-123 947
-123 946
-122 945
-122 944
-121 944
-121 943
-120 942
-119 941
-119 940
-118 939
-118 938
-118 937
-117 936
-118 936
-117 935
-116 934
-116 933
-116 932
-116 931
-115 930
-115 929
-116 929
-115 928
-116 928
-115 927
-114 926
-114 925
-113 924
-113 923
-113 922
-114 922
-114 921
-115 921
-115 920
-114 919
-114 918
-113 917
-114 917
-114 916
-114 915
-114 914
-114 913
-114 912
-113 911
-113 910
-112 909
-111 908
-111 907
-111 906
-110 905
-111 905
-110 904
-111 904
-110 903
-111 903
-110 902
-111 902
-110 901
-110 900
-110 899
-110 898
-110 897
-110 896
-110 895
-111 895
-110 894
-111 894
-110 893
-110 892
-110 891
-110 890
-110 889
-111 889
-111 888
-112 888
-113 888
-113 887
-114 887
river 2 Tay
149 668
150 667
151 667
152 666
153 666
154 666
155 665
156 665
157 664
158 664
159 663
160 663
161 662
162 661
163 661
164 660
165 659
166 659
167 658
168 657
169 657
170 657
171 657
172 657
173 657
174 657
175 657
176 657
177 657
178 656
178 657
179 656
180 656
181 656
182 656
river 2 Tay
201 654
202 654
203 654
204 654
205 653
206 653
207 653
208 653
209 653
210 652
211 652
212 652
213 652
214 652
215 652
216 651
216 652
217 651
217 652
218 651
218 652
219 651
219 652
220 651
220 652
221 651
221 652
222 651
223 651
224 651
225 651
226 651
227 651
228 651
229 651
230 650
230 651
231 650
232 650
233 650
234 650
234 651
235 651
236 651
237 651
237 652
238 652
238 653
239 653
239 654
239 655
240 655
240 656
240 657
240 658
240 659
241 659
240 660
241 660
240 661
241 661
240 662
241 662
240 663
240 664
240 665
240 666
240 667
239 668
239 669
239 670
239 671
240 671
240 672
240 673
241 673
241 674
241 675
242 675
242 676
243 676
243 677
244 676
244 677
245 677
245 678
246 678
247 678
248 678
248 679
249 678
250 678
251 678
251 679
251 680
250 680
250 681
249 682
248 683
247 683
247 684
246 684
245 685
244 686
243 687
242 688
241 689
240 690
240 691
239 692
239 693
238 694
238 695
238 696
238 697
238 698
238 699
237 700
238 700
237 701
238 701
238 702
239 702
240 702
241 702
241 703
242 703
241 704
242 704
242 705
243 705
river 2 Annalee
-246 1042
-247 1042
-246 1041
-246 1040
-246 1039
-246 1038
-246 1037
-245 1036
-246 1036
-245 1035
-245 1034
-246 1034
-245 1033
-246 1033
-245 1032
-246 1032
-246 1031
-246 1030
-246 1029
-246 1028
-245 1027
-246 1027
-245 1026
-245 1025
-244 1024
river 2 Blackwater
-150 987
-149 987
-148 986
-147 985
-146 985
-146 984
-145 984
-144 983
-143 983
-142 982
-141 982
-140 981
-139 981
-138 980
-137 980
-136 979
-135 979
-135 978
-134 977
-134 976
-133 975
-133 974
-132 973
-131 972
-131 971
-130 970
-129 969
-129 968
-128 967
-128 966
-128 965
-128 964
-128 963
-129 963
-128 962
-129 962
-129 961
-129 960
-129 959
-130 959
-130 958
-129 957
-129 956
-128 955
-127 954
-126 953
river 2 Annalee
-245 1009
-245 1008
-244 1007
-245 1007
-244 1006
-244 1005
-244 1004
-244 1003
-244 1002
-244 1001
-244 1000
-245 1000
-244 999
-245 999
-245 998
-245 997
-245 996
-246 996
-246 995
-247 995
-246 994
-247 994
-247 993
-248 993
-248 992
-249 992
-249 991
-250 991
-251 991
-251 990
-252 991
-253 991
-254 991
-255 991
-256 991
-257 991
-258 991
-259 992
-260 992
-261 992
-262 992
-263 992
-264 993
-265 993
river 2 Tay
182 656
183 656
184 655
185 655
186 655
187 655
188 655
189 655
190 655
191 655
192 655
193 654
193 655
194 654
195 654
196 654
197 654
198 654
199 654
200 654
201 654
river 1 Wye
-51 1397
-51 1398
-52 1399
-53 1400
-54 1401
-55 1402
-56 1403
-57 1404
-57 1405
-58 1406
-58 1407
-58 1408
-58 1409
-59 1410
-60 1411
-61 1412
-61 1413
-62 1414
-62 1415
-62 1416
-62 1417
-63 1418
-63 1419
-63 1420
-64 1421
-65 1421
-66 1422
-66 1423
-66 1424
-67 1425
-67 1426
-67 1427
-68 1428
river 1 Wye
-61 1303
-60 1303
-60 1304
-60 1305
-60 1306
-60 1307
-60 1308
-60 1309
-60 1310
-61 1311
-60 1311
-61 1312
-61 1313
-61 1314
-62 1315
-62 1316
-62 1317
-63 1318
-63 1319
-64 1320
-64 1321
-65 1322
-64 1322
-65 1323
-65 1324
-66 1325
-66 1326
-67 1327
-67 1328
-68 1329
-69 1330
-70 1331
-71 1332
-71 1331
-71 1330
-72 1330
-73 1330
-74 1331
-75 1332
-76 1332
-76 1333
-77 1333
-78 1334
-79 1335
-80 1336
-81 1337
-81 1338
-82 1338
-82 1339
-83 1339
-83 1340
-84 1341
-84 1342
-84 1343
-84 1344
-84 1345
-83 1345
-83 1346
-82 1346
-82 1347
-82 1348
-82 1349
-82 1350
-83 1351
-83 1352
-83 1353
-83 1354
-83 1355
-83 1356
-83 1357
-82 1357
-82 1358
-82 1359
-82 1360
-82 1361
-81 1361
-82 1362
-81 1362
-81 1363
-80 1363
-80 1364
-79 1363
-78 1363
-77 1362
-76 1362
-75 1361
-74 1360
-73 1360
-72 1359
-71 1358
-70 1358
-69 1357
-68 1357
-67 1356
-66 1355
-65 1354
-65 1353
-64 1353
-64 1352
-63 1352
-62 1351
-61 1351
-60 1351
-60 1352
-59 1352
-58 1352
-58 1353
-57 1353
-56 1353
-55 1353
-55 1354
-54 1354
-54 1355
-53 1355
-52 1355
-52 1356
-51 1356
-50 1356
-50 1357
-49 1357
-48 1357
-47 1357
-47 1358
-46 1358
-46 1359
-45 1359
-44 1359
-44 1360
-44 1361
-43 1361
-43 1362
-42 1361
-42 1362
-41 1361
-41 1362
-40 1361
-40 1362
-39 1362
-38 1361
-38 1362
-37 1362
-36 1362
-36 1363
-35 1363
-35 1364
-34 1364
-35 1365
-34 1365
-34 1366
-34 1367
-34 1368
-35 1369
-35 1370
-35 1371
-36 1372
-37 1373
-38 1373
-39 1374
-40 1375
-40 1376
-40 1377
-39 1377
-39 1378
-39 1379
-38 1379
-39 1380
-39 1381
-40 1382
-41 1383
-41 1384
-42 1385
-43 1386
-43 1387
-44 1388
-44 1389
-44 1390
-45 1391
-45 1392
-46 1393
-47 1394
-47 1395
-47 1394
-47 1393
-47 1392
-48 1393
-49 1394
-49 1395
-50 1396
-50 1397
-51 1397
river 1 Eure
48 1827
49 1826
48 1826
48 1825
48 1824
48 1823
48 1822
48 1821
48 1820
48 1819
48 1818
48 1817
47 1817
47 1816
47 1815
47 1814
46 1814
47 1813
46 1813
46 1812
46 1811
45 1811
45 1810
44 1810
44 1809
44 1808
43 1808
43 1807
43 1806
44 1805
44 1804
44 1803
45 1802
45 1801
45 1800
46 1799
46 1798
46 1797
46 1796
47 1795
47 1794
48 1793
49 1792
50 1791
50 1790
51 1790
51 1789
52 1789
52 1788
53 1788
53 1787
54 1787
54 1786
55 1785
56 1784
56 1783
56 1782
57 1781
57 1780
river 1 Barrow
-323 1193
-322 1192
-321 1191
-320 1190
-319 1190
-318 1189
-318 1190
-317 1190
-316 1190
-316 1191
-315 1191
-316 1192
-315 1192
-315 1193
-315 1194
-314 1194
-314 1195
-313 1195
-314 1196
-313 1196
-312 1196
-311 1196
-312 1197
-311 1197
-311 1198
-310 1197
-310 1198
-309 1197
-309 1198
-308 1197
-307 1197
-306 1197
-305 1196
-304 1196
-303 1195
-302 1195
-301 1195
-300 1195
-299 1195
-298 1195
-297 1195
-296 1195
-295 1194
-294 1193
-293 1193
-292 1192
-292 1193
-291 1193
-292 1194
-292 1195
-293 1195
-294 1196
-295 1197
-296 1198
-296 1199
-296 1200
-296 1201
-296 1202
-296 1203
-296 1204
-297 1205
-296 1205
-297 1206
-297 1207
-297 1208
-298 1209
-298 1210
-298 1211
-298 1212
-298 1213
-298 1214
-298 1215
-298 1216
-298 1217
-298 1218
-298 1219
-298 1220
-298 1221
-298 1222
-299 1223
-299 1224
-300 1225
-300 1226
-300 1227
-300 1228
-300 1229
-300 1230
-300 1231
-301 1232
-300 1232
-301 1233
-301 1234
-302 1235
-302 1236
-303 1237
-304 1238
-304 1239
-304 1240
-305 1241
-305 1242
-306 1243
-307 1244
-307 1245
-308 1245
-309 1246
-310 1247
-311 1248
-311 1249
-312 1250
-312 1251
-313 1252
-313 1253
-314 1254
-315 1255
-315 1256
-316 1257
-316 1258
-317 1259
-317 1260
-318 1261
-318 1262
-319 1262
-319 1263
-320 1264
-320 1265
-321 1266
-321 1267
-322 1268
-323 1269
-323 1270
-324 1271
-324 1272
-325 1272
-324 1272
-325 1273
-325 1274
-326 1275
-325 1275
-326 1276
-325 1276
-325 1277
-325 1278
-325 1279
-324 1279
-324 1280
-324 1281
-324 1282
-325 1283
-325 1284
-326 1285
-327 1286
-327 1287
-328 1288
-329 1289
-329 1290
-330 1291
-330 1292
-331 1293
-331 1294
-332 1295
-332 1296
-332 1297
-333 1298
-333 1299
-334 1300
-334 1301
-334 1302
-335 1302
-335 1303
-336 1304
-336 1305
-337 1305
-337 1306
-338 1306
-339 1306
-340 1307
-340 1308
-341 1309
-341 1310
-342 1311
-343 1312
-343 1313
-344 1313
-344 1314
-345 1314
-346 1315
-347 1316
-348 1317
-349 1318
-349 1319
-350 1320
-350 1321
-351 1322
-352 1323
-353 1324
-353 1325
-354 1325
-354 1326
-355 1327
-354 1327
-354 1328
-353 1328
river 1 Somme
182 1683
181 1683
181 1682
181 1681
180 1681
180 1680
179 1680
179 1679
178 1679
178 1678
177 1678
177 1677
177 1676
176 1676
177 1675
176 1675
176 1674
176 1673
175 1673
176 1672
175 1672
175 1671
174 1671
174 1670
173 1670
173 1669
172 1669
172 1668
171 1668
171 1667
170 1667
170 1666
169 1666
169 1665
168 1665
168 1664
168 1663
167 1663
167 1662
167 1661
166 1661
166 1660
166 1659
166 1658
165 1658
165 1657
165 1656
164 1656
164 1655
164 1654
163 1654
163 1653
162 1653
162 1652
162 1651
161 1651
161 1650
160 1650
161 1649
160 1649
160 1648
159 1648
159 1647
159 1646
