160 148
127 127 127 127 127 127 127 127 127 127 127 127 127 127 127 125 120 6 123 127 60 124 127 127 127 127 127 -17 -1 100 0 127 127 122 127 127 127 127 127 127 112 127 127 0 127 127 127 127 127 127 127 127 127 125 127 127 127 127 127 127 0 127 127 127 127 127 127 127 127 127 127 127 127 127 127 0 110 127 127 127 127 127 127 127 108 127 127 127 127 127 127 127 127 127 127 127 127 127 127 127 127 127 127 127 127 127 127 127 127 127 127 0 127 127 127 127 127 127 127 127 127 0 127 127 127 127 127 127 127 127 0 127 127 127 127 127 127 127 123 127 127 127 127 127 127 127 123 127 127 127 127 127 -128 100 127 111 119 127 122 113
76 99 95 91 94 100 108 108 111 119 114 0 104 95 84 77 72 68 2 0 68 64 74 74 14 0 67 48 70 71 72 73 87 74 66 77 76 71 0 68 76 82 81 83 88 87 90 95 78 97 94 90 83 99 110 105 107 101 84 79 83 108 0 104 97 100 101 90 90 113 105 118 119 120 105 0 127 112 101 113 119 112 114 99 122 111 107 118 116 102 83 111 91 122 110 110 107 88 106 74 90 127 112 125 127 120 117 73 84 96 110 100 95 116 112 127 117 108 102 106 113 108 111 127 124 123 82 125 108 107 112 97 127 127 108 96 76 74 88 122 113 94 125 104 97 66 97 72 89 90 73 49 55 0 110 76 -16 62 71 49
127 97 96 90 96 105 111 107 107 114 116 113 118 105 94 84 77 68 64 0 0 0 0 66 55 0 52 68 72 68 68 71 72 74 76 70 83 0 74 90 82 78 83 97 95 84 96 101 111 95 93 97 96 104 95 102 106 122 88 49 108 107 114 89 97 105 96 96 104 91 106 112 108 123 104 117 79 127 105 119 104 116 114 118 127 112 105 120 118 122 118 110 99 97 114 88 127 99 91 89 84 97 95 113 101 108 91 104 101 108 110 104 112 117 122 120 127 125 127 122 116 120 120 0 105 117 119 114 99 108 107 110 112 120 93 101 88 101 91 127 118 93 83 125 119 62 83 77 117 72 79 94 58 64 -128 106 81 0 61 59
91 99 101 97 105 108 110 107 100 116 106 114 117 99 88 87 81 47 -1 62 0 71 61 68 68 0 68 67 68 68 70 74 74 77 88 85 79 77 0 99 0 83 0 87 77 85 116 107 101 122 96 107 0 99 107 122 116 116 127 111 104 89 110 100 101 102 101 110 102 116 94 97 113 122 113 -77 -128 -128 108 125 101 122 127 100 120 101 127 120 84 102 93 96 82 93 124 120 111 111 95 110 59 0 119 127 94 107 101 114 96 113 101 6 118 111 122 127 123 124 94 15 117 82 127 119 124 122 102 105 105 102 111 114 124 120 120 106 107 105 117 106 94 117 37 112 88 62 79 102 102 81 73 97 59 0 -128 72 105 -1 76 48
127 100 100 90 100 95 100 101 101 107 107 100 111 102 99 96 91 77 65 77 68 61 65 73 68 67 0 67 70 73 73 76 0 82 85 84 50 -128 73 68 91 110 88 83 82 0 89 110 114 127 117 120 110 123 118 107 120 95 112 127 117 113 110 106 90 119 114 102 107 107 113 107 96 107 113 -128 -128 112 -128 122 124 104 119 106 112 113 125 111 122 108 90 102 127 124 105 110 105 106 124 97 72 94 85 124 99 122 90 105 111 100 104 93 114 119 119 22 113 119 114 127 120 106 100 124 120 118 120 117 110 117 117 118 124 108 105 119 96 119 127 108 99 122 118 100 95 104 59 74 116 93 116 124 68 70 -128 -72 -65 -1 -1 0
85 100 95 89 96 100 100 101 97 100 100 106 107 110 105 85 83 67 64 68 67 68 73 72 67 68 0 68 70 73 81 95 85 83 -128 67 82 99 91 99 96 100 106 85 93 83 83 93 112 113 0 119 100 111 104 119 -50 -128 127 119 114 113 106 106 112 119 111 112 122 101 108 122 123 108 125 -20 107 123 -128 119 117 125 118 116 122 107 116 127 127 87 -120 -128 91 84 111 114 102 108 105 87 97 93 102 105 110 100 99 116 112 0 117 107 114 113 125 114 116 107 120 122 100 116 113 116 110 122 127 122 118 106 116 120 127 117 116 118 123 124 119 119 118 111 106 108 81 61 56 90 118 102 124 97 62 -128 66 85 -1 -1 -1 127
127 91 104 96 97 96 97 102 100 100 0 106 114 107 102 99 90 84 74 71 65 64 68 78 64 68 68 0 68 73 73 74 78 89 87 76 88 89 94 84 97 106 112 107 84 84 91 82 123 108 119 106 125 125 -128 114 50 37 111 127 124 120 113 100 113 110 123 123 124 118 112 101 0 123 116 127 83 113 119 127 99 119 110 113 120 113 122 127 127 96 127 -1 93 100 97 112 77 91 112 114 102 118 89 10 89 100 123 117 104 112 111 117 101 127 117 107 120 96 101 127 118 111 114 117 111 116 99 95 114 117 108 112 106 102 107 124 108 127 119 117 116 116 108 107 117 112 64 102 70 68 125 102 85 -128 65 79 0 -1 -1 -1
81 95 97 106 100 100 107 108 106 111 113 111 112 99 95 94 96 84 74 76 65 70 71 70 70 70 68 10 74 71 81 70 77 77 77 72 77 79 82 79 87 97 93 112 110 101 105 95 114 99 127 127 124 127 102 127 122 118 108 108 117 127 127 127 123 0 60 119 116 112 113 108 123 101 119 127 -128 111 81 127 111 113 71 114 119 114 116 122 125 77 -1 -128 107 15 0 81 100 89 105 97 97 93 116 108 117 124 119 96 114 106 116 125 112 118 124 111 107 113 123 113 120 120 127 114 105 101 91 106 106 106 108 97 99 100 94 111 117 119 95 120 117 111 110 73 122 70 67 62 71 97 116 62 74 123 111 116 -1 -1 -1 111
127 95 104 102 102 100 99 105 110 105 106 106 105 102 100 104 101 91 93 85 77 70 68 73 62 73 76 72 74 65 -1 72 71 77 77 90 93 59 53 88 89 87 88 106 107 105 96 97 117 94 111 122 112 118 97 0 96 107 123 111 108 116 38 100 120 111 107 124 108 112 119 124 21 118 114 127 113 116 94 125 127 108 54 100 111 119 123 124 94 127 -1 -1 95 102 127 110 101 117 108 104 106 100 0 110 112 108 118 113 105 123 91 116 102 113 112 112 114 116 116 102 107 106 107 108 106 104 107 93 97 99 99 113 99 20 97 99 99 110 127 111 99 105 106 99 0 108 77 58 61 83 108 88 127 110 127 112 62 -1 -1 -1
91 0 116 104 102 108 -54 -128 105 127 102 104 107 112 110 110 105 100 100 93 76 61 72 70 66 76 76 79 65 73 84 73 81 76 82 96 78 95 87 76 87 100 95 90 117 96 83 102 122 104 100 122 113 116 62 110 113 108 127 114 123 104 110 101 117 118 118 113 117 93 116 119 112 123 124 123 122 127 -128 119 112 102 78 127 117 114 108 118 105 -1 -1 127 102 127 90 104 110 104 87 106 113 117 99 104 102 120 118 108 113 96 102 112 99 112 123 110 113 123 0 94 49 33 24 22 95 104 99 94 93 101 90 96 90 90 100 97 104 114 107 112 127 101 96 101 113 127 96 71 41 83 72 91 119 123 125 0 56 -1 -128 -1
127 111 113 113 104 91 -75 0 106 117 105 111 110 110 118 123 127 108 105 100 94 85 72 74 65 72 77 76 0 76 72 78 83 84 83 95 94 91 84 53 91 99 89 83 99 100 82 102 113 127 124 91 100 119 99 102 111 102 118 112 113 127 89 90 88 105 96 83 116 117 101 122 127 122 124 123 118 122 89 127 127 87 32 97 110 108 120 116 114 -128 -1 -128 0 127 107 104 116 106 96 104 96 118 99 113 99 113 127 105 99 84 112 96 127 117 108 118 0 102 93 108 111 83 94 99 71 0 101 100 100 101 99 97 90 89 83 99 101 102 116 116 113 123 112 95 105 122 118 82 95 77 -128 66 101 120 105 97 47 -1 -1 -1
104 117 124 120 122 125 108 106 101 108 113 114 116 117 122 127 122 113 112 90 97 88 78 76 74 74 76 78 81 76 0 95 87 93 87 91 84 82 79 83 94 90 101 91 105 111 116 119 120 125 124 44 127 100 95 113 120 107 120 113 120 119 118 83 110 106 111 110 104 99 123 127 123 123 123 118 124 118 127 107 116 127 127 99 123 123 88 127 84 -1 -1 90 118 120 94 101 101 106 104 107 102 117 118 107 117 111 102 100 110 102 95 114 88 117 112 89 108 124 127 117 110 117 102 89 97 6 95 105 100 102 96 88 83 94 95 102 118 107 104 119 116 119 76 94 107 102 104 104 105 -128 12 83 113 99 102 101 81 -128 -1 -6
127 118 117 125 119 122 114 111 0 112 105 116 117 127 123 117 119 113 116 95 96 97 89 83 76 0 83 79 78 74 79 91 95 87 100 90 78 93 78 84 94 89 91 96 90 110 112 125 122 124 111 107 91 111 102 77 110 118 108 125 104 108 113 113 107 101 111 82 93 118 107 122 114 119 122 120 119 112 112 127 117 113 0 114 100 93 106 114 -128 -1 99 81 127 97 90 127 106 101 108 94 122 112 111 108 110 95 124 105 101 119 117 117 101 105 94 96 0 102 102 105 106 112 84 93 94 79 0 99 99 101 101 82 81 90 0 99 119 106 108 119 101 125 104 93 124 97 117 88 125 70 49 71 104 123 114 101 93 83 117 -1
125 124 122 124 114 117 112 111 111 111 89 127 122 127 114 125 122 119 123 123 107 94 87 84 73 0 78 79 66 85 81 91 97 89 84 79 83 78 62 65 65 82 95 95 113 124 105 122 127 114 108 108 118 124 105 122 101 112 113 118 119 0 104 82 94 101 88 95 110 91 105 93 110 95 125 122 125 122 -84 -3 125 120 122 97 119 116 117 -1 -1 -1 113 110 108 107 107 90 99 107 114 107 105 104 20 91 127 112 114 116 123 116 122 105 100 104 89 6 101 0 124 114 94 111 94 65 94 83 0 94 101 97 91 77 88 94 110 97 106 107 113 94 117 117 114 108 102 100 127 112 52 -128 58 111 110 119 120 106 127 -61 -1 -17
127 119 118 122 122 122 118 116 116 117 117 116 127 123 120 123 123 127 127 127 123 112 99 99 85 84 71 83 84 0 82 93 91 88 93 93 101 116 100 104 89 95 93 104 104 114 106 127 116 125 124 127 123 104 102 90 112 96 119 114 117 99 107 94 116 93 107 99 91 100 97 96 101 90 114 124 124 124 124 124 127 104 0 117 117 88 108 -1 -1 -9 116 107 118 102 106 90 106 101 113 108 112 104 105 110 108 100 127 106 122 112 114 117 116 0 123 78 112 3 89 77 101 104 85 95 119 111 94 76 81 102 90 76 87 89 89 95 123 100 112 104 112 112 116 104 104 111 104 50 52 -21 -34 111 116 91 104 127 120 100 -1 -2
127 127 127 124 118 120 122 127 124 118 122 119 120 122 117 116 122 125 0 116 125 116 105 110 93 85 81 87 91 89 0 0 91 99 104 104 106 116 107 116 83 122 101 116 127 124 127 107 119 89 82 114 118 116 124 0 85 113 113 101 84 95 87 100 99 110 82 112 94 79 93 89 114 74 113 119 124 120 122 125 127 107 117 110 120 2 -1 -1 -1 99 127 123 111 101 105 97 117 110 114 120 97 101 100 110 110 127 116 116 114 102 107 119 106 123 106 107 83 118 101 96 90 107 76 107 60 113 88 70 95 101 74 89 90 90 100 96 127 124 123 99 127 123 127 96 94 96 58 56 -31 -128 76 116 94 116 110 93 91 0 -1 -32
127 117 119 122 120 117 112 113 118 123 124 119 123 125 118 125 123 127 127 0 114 119 119 112 105 97 84 64 79 97 0 96 78 99 107 123 125 123 127 107 96 104 113 110 116 112 125 99 117 110 99 110 100 108 99 105 7 84 96 85 104 111 119 104 99 112 81 117 104 105 99 89 99 87 101 106 102 119 119 124 127 127 0 113 116 127 -1 -1 -106 119 112 108 116 108 99 111 112 113 112 110 105 116 104 124 105 123 116 120 127 124 118 120 106 106 127 100 114 108 93 83 94 90 89 0 0 101 68 97 90 88 82 78 87 95 93 0 90 89 119 100 104 0 120 106 107 89 65 53 64 62 56 104 127 114 108 114 116 76 47 -21
107 105 116 114 114 110 0 117 127 127 125 127 127 125 120 114 122 124 122 124 119 127 127 124 114 97 91 89 0 89 100 104 0 107 105 105 116 118 74 112 107 114 117 96 119 105 101 107 117 102 108 106 107 77 87 113 94 108 102 83 104 79 105 95 119 84 105 82 73 106 84 96 99 99 111 112 118 123 118 108 119 127 122 114 -1 -1 127 117 127 90 113 117 116 114 122 114 106 111 94 95 99 99 105 112 93 104 127 123 127 122 125 113 110 0 117 127 95 99 111 79 0 0 95 120 108 120 81 114 88 87 77 78 89 93 97 89 105 104 93 94 113 116 106 100 107 62 0 64 59 67 76 127 105 107 116 123 100 -128 -1 -14
127 111 106 106 111 112 110 116 117 119 127 127 127 124 108 112 116 123 112 114 123 124 119 119 118 0 97 97 88 32 87 101 102 108 106 117 127 0 114 83 97 99 114 111 106 104 127 71 85 78 105 108 83 91 112 95 111 89 114 119 102 90 104 106 91 118 110 82 100 101 58 79 88 74 94 108 112 99 111 108 127 127 0 112 -1 72 106 93 127 116 112 105 123 116 120 99 108 91 113 101 123 124 122 1 110 125 124 106 107 120 107 108 110 125 124 90 88 108 106 96 94 94 97 113 107 110 0 112 104 68 79 77 83 95 94 0 112 89 113 112 127 105 114 91 89 71 84 64 60 43 62 113 112 118 94 110 106 47 -1 -28
101 99 102 104 105 108 118 118 124 124 125 124 124 123 119 117 118 99 107 123 118 120 120 123 101 116 101 93 31 116 91 101 38 127 111 112 101 0 90 113 88 87 88 106 91 107 93 87 81 106 0 91 95 107 101 111 83 0 73 9 84 66 107 90 99 104 97 94 100 105 0 36 104 78 97 72 104 100 116 112 118 0 -2 -1 -75 127 116 90 107 127 119 104 0 123 120 89 106 105 114 111 127 106 127 111 112 127 124 101 104 113 117 101 125 117 68 81 91 101 105 91 94 96 96 88 111 91 112 105 88 70 78 0 93 84 82 82 93 101 111 105 127 99 94 84 55 56 61 -36 55 54 90 114 116 113 97 116 100 -1 -26 -25
127 106 104 99 102 107 116 125 124 123 125 122 123 114 119 122 114 95 116 104 114 120 118 125 125 124 118 117 107 111 101 127 0 118 91 110 113 114 68 87 101 107 76 105 82 76 73 110 84 101 81 94 120 114 122 113 116 114 95 96 94 0 84 112 101 87 108 89 0 111 99 105 66 0 83 105 112 124 120 107 -16 -1 0 -1 101 113 101 96 127 125 127 102 122 119 119 108 96 105 96 124 114 120 120 113 123 119 120 108 118 111 108 97 106 0 91 99 84 113 112 108 101 123 120 120 94 102 108 125 0 94 50 79 79 0 81 82 0 93 120 117 107 88 78 64 53 56 62 0 65 58 70 114 113 112 127 84 108 -7 -1 -11
99 102 102 105 107 110 125 118 124 110 114 122 122 118 113 113 117 99 97 106 112 117 113 111 114 125 127 119 116 105 107 105 111 102 24 0 94 83 0 107 82 100 113 91 97 104 102 114 85 71 114 110 100 100 102 74 104 87 125 123 122 93 117 100 120 127 104 120 67 102 113 0 -128 107 0 0 101 85 90 73 105 -61 123 102 123 101 105 119 113 106 108 104 120 107 110 118 101 113 119 101 111 107 127 112 124 97 122 90 124 112 105 118 0 108 112 87 82 111 120 114 84 104 88 105 0 0 78 127 102 91 71 41 64 64 72 0 62 71 111 93 97 74 61 56 48 0 24 82 62 66 116 99 97 125 117 127 96 -1 -34 -63
127 97 102 111 107 107 117 122 120 124 123 108 113 112 118 117 113 122 85 119 111 119 111 119 113 120 125 127 2 124 122 114 120 123 127 0 113 99 127 0 0 105 116 104 90 102 72 106 82 79 88 84 99 100 0 0 0 96 84 93 105 106 112 106 101 114 94 0 79 110 101 94 74 -128 70 110 0 101 95 93 95 83 6 112 102 107 114 110 123 120 94 117 85 84 106 88 102 113 100 99 108 101 95 127 117 127 125 106 113 89 123 107 111 110 108 120 111 112 94 85 0 125 114 104 81 94 84 95 91 124 85 81 70 83 82 72 65 13 106 107 97 70 65 53 54 31 13 0 0 70 83 108 125 108 111 112 72 -1 -20 -28
94 90 106 106 0 118 123 123 125 120 116 111 118 113 122 119 116 114 108 117 119 117 120 114 113 112 127 114 120 124 118 123 119 112 85 123 99 127 117 0 106 105 65 113 50 81 73 77 79 79 60 0 99 91 90 -1 -117 119 0 110 87 97 108 106 90 94 89 118 90 62 111 93 -121 84 99 97 95 97 93 101 110 99 90 110 119 110 122 114 102 113 114 96 111 113 101 113 107 106 107 85 104 101 114 0 123 124 122 118 119 114 127 108 120 105 78 88 112 99 94 95 85 79 90 82 83 65 78 78 93 94 95 100 106 102 101 102 100 55 0 111 68 58 61 0 9 9 7 0 65 70 114 110 107 120 118 127 -1 -30 -32 -50
127 87 89 106 127 116 123 119 127 124 120 120 125 123 124 124 113 120 117 123 118 119 123 116 122 117 112 125 122 118 122 116 122 107 95 102 87 -41 122 88 95 0 0 76 111 73 76 100 97 0 0 100 118 94 116 -4 -1 -88 119 120 116 112 91 91 85 95 108 93 66 53 82 106 -1 81 94 91 99 97 88 101 81 105 93 116 119 102 117 106 127 120 113 100 112 119 106 96 106 113 113 102 122 118 0 0 124 120 112 116 122 123 0 110 108 110 124 117 89 117 78 99 119 119 118 100 100 83 73 89 84 90 101 105 87 116 114 111 101 81 67 105 72 58 64 0 10 10 2 0 87 106 110 112 108 94 117 112 100 -1 -39 -47
95 99 100 106 116 119 119 124 127 127 123 119 125 127 124 107 123 124 119 127 124 118 123 123 118 117 110 125 112 114 116 118 116 118 120 -128 105 117 127 91 85 94 112 91 76 84 90 82 0 67 99 85 99 95 116 105 127 0 118 0 45 107 89 99 93 94 101 0 78 91 81 78 84 118 107 97 77 0 95 114 111 0 7 60 0 0 108 112 110 97 118 104 108 95 117 104 91 111 102 114 70 127 0 114 0 0 122 0 106 114 0 123 114 104 116 96 101 120 85 104 127 96 104 101 67 81 90 99 81 87 94 101 96 111 94 87 101 111 90 9 0 0 0 12 12 13 37 72 85 112 104 114 107 110 101 116 -1 -35 -46 -40
127 97 97 101 107 114 119 117 122 124 127 123 125 123 114 125 127 122 120 120 123 118 124 120 127 122 107 123 123 116 112 113 120 119 118 -128 120 100 91 107 89 111 106 0 67 93 71 71 94 97 84 120 87 64 91 96 113 113 112 110 102 110 54 21 0 54 0 0 74 110 84 88 76 97 106 110 107 95 111 0 0 102 113 95 36 125 127 124 114 116 113 79 87 0 3 100 95 105 105 113 0 118 111 119 120 123 112 0 105 124 0 0 108 108 0 0 114 111 77 102 110 95 96 94 81 0 83 67 76 82 88 87 108 106 89 66 84 104 79 42 20 30 0 15 10 26 53 10 73 79 77 118 118 120 118 94 9 -42 -49 -39
89 94 99 113 108 110 116 118 119 127 122 119 114 107 101 107 116 113 127 120 127 127 120 122 124 119 119 120 127 120 117 119 117 118 127 99 127 114 102 65 108 110 0 107 0 88 100 71 79 0 93 105 110 74 89 87 96 100 100 105 0 114 110 108 102 0 91 77 74 90 113 83 102 99 104 97 94 116 116 100 122 90 95 119 105 97 100 114 0 107 106 114 107 96 97 74 111 114 104 0 112 99 119 118 125 124 124 108 102 -1 127 123 113 113 119 107 105 87 107 78 94 111 90 82 0 48 73 84 90 73 77 100 101 113 59 79 100 6 31 27 19 0 38 12 9 47 64 68 64 61 100 93 107 105 127 100 -25 -53 -42 -44
113 93 90 0 104 106 113 116 123 123 120 113 125 -64 -1 -64 -1 -108 108 112 127 122 125 117 127 122 124 122 119 116 113 118 123 118 97 -1 123 127 107 124 0 0 108 100 48 0 91 96 90 100 101 77 87 101 101 110 0 -128 97 82 73 87 104 106 101 100 111 83 97 78 114 94 87 71 64 108 102 116 94 105 107 0 89 104 125 120 118 108 112 0 102 84 88 0 94 102 0 0 117 90 106 117 122 114 0 122 120 108 110 -1 85 120 116 117 116 47 95 85 102 102 127 90 112 84 43 22 58 62 58 62 68 70 71 96 111 112 102 93 45 14 30 10 14 15 12 37 73 0 59 97 105 112 125 114 123 84 -1 -49 -44 -46
74 83 94 96 102 107 106 114 120 125 127 45 -1 -1 -128 53 -128 -12 -128 124 127 111 119 117 117 120 127 122 117 107 111 116 127 123 127 -1 -1 114 120 0 111 79 65 94 76 0 95 68 95 88 89 97 95 97 97 111 101 120 102 94 96 101 88 89 105 87 90 97 97 99 96 90 84 81 117 106 85 90 31 112 113 83 95 120 114 99 118 93 110 78 116 93 0 0 0 97 97 114 100 119 112 118 108 114 114 117 0 111 65 113 125 112 120 100 104 110 99 101 96 95 84 106 73 49 52 52 0 68 66 61 53 50 72 76 93 101 58 73 32 20 36 38 19 18 20 22 15 88 65 77 97 111 111 127 127 -2 -51 -58 -54 -47
127 78 78 97 95 102 111 114 114 124 120 -128 -1 91 108 101 111 106 123 -36 -1 -1 127 95 104 112 113 123 123 100 88 106 110 117 125 122 108 -22 111 0 84 114 100 116 58 70 0 104 82 85 91 78 83 107 99 108 111 127 120 106 102 106 83 100 87 82 101 82 84 73 82 82 0 88 102 108 90 87 89 95 111 96 120 112 104 123 93 113 106 91 113 81 108 117 111 110 111 107 112 116 104 114 114 112 107 112 0 110 120 120 125 118 110 113 113 100 104 94 123 96 70 79 83 48 50 50 52 54 62 78 54 65 58 59 76 114 89 87 14 35 68 94 71 62 32 36 18 0 64 78 123 111 123 116 99 -1 -27 -60 -45 -44
100 93 111 97 95 90 101 91 114 124 124 -1 -128 107 113 108 107 108 112 100 89 -1 -21 -1 125 100 106 102 118 122 123 110 97 3 114 105 106 127 119 116 125 110 122 64 79 38 37 0 100 81 79 93 102 84 -128 93 111 113 107 102 88 105 104 74 93 104 94 100 64 81 107 107 102 91 99 104 96 97 81 97 107 107 117 93 119 119 95 106 93 94 89 85 101 112 104 95 112 113 110 110 114 113 122 116 113 112 119 102 116 116 119 66 102 117 108 0 102 93 107 102 101 0 73 45 45 45 42 58 56 49 52 53 55 61 99 102 106 35 0 45 73 66 81 67 25 22 27 82 84 95 0 124 99 119 -1 -39 -61 -58 -45 -51
127 106 106 107 107 101 101 101 127 106 124 127 -128 101 0 110 110 110 110 110 110 108 108 127 127 122 122 113 -128 104 116 122 96 0 0 89 116 100 99 0 104 118 99 125 105 117 100 54 43 0 78 89 71 105 77 30 -22 118 102 90 53 96 97 94 90 99 84 95 104 93 85 106 76 100 91 89 102 95 89 117 106 111 114 108 112 104 91 108 107 81 85 99 85 94 114 114 101 95 91 113 116 118 119 107 122 116 120 94 113 107 127 99 124 0 105 99 108 81 87 90 101 35 73 42 43 44 44 0 49 59 45 43 50 72 89 70 83 39 41 42 39 54 61 56 35 20 19 61 102 89 110 110 100 124 -128 -37 -54 -65 -50 -28
102 110 105 108 108 104 100 101 107 125 127 -128 127 108 110 110 111 110 111 111 120 110 107 127 105 127 118 127 61 -112 112 127 85 107 76 78 8 0 0 84 79 113 -1 101 116 91 100 62 66 0 104 85 91 -128 105 96 106 110 106 91 93 94 79 76 72 0 82 88 71 76 82 95 101 84 78 90 108 106 105 96 101 113 111 110 91 111 106 110 74 105 105 106 117 119 110 113 95 112 106 110 118 124 119 117 0 118 97 112 120 0 79 111 116 102 82 68 73 54 72 113 97 59 49 9 44 43 45 50 49 60 45 43 49 47 62 45 33 54 43 99 70 113 87 50 0 0 0 70 3 77 119 110 120 104 -9 -47 -72 -68 -40 -68
127 89 110 107 108 110 107 105 106 106 125 116 102 112 0 116 107 112 112 111 114 120 117 117 123 127 123 118 125 -1 -7 122 104 110 118 113 81 43 82 64 68 102 95 124 116 117 104 81 65 68 81 77 90 94 110 78 112 111 105 105 100 96 107 74 89 88 88 82 82 76 91 81 99 77 88 87 99 113 97 85 106 114 83 116 114 85 94 93 97 89 102 84 94 89 90 105 111 116 104 120 116 110 114 113 117 123 119 123 124 120 122 120 124 119 114 119 71 85 105 117 99 110 65 61 26 41 44 52 44 42 49 41 47 41 32 49 37 54 122 83 81 85 54 0 -128 -1 -128 74 72 118 118 105 93 97 -1 -36 -50 -79 -73 -63
125 114 120 114 114 116 116 112 110 111 127 127 114 118 111 110 112 123 116 117 117 124 119 127 127 123 116 95 119 -1 123 81 113 119 114 42 60 67 68 111 81 99 108 117 114 108 106 0 2 36 87 85 74 106 108 85 108 108 110 100 106 110 84 105 84 93 85 85 73 78 82 110 99 76 100 106 105 111 108 113 112 114 84 100 96 107 107 104 95 96 110 100 110 96 106 101 108 114 102 110 105 101 116 114 112 120 112 124 124 123 123 123 114 101 111 127 76 91 89 94 114 85 58 36 33 49 42 52 53 48 37 37 43 55 66 56 50 77 73 0 83 99 106 65 -128 -1 73 82 116 122 118 117 122 -1 -37 -64 -75 -72 -68 -54
127 127 124 114 117 118 120 118 114 114 118 124 127 0 112 114 117 118 113 122 3 118 119 119 119 0 114 110 100 100 -69 88 66 45 111 97 116 111 97 105 111 100 118 105 88 116 102 96 99 21 81 102 91 88 96 116 81 102 99 107 96 100 105 70 102 100 102 74 79 64 101 0 77 99 100 102 106 106 106 108 111 110 113 85 95 106 105 96 97 106 102 84 108 94 101 107 111 111 100 112 112 105 111 107 120 114 107 122 122 124 123 120 59 0 0 0 72 94 110 107 97 94 83 38 42 37 38 42 49 65 43 39 52 95 124 54 97 113 123 78 37 81 0 93 81 -23 76 127 74 122 120 114 83 10 -69 -78 -73 -72 -70 -70
107 120 119 120 123 125 125 125 120 118 127 122 127 127 120 119 119 127 125 123 118 118 99 0 95 100 71 85 35 82 0 78 88 88 67 83 85 78 83 87 95 116 88 120 104 101 107 100 88 79 0 100 71 74 90 72 101 106 110 110 101 104 110 97 83 76 93 94 83 88 95 74 93 100 96 106 93 106 99 108 102 87 101 113 93 105 104 101 101 97 106 100 106 0 114 95 105 108 108 111 112 107 104 116 111 110 118 118 122 108 0 61 111 107 84 84 113 110 117 120 71 70 71 41 43 39 38 39 41 0 49 50 56 50 56 90 0 102 122 66 114 116 42 85 74 64 71 78 97 111 107 102 96 -42 -75 -72 -68 -70 -74 -68
127 113 111 127 125 124 125 125 125 127 123 119 118 111 123 127 119 113 104 112 114 94 102 106 62 42 72 0 67 0 0 0 53 73 66 77 73 78 79 112 78 116 102 120 112 106 113 99 93 100 61 100 67 72 77 96 102 90 83 110 96 78 88 97 94 82 79 101 85 96 78 19 84 87 91 87 84 100 107 96 105 96 101 104 110 104 100 106 102 102 107 107 113 113 112 112 105 106 101 110 106 104 119 114 113 0 119 122 110 0 0 101 89 100 100 95 87 96 107 118 101 73 65 49 43 43 43 0 41 45 32 0 59 0 48 66 96 108 99 62 106 89 64 0 73 66 79 116 99 127 127 87 68 -3 -77 -72 -69 -70 -70 -69
105 111 0 0 0 123 123 127 127 127 113 89 102 105 120 124 120 120 120 96 110 79 81 88 78 0 76 84 105 96 0 73 72 89 94 93 78 79 83 85 99 113 104 116 111 104 102 89 108 90 12 102 88 76 88 74 91 93 83 0 107 76 89 91 93 89 90 84 91 93 94 93 76 95 90 91 94 101 94 100 93 94 104 94 108 97 99 110 108 102 102 111 111 91 111 105 107 108 110 111 116 110 111 107 111 114 116 113 100 104 90 104 88 99 90 107 84 104 101 113 81 0 47 45 44 44 55 38 49 0 55 49 55 58 83 102 0 94 90 118 90 100 87 0 54 68 105 125 114 127 102 0 -41 -81 -70 -70 -74 -70 -65 -69
127 0 0 91 117 84 20 119 0 124 122 127 119 127 125 124 123 120 -97 -72 77 97 88 82 97 0 55 70 89 88 95 59 38 73 70 15 85 82 87 88 96 110 119 117 117 105 105 99 88 45 116 94 110 99 106 84 97 91 107 112 114 108 95 85 100 101 90 94 89 76 89 77 89 93 95 82 87 104 88 95 91 106 94 101 89 105 107 102 111 105 106 105 97 99 108 108 105 107 108 110 105 111 107 108 112 106 110 95 0 87 90 89 90 110 106 104 112 91 100 104 88 59 3 52 54 0 42 47 58 65 49 49 52 65 76 89 0 78 81 106 79 0 81 124 88 60 70 118 99 111 105 -23 -35 -53 -70 -70 -65 -72 -73 -72
56 0 70 90 105 114 0 0 118 119 127 7 102 113 120 123 124 125 127 127 125 123 127 127 120 111 95 78 78 82 104 108 79 87 88 85 93 100 89 79 111 112 118 114 108 104 99 91 97 61 110 111 107 90 101 88 83 99 108 105 107 114 94 84 81 97 94 93 94 105 90 84 91 77 73 91 88 93 101 102 99 89 102 106 104 104 111 107 101 107 107 100 104 108 108 111 107 99 117 112 113 107 108 107 106 107 96 0 111 96 79 110 110 106 106 100 77 95 87 94 55 59 54 47 45 43 49 62 59 52 49 81 59 78 112 8 53 0 111 119 112 106 97 16 87 70 -1 127 31 99 -20 -14 -69 -78 -70 -70 -72 -70 -70 -72
122 89 105 95 88 74 72 84 64 85 70 100 111 13 0 101 110 96 99 112 113 107 114 127 120 0 114 106 71 58 56 99 44 108 106 101 96 97 93 94 99 112 114 117 0 117 99 84 108 85 0 111 112 110 108 100 96 97 100 79 77 90 82 95 97 105 93 101 101 102 101 102 100 105 101 83 95 100 91 104 99 110 102 100 101 97 108 102 108 99 94 111 108 113 112 112 107 106 119 99 120 102 102 112 107 0 0 66 101 87 91 112 96 105 102 104 1 0 83 102 65 54 0 49 45 47 47 55 73 0 56 61 59 64 112 82 96 100 104 55 60 99 106 123 0 -128 123 -128 -20 -128 -14 -67 -63 -67 -75 -70 -69 -70 -73 -70
50 93 45 84 78 90 70 73 84 96 76 91 102 102 107 83 0 91 72 100 91 114 116 0 118 102 111 111 106 81 64 39 27 74 102 107 118 110 105 102 105 104 116 116 112 117 96 0 78 66 0 0 0 76 107 102 106 89 93 107 88 102 88 76 97 89 95 90 99 110 110 101 95 91 104 95 91 99 99 105 97 102 102 96 99 107 96 107 95 104 102 108 112 113 108 106 108 117 117 112 107 116 110 118 72 0 72 90 107 0 99 93 97 84 101 101 100 127 105 66 60 54 54 0 41 52 52 60 56 61 73 59 90 94 73 122 118 114 105 105 71 101 39 0 49 -1 -1 -1 -58 -64 -56 -56 -81 -74 -69 -69 -69 -65 -68 -70
127 61 0 73 96 76 78 89 73 107 88 97 76 60 -106 -119 -128 70 56 0 88 71 111 67 65 0 68 88 104 77 70 91 55 49 22 60 90 74 107 117 114 113 113 117 113 119 118 119 119 101 107 107 116 78 95 21 45 0 44 68 99 105 99 88 71 83 91 88 102 90 77 94 104 101 100 90 105 102 104 102 108 110 113 110 101 105 107 108 114 114 111 108 116 113 102 118 114 117 108 0 104 107 47 0 95 91 76 93 105 105 94 87 95 95 87 70 85 104 94 76 66 61 53 53 45 50 41 45 49 67 64 64 90 106 84 78 93 119 112 97 90 0 56 15 -112 -1 -39 -59 -79 -68 -61 -75 -64 -68 -60 -70 -72 -61 -59 -60
104 89 111 96 117 74 68 65 124 97 0 87 95 105 -17 -1 -1 -1 -128 84 0 97 97 89 16 59 64 59 84 100 107 87 76 77 45 71 73 84 84 106 122 120 119 119 119 118 114 112 111 107 104 94 87 111 119 105 0 116 106 55 91 107 111 105 100 89 85 84 48 0 0 107 124 105 106 104 110 101 85 90 108 106 104 99 107 97 104 110 110 0 0 70 113 112 119 110 114 110 99 94 83 0 0 88 83 60 97 104 89 101 99 91 97 99 68 108 113 0 91 76 65 58 52 50 47 42 38 44 53 0 76 66 105 96 102 99 96 113 111 114 110 117 52 0 -21 -75 -47 -55 -78 -56 -70 -60 -70 -67 -128 -69 -59 -59 -59 -58
127 100 99 120 70 106 79 101 13 67 78 68 64 74 73 78 108 -69 102 83 70 79 82 93 83 87 83 59 71 78 84 81 58 79 35 27 20 62 77 90 104 106 105 67 96 114 114 112 108 104 99 95 82 89 99 112 116 105 0 104 84 95 94 88 106 107 91 93 81 101 99 88 87 95 87 85 106 105 106 106 111 111 108 105 107 104 107 104 110 114 111 110 108 105 0 113 113 102 95 83 97 74 90 91 93 93 96 100 104 90 74 87 101 67 110 81 113 97 101 82 73 67 61 53 53 52 0 42 21 85 77 100 83 89 96 81 81 112 107 87 30 0 117 -1 -65 -73 -63 -75 -69 -73 -68 -73 -65 -53 -68 -69 -58 -60 -63 -59
111 119 119 119 0 97 105 101 87 107 88 70 105 54 65 61 82 67 65 64 77 81 0 42 49 45 55 65 50 30 30 20 38 59 53 53 21 45 41 81 87 97 61 12 64 101 102 106 99 100 84 88 85 89 99 97 113 104 65 0 90 105 102 106 94 105 102 101 101 96 97 107 104 96 101 88 108 110 111 112 112 113 100 106 107 110 105 113 107 113 102 107 105 106 117 117 117 0 100 95 97 88 84 96 97 88 79 100 104 93 91 97 93 99 102 114 108 95 89 79 74 66 56 59 56 44 0 33 29 0 87 88 78 105 114 122 105 112 104 77 117 113 -22 -70 -58 -54 -58 -68 -65 -58 -68 -58 -64 -70 -65 -68 -83 -54 -59 -56
124 0 0 0 74 116 106 91 67 76 99 76 95 72 105 0 84 24 72 85 82 87 60 0 52 71 50 68 31 48 26 61 73 67 15 59 81 62 71 72 55 44 97 73 87 12 44 65 72 81 79 59 74 64 88 71 91 120 82 104 0 96 99 110 107 97 105 107 101 95 94 90 88 107 108 106 93 91 105 112 102 111 106 111 106 112 97 102 111 114 96 110 111 124 127 118 112 111 0 99 82 96 102 97 85 96 65 90 100 77 94 84 60 97 116 114 102 110 102 87 83 77 71 68 66 50 27 36 59 74 0 95 94 91 110 119 97 101 0 0 105 81 0 -64 -75 -63 -64 -73 -63 -68 -61 -60 -70 -59 -55 -63 -45 -50 -54 -79
93 30 99 106 111 82 112 90 65 0 65 87 62 73 70 83 59 60 45 0 10 18 72 22 37 12 43 73 58 64 73 9 55 60 0 42 82 31 60 27 42 53 85 87 67 54 66 35 49 99 116 97 83 81 83 64 71 106 117 107 127 116 106 94 100 101 94 100 96 97 21 99 96 101 112 112 110 106 106 108 107 107 110 100 107 107 101 99 105 107 113 118 118 118 114 107 110 107 119 101 105 97 99 91 89 100 99 94 89 81 93 96 99 60 112 122 119 108 99 93 90 87 71 73 59 22 37 20 59 88 97 116 100 116 105 110 106 94 91 107 102 87 -37 -74 -70 -70 -56 -63 -56 -64 -60 -60 -59 -51 -45 -31 -16 -17 -128 -37
0 70 62 83 97 66 87 78 74 0 41 71 76 78 0 0 85 74 24 24 56 83 0 59 53 73 77 58 62 89 61 27 47 16 42 44 15 42 77 41 13 39 82 27 15 0 91 96 85 94 90 97 76 73 50 43 72 58 91 106 113 118 111 112 116 101 108 100 101 105 118 117 104 111 111 111 106 84 95 100 105 101 102 106 105 104 95 110 107 111 118 116 123 118 116 105 117 107 0 101 101 97 94 89 91 88 101 93 91 94 84 83 62 105 68 89 120 96 123 101 102 111 68 60 36 37 35 12 39 81 100 123 114 116 110 0 118 111 74 112 99 91 91 -128 -69 -74 -56 -65 -53 -55 -64 -60 -56 -50 -25 -47 -91 -34 -26 -36
0 90 81 53 64 78 0 0 39 27 0 77 81 36 55 49 42 56 58 89 84 93 85 83 83 82 93 88 82 60 74 70 60 62 39 54 74 79 71 66 60 43 100 90 43 32 0 113 72 82 74 85 106 99 85 76 74 73 0 108 6 95 60 100 105 110 104 114 113 119 0 106 95 100 95 88 99 94 102 105 90 100 89 100 96 104 102 106 111 114 119 116 116 112 114 102 0 84 104 100 97 85 99 96 99 96 85 90 91 91 88 91 49 64 94 90 108 108 108 114 87 101 87 33 15 12 16 43 55 111 95 0 113 112 0 97 112 118 120 104 110 95 59 -54 -65 -59 -63 -55 -77 -59 -58 -59 -28 -128 -30 -36 -23 -13 -42 -54
127 0 0 70 89 76 0 65 20 0 62 29 21 37 38 70 62 19 35 64 58 81 68 95 95 101 102 104 101 99 100 104 99 104 95 100 52 96 101 64 87 70 71 67 99 105 42 95 120 114 111 101 31 90 111 107 88 47 29 88 83 108 96 91 104 105 108 106 111 118 107 96 93 99 104 95 105 105 90 108 95 105 108 104 106 106 102 107 112 114 114 113 110 111 117 101 0 78 101 95 94 96 100 97 95 99 88 90 94 90 87 95 71 72 90 77 87 0 113 111 2 59 58 96 15 19 20 10 36 97 108 88 79 113 87 120 117 102 93 107 110 95 -92 -68 -65 -56 -69 -64 -56 -63 -53 -67 -31 -26 -31 -58 -13 -2 -18 -63
71 48 88 64 81 38 31 61 16 52 79 73 70 93 85 91 70 62 91 68 50 97 97 95 96 99 100 100 100 100 101 102 102 102 105 104 104 96 20 -128 99 94 105 72 94 108 119 108 106 101 113 116 68 120 117 110 104 82 71 77 91 0 0 0 0 91 94 101 105 99 95 97 95 97 94 95 101 106 96 101 104 91 88 97 101 104 107 105 112 111 111 113 102 102 108 0 97 100 97 95 96 93 99 104 96 81 94 91 82 79 81 77 59 77 95 113 89 124 0 81 77 79 30 7 29 30 26 42 61 94 113 89 101 72 127 119 97 106 102 79 90 -128 -60 -63 -63 -63 -64 -81 -55 -60 -70 -53 -32 -26 -53 -17 -20 -68 -63 -45
127 74 76 91 66 33 43 43 74 45 54 105 85 95 78 89 61 93 88 105 95 94 97 97 97 99 100 100 100 102 101 102 102 104 102 104 105 105 90 87 89 95 88 95 113 93 108 100 99 97 100 99 111 76 114 118 117 108 102 96 93 96 85 94 0 85 100 79 0 0 0 0 0 105 104 102 106 102 107 110 106 93 99 105 107 101 107 111 113 112 110 112 108 105 0 94 99 99 95 85 85 96 94 91 95 94 95 89 90 102 104 39 66 106 56 91 62 0 124 0 38 41 22 13 36 36 32 4 66 102 93 99 65 0 116 88 89 118 110 108 76 -2 -60 -68 -105 -69 -53 -49 -65 -64 -63 -63 -37 -18 -42 -3 -45 -128 -59 -67
54 93 79 90 0 9 0 79 85 88 89 94 93 96 96 97 94 97 0 84 110 97 99 99 99 100 100 101 100 101 101 102 102 100 105 105 105 105 79 53 54 70 88 95 88 104 94 94 89 97 99 102 107 108 111 104 105 99 97 89 89 85 77 88 73 90 95 101 107 110 85 96 105 102 0 105 102 110 104 101 106 107 107 110 97 116 110 83 0 58 93 83 87 97 0 95 99 96 94 84 97 95 90 89 97 93 60 74 8 4 93 77 68 70 0 81 106 83 105 64 56 71 0 37 37 36 45 90 102 68 116 111 0 110 87 99 100 83 123 84 -1 -128 -58 -73 -44 -18 -74 -68 -61 -59 -59 -58 -32 -53 -54 -60 -55 -45 -63 -53
127 70 78 87 88 0 0 41 31 49 94 90 93 93 94 95 96 95 94 96 99 93 0 96 99 99 99 100 101 101 101 102 102 102 105 105 105 106 106 105 79 102 84 85 49 90 83 95 84 88 95 93 97 96 100 95 96 94 77 47 45 71 67 78 71 83 88 74 94 95 101 104 104 105 101 73 0 112 111 111 102 99 97 111 114 108 71 107 97 90 90 95 93 93 93 94 93 95 93 95 78 73 88 88 83 79 82 84 73 89 68 90 88 108 70 3 117 45 95 94 72 26 0 64 30 77 21 112 82 64 82 50 125 119 97 106 102 125 0 -128 -1 -51 -50 -60 -49 -35 -56 -59 -60 -68 -58 -59 -72 -50 -32 -58 -79 -65 -51 -58
93 59 65 71 60 99 76 27 36 41 91 91 93 94 95 95 95 95 96 97 91 97 97 85 89 0 99 100 101 101 102 104 102 84 104 104 105 105 106 102 110 95 87 97 84 68 81 97 105 102 95 101 100 83 83 91 90 76 91 79 82 68 77 81 77 90 78 84 94 104 96 100 102 104 99 104 84 87 0 107 16 96 104 0 99 96 102 95 88 83 91 85 74 88 68 70 88 76 88 83 79 94 84 93 62 91 89 89 72 62 59 88 97 122 112 58 0 117 89 79 72 0 -1 -1 -7 18 93 62 81 26 0 94 108 83 0 99 83 83 -1 -1 -28 -35 -40 -45 -20 -31 -58 -64 -70 -64 -60 -61 -59 -32 -20 -67 -28 -50 -60 -58
127 79 70 61 72 62 72 21 19 91 22 90 93 94 95 95 95 96 96 95 100 96 95 97 97 97 99 99 99 71 96 91 102 91 104 100 107 94 102 106 107 107 97 89 94 78 83 107 111 93 107 89 91 96 105 91 0 93 81 81 79 59 67 67 59 74 101 84 97 104 100 100 100 99 105 101 100 95 101 85 97 85 0 89 104 99 95 90 91 90 78 72 66 82 82 87 90 91 74 89 56 61 83 68 100 94 87 83 77 58 82 4 85 118 104 111 113 87 114 112 55 31 90 -1 -1 18 107 70 29 15 22 59 0 67 64 99 111 106 59 87 -7 -51 -54 -30 -42 -44 -72 -59 -40 -37 -53 -55 -59 -56 -23 -8 -37 -79 -63 -56
82 68 71 66 88 77 0 19 52 12 72 68 94 94 95 95 94 97 95 95 96 95 96 97 97 97 97 97 96 97 97 96 88 56 91 102 104 95 102 107 107 107 107 108 110 0 119 108 110 116 97 78 77 90 79 94 87 89 73 61 71 84 66 74 76 79 89 94 90 94 100 99 99 102 100 104 107 106 102 96 96 116 106 88 100 93 84 81 77 79 61 82 93 78 89 77 70 89 76 71 78 49 83 89 13 55 59 94 60 99 0 113 4 106 94 89 82 83 0 16 0 -1 -1 -1 22 50 16 15 4 -96 60 -128 -63 61 58 73 101 105 -122 -1 -1 -41 -51 -23 -30 -35 -59 -39 -34 -50 -44 -51 -55 -60 -13 -32 -69 -58 -128 -56
127 58 73 0 54 61 56 67 16 56 36 59 78 93 94 94 94 94 95 89 85 95 96 96 96 97 97 97 87 102 101 97 100 94 101 100 104 101 106 72 107 107 107 108 110 105 -128 108 110 105 94 97 74 90 89 91 71 72 71 76 84 76 74 64 81 93 74 89 88 81 81 100 99 100 101 96 96 95 93 93 88 102 94 95 97 89 79 71 100 97 101 101 99 90 52 96 64 77 91 85 99 68 71 87 95 4 112 123 110 20 116 73 55 91 105 101 53 49 106 0 -1 -18 101 -1 0 22 42 15 105 -1 104 -1 83 90 58 65 113 122 127 95 58 -13 -54 -39 -13 -50 -54 -56 -28 -17 -51 -68 -42 -51 -36 -37 -59 -59 -46 -16
78 62 76 66 59 0 0 45 58 26 31 90 89 93 93 93 93 94 94 97 89 94 95 95 96 96 96 96 99 95 96 99 19 99 99 99 96 99 105 101 104 107 102 0 100 100 104 104 111 110 110 105 1 93 89 70 99 102 96 93 84 83 78 72 77 74 89 30 71 74 0 100 97 99 100 90 90 89 82 82 84 84 76 88 89 87 96 101 82 93 84 96 110 79 55 95 96 97 102 100 82 120 59 71 7 0 87 67 127 0 77 16 0 47 22 52 0 26 0 -1 -1 -1 -1 -128 47 8 -3 55 -1 -1 -1 -1 -46 64 62 66 125 118 127 127 116 -89 -40 -32 -18 -25 -44 -53 -23 -50 -61 -47 -30 -6 -32 -46 -44 -44 -11 -37
127 47 68 0 29 0 22 36 6 53 37 61 49 88 90 91 93 93 93 88 94 94 95 95 95 95 96 95 96 95 95 97 87 96 100 99 97 99 104 105 101 108 108 108 110 88 110 104 104 104 0 93 95 108 100 99 96 97 97 96 94 95 89 89 93 91 77 84 73 87 76 97 101 99 96 88 91 88 85 77 91 91 99 93 91 74 100 99 15 96 96 97 90 65 74 112 1 96 96 90 66 0 0 93 94 0 112 79 73 104 0 10 31 0 44 21 4 25 -22 -1 -1 -1 -1 -51 -6 31 -128 -1 -35 -1 -1 -1 -1 -67 -128 61 91 99 114 42 0 125 31 -32 -34 -45 -21 -28 -39 -53 -47 -40 -27 -2 -6 -7 -30 -35 -2 -39
106 90 85 106 127 18 0 59 26 38 72 76 84 70 90 91 91 93 93 99 94 94 94 93 95 95 95 94 94 91 94 97 91 97 96 97 100 100 104 107 110 111 110 110 107 105 100 99 99 93 95 89 85 97 85 95 94 64 0 77 85 81 85 87 93 90 97 95 95 93 96 95 94 95 89 96 93 93 90 90 84 89 87 91 77 100 99 3 67 96 94 101 97 99 106 102 94 93 48 108 38 0 66 91 96 0 113 54 0 127 12 22 0 35 16 39 27 35 -1 -1 -1 -1 -1 -1 -128 107 -1 -1 102 -1 -1 -1 -93 87 64 71 59 89 105 95 83 105 116 -1 -9 -41 -34 -54 -55 -51 -39 -32 -40 -4 -4 -31 -23 -42 -27 -9
127 88 90 105 97 88 101 0 36 43 53 1 54 74 79 94 90 91 91 0 93 93 93 93 93 94 94 94 93 97 95 95 0 96 96 96 91 94 105 106 108 108 101 102 96 91 87 83 91 88 87 95 67 89 84 87 79 83 81 68 71 49 76 89 82 60 81 94 89 93 0 0 0 0 1 79 83 84 93 88 94 70 89 95 81 73 0 0 0 0 90 105 87 66 94 0 72 89 85 90 74 76 94 104 87 50 0 60 107 90 20 0 38 37 41 18 74 -54 -1 -1 -1 -1 -1 -128 0 -1 -1 -1 -1 -1 -1 -1 -1 13 90 77 61 77 50 84 88 110 93 116 -122 -2 -35 -50 -49 -49 -47 -46 -36 -26 -7 -7 -2 -25 -28 -17
95 93 106 106 94 110 83 93 49 36 61 73 21 68 82 84 88 91 106 91 93 93 91 94 90 93 93 91 93 94 94 94 94 95 96 97 99 100 102 102 100 55 79 82 26 66 72 79 62 79 85 85 66 45 56 83 67 70 30 61 29 50 66 33 62 78 87 89 89 84 12 91 95 79 90 89 90 82 68 79 90 81 15 94 101 100 96 83 87 88 94 93 81 87 77 76 89 3 25 64 78 83 99 93 44 93 83 72 49 24 30 36 19 33 -128 -1 -13 -1 -1 -1 -1 -1 -1 -1 -1 -1 -1 -1 -1 -1 -1 -1 -1 -128 -128 -1 -128 26 83 64 107 108 118 107 89 -7 -128 -50 -47 -47 -36 -37 -35 -18 -1 -1 -1 -25 -11 -1
127 99 90 93 101 0 88 114 112 62 36 13 37 62 42 62 65 74 90 91 91 91 91 91 82 90 83 90 93 93 93 93 94 93 95 96 96 96 93 84 93 47 45 44 25 26 32 19 33 33 1 35 49 31 33 32 55 21 0 38 37 47 26 61 43 43 58 85 88 84 81 74 78 81 79 85 96 77 95 90 99 89 94 81 102 96 93 33 93 88 82 85 90 78 90 73 0 88 -31 88 79 90 102 76 84 0 89 101 65 27 32 35 0 31 36 -1 -1 -1 -1 -1 -1 -1 -1 -1 -1 -1 -1 -1 -1 -1 -1 -1 106 -1 -41 67 106 48 0 59 60 97 100 113 97 71 -3 -55 -46 -47 -36 -37 -37 -26 -4 -128 -1 -1 -2 -1
70 0 99 84 81 88 96 0 79 30 72 29 26 24 15 36 42 89 85 91 90 90 90 89 89 89 90 91 90 91 93 0 88 90 93 79 55 58 61 48 45 42 68 53 0 0 39 47 59 22 58 45 61 58 59 60 56 41 43 48 50 48 38 4 38 26 30 36 85 85 88 84 99 91 94 39 87 90 83 79 78 83 0 95 96 49 84 91 90 93 93 87 102 94 88 91 101 97 82 88 82 58 101 62 71 73 81 42 16 35 36 36 37 0 -128 -1 -1 -1 -1 -1 -1 -1 -1 -1 -1 -1 -1 -1 -1 -1 -1 -1 -1 -1 -1 -1 -73 20 -126 66 77 94 127 97 108 -128 -25 -42 -37 -36 -37 -31 -18 -1 -1 -1 88 -1 70 105
127 27 93 111 113 99 96 90 0 66 65 67 62 66 61 39 41 54 4 68 87 87 89 89 88 88 90 90 89 87 83 87 83 85 85 61 60 55 36 67 43 25 21 16 21 7 56 36 56 58 58 62 61 59 53 32 61 42 55 33 19 43 36 42 41 0 30 25 7 43 67 85 52 13 91 79 76 81 87 90 89 88 87 90 91 39 94 0 101 85 95 90 93 84 8 91 73 87 94 68 43 84 90 88 58 97 55 31 18 22 31 35 35 35 37 0 -69 -1 -60 -1 -1 96 -1 -128 106 -1 97 106 -1 -1 -1 -1 -1 -1 -1 -1 -1 -1 -128 -106 73 105 108 73 94 122 -1 -53 -37 -34 -22 -3 -2 -3 -1 -1 77 101 110 106
101 53 41 101 79 107 97 125 110 85 59 49 27 68 37 24 49 20 64 62 79 82 85 87 85 83 88 81 79 82 77 73 74 66 74 55 41 47 7 64 73 55 54 52 72 38 52 38 47 61 61 61 58 56 60 56 10 37 62 67 39 21 54 49 60 35 39 74 0 56 48 90 73 60 0 84 91 91 89 89 104 81 0 90 84 97 0 96 84 90 76 84 91 54 94 88 78 0 81 62 90 81 117 106 100 49 33 16 16 25 31 33 33 35 0 44 30 43 -128 -1 -1 -1 0 20 0 -23 35 0 107 -1 -1 -1 -1 -1 -1 -1 -1 -128 66 74 61 105 84 79 117 88 -8 -128 -25 -23 -1 -1 -1 -1 -1 85 120 89 105 70
127 0 0 66 62 94 114 58 100 96 0 70 52 78 70 32 12 64 77 41 73 84 79 78 68 87 74 71 72 58 65 0 78 38 27 50 27 26 37 79 61 39 -89 -128 47 12 65 53 26 52 61 60 65 56 53 60 56 0 26 70 64 47 50 15 -55 25 59 58 32 0 0 31 76 79 33 52 95 90 88 83 90 89 91 89 93 50 91 90 88 90 88 88 88 84 89 90 97 72 100 61 85 91 95 66 90 48 97 19 8 18 31 30 33 43 32 36 44 -128 49 -1 -1 -128 37 55 24 38 7 8 106 -1 -1 -1 -1 -1 -1 -1 -1 -1 -96 83 74 104 124 101 70 73 79 -1 -8 -2 -1 -1 -1 -1 -1 87 127 113 95 50
124 108 120 0 35 94 100 0 104 21 91 87 82 96 84 70 21 54 60 88 64 54 47 42 33 38 39 33 67 25 14 61 65 50 61 49 61 30 53 43 22 41 42 42 21 53 24 41 54 42 49 59 60 56 59 59 64 48 25 19 44 52 58 48 41 16 49 47 41 36 59 0 49 78 79 73 82 84 73 88 88 89 0 85 0 81 90 0 68 89 88 90 83 85 89 77 26 84 95 70 81 90 60 100 91 91 44 10 25 26 27 0 31 32 33 41 -117 41 -41 -1 -30 48 30 37 48 37 104 -1 -1 -1 -1 -1 -1 -1 -7 -1 -1 -1 -1 0 99 125 89 52 73 60 -34 -1 -1 -1 -1 -1 -128 -1 124 95 99 82 -128 -128
117 95 117 91 84 0 0 0 0 90 106 85 15 93 100 99 65 60 82 93 39 39 55 78 70 61 64 62 52 45 58 77 53 67 61 76 36 66 62 30 61 54 44 37 47 42 13 0 12 39 52 59 62 61 62 58 49 50 33 26 15 43 45 26 26 36 16 66 16 50 52 22 47 58 39 42 52 87 84 84 85 88 84 90 94 91 93 84 90 67 67 87 79 95 91 82 97 22 104 94 79 58 111 102 74 100 106 29 24 22 26 26 29 31 32 0 30 38 39 35 36 25 12 4 8 49 -1 -1 -1 -1 -1 -1 -1 -1 -1 -1 -1 -1 -1 88 81 118 76 72 70 70 74 -1 -1 -1 -1 -1 -1 -11 127 70 96 -128 -1 76
29 101 116 90 93 96 108 84 114 96 106 96 78 0 94 99 102 0 10 89 91 82 71 77 68 38 78 65 50 53 0 79 67 54 70 60 59 70 71 67 58 52 58 65 49 52 0 47 65 35 55 59 56 61 61 60 49 42 43 50 30 35 29 43 77 24 45 35 52 33 36 55 19 39 3 37 61 82 82 1 77 79 0 82 49 96 94 90 14 95 60 82 89 95 90 90 82 117 104 79 72 108 65 81 78 0 54 12 18 21 7 22 30 25 42 31 35 19 24 22 35 0 31 2 97 -1 -1 -1 -1 -1 -1 -1 -1 -1 -1 -1 -1 -1 -1 18 82 108 97 60 -73 -34 0 -1 -58 -1 -1 -1 -128 110 79 -128 -18 99 71 99
0 117 100 112 107 100 104 99 82 107 106 102 68 81 93 87 84 0 55 36 42 30 77 61 65 49 62 61 48 39 38 41 65 45 35 42 36 37 47 39 0 50 47 41 64 54 41 62 21 19 36 47 56 58 62 62 62 55 56 30 21 32 49 53 38 39 49 30 36 19 22 22 30 52 52 19 30 47 59 77 67 47 0 84 94 100 85 93 89 67 68 82 78 96 82 85 76 -128 100 55 110 113 83 94 96 90 127 25 18 20 4 18 21 0 18 48 56 93 49 42 19 21 18 78 -1 -1 -1 -1 -1 -1 -1 -1 -1 -1 -1 -128 -1 -1 -1 41 54 79 104 -128 -128 -20 -1 -27 84 -1 -1 61 85 93 114 -1 -94 81 117 113
106 88 101 122 105 93 99 110 119 60 90 101 108 85 83 91 0 82 61 72 0 39 58 59 50 36 55 66 38 0 52 0 0 45 60 49 56 60 49 52 53 0 54 0 56 38 29 56 36 48 62 54 56 61 62 62 66 62 55 61 54 65 45 66 61 55 42 41 38 -1 -1 43 16 37 65 65 27 47 41 72 83 101 0 71 87 70 89 3 0 82 87 84 81 82 81 0 -81 67 62 96 99 60 87 91 25 85 42 7 18 0 26 18 0 47 95 70 110 91 66 24 15 24 -11 -1 -1 -1 -1 -1 -1 -1 -1 -1 -1 -1 -1 -1 -1 -1 -128 0 73 59 -37 -128 -1 -1 -1 -1 -1 -1 -1 29 41 52 -22 -1 95 88 48 -1
0 122 95 100 83 88 105 95 106 105 15 102 101 96 89 84 94 66 82 50 72 73 61 67 32 4 56 64 60 52 0 65 44 66 68 47 21 60 64 54 56 54 22 43 25 0 48 47 32 36 26 59 12 55 55 61 67 60 62 64 62 62 53 61 50 65 58 59 15 -128 -1 -1 61 27 36 77 36 48 61 49 58 71 82 70 85 88 62 44 94 82 0 95 71 85 100 96 84 102 93 71 87 66 95 94 81 0 93 21 15 12 22 19 -128 27 48 53 89 114 77 59 30 37 -128 -1 -1 -1 -1 -1 -1 -1 -1 -1 -1 -1 -1 -1 -1 -1 9 -65 89 0 -114 -117 -1 -1 -1 49 -1 -1 110 33 -128 -1 -36 118 -128 117 82 -11
101 116 97 125 108 89 108 90 104 105 52 100 106 20 41 50 82 72 78 67 54 56 32 52 68 44 42 82 0 55 52 56 56 64 70 60 54 55 38 47 44 73 24 35 49 62 48 62 39 66 45 49 54 52 49 44 0 60 58 66 60 61 60 59 48 30 60 48 41 0 67 68 7 74 79 37 16 70 74 64 59 73 18 56 87 74 0 77 78 83 88 0 90 73 89 82 127 99 101 67 105 88 102 101 91 96 27 7 0 0 29 -128 13 19 42 64 71 70 49 76 36 -1 -1 -1 -1 -1 -1 -1 -1 -1 107 -128 -1 -1 -1 -1 -21 -1 -128 -1 -117 96 -1 -1 -1 -1 -1 -1 -128 -1 -128 73 82 112 105 -1 0 60 -1 -35
127 16 122 117 112 106 36 105 89 89 90 110 110 59 27 68 27 65 52 59 39 62 52 29 43 50 70 68 68 48 62 59 33 0 52 54 53 47 38 73 39 50 44 52 62 65 48 70 35 39 74 26 59 61 30 56 32 55 33 19 71 53 64 59 56 27 47 58 56 54 61 44 37 27 38 66 66 0 60 74 84 83 84 68 84 66 82 67 93 95 90 91 41 65 82 88 83 116 104 88 117 101 90 99 105 58 88 33 16 10 2 0 18 16 18 50 43 67 29 33 27 -1 -1 -1 -1 -1 -1 -128 -1 -1 -1 -1 -1 -1 -1 -1 -1 -1 95 74 -128 44 -102 -1 -1 -1 -1 -1 -1 -1 127 56 105 117 85 -105 -1 50 -128 -35
94 0 127 111 70 74 94 105 108 87 114 74 72 36 71 33 67 37 76 60 84 43 82 66 59 65 72 36 60 0 76 56 59 43 59 47 58 24 52 59 70 10 64 48 55 81 49 65 65 71 60 47 49 42 68 64 43 33 26 61 52 38 32 45 29 61 50 41 55 0 56 50 73 82 39 50 26 45 79 45 73 68 45 0 61 81 85 70 76 90 70 70 89 85 76 91 84 113 68 107 100 94 99 110 81 95 65 14 10 13 3 13 15 14 47 70 55 27 19 14 0 -2 -1 -1 -1 -1 -1 -1 -1 -1 -1 -1 -1 -1 -1 -1 -1 -1 -1 -16 -1 -1 -1 -1 -1 -1 -1 -1 0 111 -1 61 118 118 107 -1 -32 -11 -39 -23
127 102 70 74 125 83 83 88 87 84 105 95 89 0 58 76 47 21 77 38 58 54 60 70 62 45 72 68 41 48 33 52 39 64 37 60 64 41 36 61 58 56 0 64 0 70 66 58 52 64 43 38 48 47 52 44 62 30 44 43 30 24 26 43 38 14 66 50 58 54 21 62 48 48 47 72 67 82 60 74 45 76 38 87 65 74 64 44 100 93 91 102 58 88 83 111 48 99 101 100 119 94 105 114 113 19 22 19 19 -128 10 10 21 24 19 26 0 30 13 8 13 -1 -1 -1 -1 -1 -1 -1 -1 -1 -1 -1 -1 -1 -1 -1 -1 -1 -1 -1 -1 -1 -1 -1 -1 -1 -1 -3 -1 14 -125 31 -16 117 112 -128 -40 -39 -21 -41
83 93 107 117 117 76 89 94 94 55 77 102 101 0 30 50 31 66 53 70 60 73 39 62 85 72 52 68 50 64 41 81 41 74 59 64 67 45 54 56 48 49 56 48 35 61 37 67 44 49 0 32 55 56 30 41 37 66 41 24 54 49 54 60 55 26 33 36 68 22 47 59 37 59 50 71 0 53 53 77 59 53 71 79 67 54 0 74 87 93 96 83 74 89 117 87 73 108 106 119 117 0 0 44 24 22 21 19 22 0 15 16 13 29 0 33 14 24 0 26 49 27 -128 -1 -1 -1 -1 -1 -1 -1 -1 -1 -1 -1 -1 -1 -1 -1 -1 -1 127 -115 -1 -1 -1 -1 -1 -128 -1 -1 -1 -128 125 117 104 -44 -50 -49 -63 -63
127 95 95 99 123 118 87 59 95 76 87 55 95 24 37 0 65 58 58 67 52 68 35 71 45 61 25 56 55 0 42 37 61 41 45 52 54 71 53 68 59 62 1 60 62 48 31 54 41 43 64 59 41 45 42 64 0 55 36 0 4 0 36 12 0 39 50 36 41 62 0 59 47 32 33 29 33 52 65 68 65 76 62 50 62 79 54 74 87 82 78 77 101 99 85 89 119 106 94 120 48 0 -128 65 31 24 -77 16 13 18 25 8 0 0 19 0 0 20 0 25 53 32 37 39 -1 -1 -1 -1 -1 -1 -1 -1 -1 -1 -1 -1 -1 -1 -1 -1 -2 -1 -1 -1 -1 -1 -1 -78 -2 -1 -1 -128 93 107 97 -1 -31 -40 -65 -68
0 90 94 116 123 108 95 90 94 82 0 48 85 76 -112 -117 49 53 78 27 20 54 55 36 74 48 66 67 52 64 71 65 62 54 64 70 72 61 72 53 76 0 0 74 43 48 21 30 49 58 54 37 60 0 42 35 43 29 65 56 60 43 3 -128 41 43 38 44 58 53 22 35 14 25 38 16 10 36 18 60 47 45 59 71 85 100 30 85 6 50 105 74 85 66 95 83 -128 68 36 127 124 96 42 53 123 62 35 19 15 15 15 10 18 7 27 14 26 26 30 36 36 38 33 31 -1 -1 -1 -1 -1 -1 -1 -1 -1 -1 -1 -1 -1 -1 -1 -1 -1 -1 -1 -1 -1 -3 -11 -1 -22 -6 -1 60 100 99 116 -7 -46 -63 -74 -91
127 89 93 94 106 107 116 91 82 50 74 0 30 60 59 79 49 32 24 58 54 60 31 61 50 25 64 59 27 49 27 62 55 67 38 62 53 35 59 52 78 76 43 44 31 52 56 47 41 60 44 0 32 55 42 41 39 0 61 67 38 56 53 44 55 2 41 31 43 6 20 0 50 30 0 25 18 32 44 66 39 47 111 104 66 82 94 55 68 73 68 95 83 106 96 85 0 -96 104 100 110 79 93 102 84 76 30 21 16 14 7 10 18 19 19 27 20 30 27 30 33 33 36 0 26 -1 -1 -1 -1 -1 -1 -1 -1 -1 -1 -1 -1 -1 -1 -1 -1 -1 -1 -1 -1 -1 -1 -7 -34 -27 -13 0 99 -1 68 -128 -16 -53 -75 -89
74 93 93 96 99 118 84 96 90 58 25 36 26 49 49 84 76 44 42 20 25 50 33 43 55 55 44 64 10 54 59 35 53 79 30 53 38 60 38 58 70 61 39 55 32 70 77 52 48 48 60 48 54 53 42 55 47 25 55 48 33 30 42 66 43 9 14 64 29 22 14 35 0 50 42 19 33 22 47 68 72 73 81 53 68 89 79 91 95 108 106 107 96 104 108 95 72 61 90 90 110 101 87 65 67 35 20 14 9 0 12 21 14 0 19 24 24 27 66 0 33 35 76 68 66 -1 -1 -1 -1 -1 -1 -1 -1 -1 -1 -1 -1 -1 -1 -1 -1 -1 -1 -1 -1 -1 -2 -35 -14 -13 -18 -1 93 0 -128 -13 -36 -67 -68 -89
127 91 95 96 100 116 99 93 99 56 62 49 32 54 71 30 71 64 0 74 36 60 50 81 30 24 33 67 48 35 66 70 76 44 65 70 60 56 76 48 52 50 56 117 64 81 83 70 44 37 44 55 19 43 62 35 56 33 33 53 13 47 52 0 52 54 25 10 39 32 32 38 62 58 4 53 6 41 31 43 65 64 7 60 83 89 73 0 50 71 90 122 110 111 122 72 108 84 54 112 89 108 78 102 54 53 16 12 10 10 10 24 18 19 24 26 27 30 30 -91 -68 10 42 60 58 36 -1 -1 -1 -1 -1 -1 -1 -1 -1 -1 -1 -1 -1 -1 -1 -1 -1 -1 -1 -1 -1 -22 -27 -16 -13 -16 -18 -30 -1 -1 -42 -61 -65 -87
90 94 95 96 102 100 106 113 105 82 71 43 32 55 36 54 45 38 62 67 70 48 43 64 25 36 35 49 70 68 42 45 47 43 60 72 50 68 62 52 58 67 60 31 0 43 48 64 45 50 33 62 54 61 44 81 30 56 70 0 53 27 47 32 36 56 65 21 44 43 45 0 15 54 20 18 33 36 58 76 21 85 56 79 77 81 0 93 55 44 73 71 62 58 66 100 90 64 62 71 67 99 99 84 50 26 16 12 13 13 10 13 20 24 26 27 31 8 -111 0 0 -128 68 0 49 43 -1 -1 -1 -1 -1 -1 -1 -1 -1 -1 -1 -60 -1 -1 -1 -1 -1 -1 -1 -1 -1 -12 -16 -22 -17 -3 -2 -1 -1 -18 -44 -79 -75 -69
127 91 94 93 95 101 120 100 110 97 85 106 0 66 13 78 39 94 64 74 76 27 89 52 105 87 58 47 47 61 66 27 29 37 41 60 72 81 66 47 50 36 56 36 45 55 48 67 30 48 50 61 77 24 55 54 52 56 32 66 37 4 33 53 44 44 35 61 50 42 53 44 31 0 0 50 35 45 30 7 6 24 50 87 61 106 50 37 84 91 48 82 100 65 107 96 105 74 105 47 88 88 100 50 62 39 47 18 9 13 24 19 22 25 26 29 18 27 0 0 0 30 42 43 39 37 38 19 -1 -1 -1 -1 -1 -1 -1 -1 -1 -1 -1 -1 -1 -1 -1 -1 -1 -1 -1 -12 -23 -12 -20 -14 -128 -8 -1 -2 -58 -74 -83 -77
84 97 8 93 96 100 100 127 116 77 82 78 82 0 29 37 62 60 60 79 71 61 -36 52 74 54 58 76 70 53 55 71 55 29 50 16 76 53 65 35 44 35 44 65 30 32 43 25 37 77 53 53 59 29 58 0 48 47 50 20 82 30 50 49 50 58 42 53 48 61 55 45 9 41 0 14 33 22 53 16 4 29 83 72 52 93 113 93 65 88 94 96 70 117 95 0 0 9 1 81 93 52 58 44 44 47 31 14 10 21 0 19 21 26 27 27 16 16 27 18 0 18 35 -17 38 29 30 37 -128 97 -1 -1 -1 -1 -1 -1 -1 -1 -1 -1 -1 -1 -1 -1 -1 -1 -9 -20 -21 -21 -12 -20 -14 -11 -1 -55 -79 -102 -98 -79
127 88 91 93 95 93 102 102 114 94 85 104 84 82 0 65 32 47 41 49 65 67 67 26 55 117 72 47 72 31 68 47 59 42 44 24 27 49 44 41 38 68 39 37 42 65 65 50 32 42 37 32 64 61 67 48 45 0 43 62 55 32 0 47 16 22 37 22 35 0 54 13 59 39 45 49 33 49 47 55 44 9 27 53 83 101 60 108 113 124 107 108 119 78 73 117 65 77 82 82 93 70 39 38 36 44 62 45 19 12 0 0 30 21 29 26 21 12 20 13 0 -128 35 16 8 -105 -128 0 -128 6 99 -1 -1 -1 -1 -1 -1 -1 -128 -1 -1 -1 -1 -1 -1 -1 -1 -8 -13 -21 -26 -17 -14 -12 -25 -50 -73 -69 -96 -70
84 91 93 94 95 95 96 93 72 73 118 114 78 88 0 60 27 101 27 60 41 76 24 70 10 32 62 22 66 59 61 60 33 56 67 15 120 -81 -77 20 48 0 47 53 52 64 26 52 27 82 53 35 53 64 42 65 49 54 60 19 41 59 27 32 66 66 59 48 15 0 45 37 12 55 27 66 49 33 21 49 43 61 62 79 32 32 93 58 88 72 56 94 116 76 77 88 125 84 61 43 0 48 30 33 48 79 31 24 16 10 15 19 10 26 29 14 16 13 2 0 18 30 36 33 27 39 44 3 -128 -1 -1 -1 -1 -1 -1 -1 -1 -1 -1 -1 -1 -1 -1 -1 -1 -1 -12 -25 -18 -17 -6 -16 -44 -1 -41 -73 -82 -84 -92 -74
127 88 87 93 93 94 94 0 97 97 99 81 52 97 60 107 52 0 12 30 79 54 56 38 76 65 62 74 22 33 53 64 -1 67 76 43 68 32 116 -44 52 54 22 60 70 47 47 61 42 36 61 32 32 48 37 30 0 43 53 25 56 13 47 62 19 54 33 14 54 0 56 26 21 45 49 41 44 12 73 45 26 24 38 0 116 117 58 73 112 77 73 82 120 122 116 93 89 108 85 106 84 19 41 32 35 68 65 29 21 16 16 12 13 19 20 20 16 22 33 24 16 0 20 32 20 -128 36 38 38 50 -1 -1 -1 -1 -1 -1 -1 -1 -1 -1 -1 -1 -1 -1 -1 -1 -2 -20 -44 -25 -12 -4 -16 -128 -23 -69 -69 -87 -87 -72
85 88 88 93 91 93 93 95 95 117 125 84 113 95 0 0 0 70 72 76 21 65 24 53 85 54 71 61 -128 -125 68 -1 16 62 29 26 26 48 50 62 56 50 38 18 52 59 45 41 38 70 59 59 65 37 60 54 53 16 53 44 22 7 50 37 30 21 59 50 47 42 62 27 43 49 20 44 19 60 60 61 61 73 83 64 114 118 97 97 68 72 0 15 79 93 66 37 0 119 78 94 84 49 18 37 42 32 64 67 31 29 32 47 85 15 13 12 14 -1 -101 -128 33 20 2 32 -1 -23 45 27 33 18 -1 -1 -1 -1 -1 -1 -1 -1 -1 -1 -1 -1 -1 -1 -128 -1 -11 -25 -18 -25 -17 -35 -22 -37 -64 -70 -91 -63 -77 -70
127 93 88 87 87 87 93 73 91 93 101 83 96 105 104 77 60 79 99 62 19 53 59 54 54 61 30 27 48 54 65 60 68 65 65 50 45 118 45 53 49 0 21 52 59 38 27 60 0 6 0 47 67 68 43 0 33 0 48 4 0 55 78 52 45 31 56 33 41 65 50 54 73 47 55 64 32 47 53 35 53 54 95 106 97 97 77 106 111 83 102 85 67 67 16 59 93 87 94 79 113 104 37 20 56 70 22 29 49 52 59 0 66 84 30 55 36 22 36 -128 35 25 20 18 26 -128 18 43 0 -1 99 66 -1 -1 -1 -1 -1 -1 105 79 -1 -1 -1 -1 -1 -1 -25 -34 -26 -25 -16 -34 -36 -23 -59 -54 -58 -79 -61 -83
93 95 91 91 85 87 87 89 85 85 94 97 87 108 97 114 55 94 84 84 66 71 0 0 60 35 60 84 61 65 76 31 68 64 52 64 41 38 31 56 55 45 58 64 59 62 59 49 53 54 29 49 33 66 36 65 8 48 22 45 56 68 35 66 26 22 62 39 35 20 39 20 41 67 16 54 41 43 54 52 81 83 118 123 120 101 105 116 99 101 72 118 0 77 49 107 83 89 70 107 104 93 48 9 53 37 21 13 31 21 0 127 0 117 95 106 10 54 26 8 21 14 45 35 24 37 27 -1 -1 -1 -1 -25 -1 -1 -1 -1 -128 -1 -1 -1 -1 -1 -1 -1 -1 -1 -28 -28 -25 -32 -21 -22 -13 -4 -32 -81 -84 -69 -65 -61
127 101 95 94 82 85 85 85 85 84 84 84 0 89 81 99 112 66 72 61 58 0 62 67 64 68 42 70 74 73 72 71 33 32 50 73 72 44 47 38 44 26 -1 -2 38 73 62 56 42 48 55 20 50 45 20 0 15 77 56 16 72 0 32 36 74 81 29 45 53 68 53 68 60 36 27 43 66 29 48 10 12 106 118 114 113 107 107 117 96 97 66 107 93 61 50 73 61 7 82 108 97 74 101 24 18 95 21 16 16 19 6 60 117 90 122 95 30 7 0 32 12 123 18 45 44 29 -49 -6 27 -128 91 2 91 107 -1 -1 -1 -1 -1 -1 -1 -1 -1 -1 -1 -1 -37 -28 -25 -17 -14 -35 -12 -1 -13 -30 -81 -63 -61 -39
105 104 101 83 85 85 85 73 83 82 83 84 0 79 97 85 87 68 91 62 83 24 76 24 0 22 15 81 50 81 41 36 0 89 44 81 33 73 82 59 60 55 56 67 60 54 39 25 54 49 48 44 53 25 74 39 0 0 71 47 59 26 14 59 41 56 64 54 56 21 65 45 56 30 37 12 14 67 81 42 114 122 105 101 108 102 89 99 83 93 118 83 81 102 72 105 127 85 49 53 127 43 42 12 13 39 16 21 33 30 36 33 31 53 94 27 0 39 99 33 87 85 72 27 54 19 29 0 70 36 0 -128 -1 -1 -1 -1 -1 -1 -1 -1 -1 -1 -1 -1 -1 -22 -17 -27 -35 -18 -12 -17 -1 -1 -50 -84 -89 -82 -64 -92
127 111 101 81 84 84 84 65 83 83 82 81 82 8 99 87 123 108 58 79 89 87 0 70 67 18 73 60 59 52 27 47 41 43 31 52 90 78 0 78 45 73 25 67 67 30 14 84 84 26 43 84 36 68 55 67 71 60 66 81 39 41 50 62 45 52 10 66 47 18 53 66 49 48 67 53 53 52 38 83 110 113 107 110 105 90 85 100 79 68 81 0 107 127 127 113 20 3 93 113 0 33 20 8 16 20 27 22 26 0 1 3 8 50 27 0 -47 29 54 84 100 90 0 73 81 96 39 21 127 29 -128 107 -1 -1 -1 -1 -1 -1 -1 -1 -1 -1 -1 -1 -1 -13 -27 -27 -14 -22 -40 -20 -128 -39 -60 -63 -101 -78 -91 -100
122 100 81 83 84 83 83 97 72 82 81 83 81 77 0 87 106 125 123 101 85 89 72 70 82 72 32 16 62 55 44 52 76 66 78 16 52 82 67 45 0 22 26 0 53 22 90 78 81 21 79 44 52 47 13 56 52 62 29 16 72 60 66 38 37 50 25 52 71 49 22 38 31 53 58 61 55 20 68 114 118 83 94 105 87 85 107 89 95 95 108 127 124 124 102 55 106 105 70 117 26 32 16 18 19 24 25 29 35 36 39 -128 0 8 -128 -35 0 72 82 64 36 0 -107 85 127 27 104 15 94 13 0 -1 -1 -1 -1 -1 -1 -1 -1 -1 -1 -1 -1 -1 -1 -14 -30 -34 -13 -26 -22 -36 -34 -55 -72 -88 -68 -105 -88 -77
127 96 91 85 83 82 82 82 84 74 77 82 77 77 76 0 74 113 91 87 77 89 78 58 101 84 50 27 76 70 6 26 0 38 0 0 0 21 77 43 74 77 70 44 38 52 18 37 35 66 20 0 38 49 48 19 21 61 70 71 0 42 48 21 21 48 39 22 47 36 32 37 25 30 21 44 16 65 93 117 116 76 94 110 87 22 78 93 88 91 112 113 107 106 66 110 104 99 84 83 89 50 12 0 22 16 21 43 -128 0 21 0 0 -128 0 0 0 0 7 100 84 0 -128 6 35 124 10 113 30 33 -124 54 -1 -1 -1 -1 -1 -1 -1 -1 -1 -1 -1 -1 -1 -23 -32 -31 -11 -25 -13 -44 -12 -44 -73 -75 -77 -73 -69 -84
111 91 99 83 82 77 78 78 78 61 83 77 77 76 74 68 106 124 82 102 110 96 91 55 66 0 39 55 59 32 73 73 97 21 54 52 41 19 53 15 0 83 21 62 64 44 55 65 20 7 56 45 48 16 0 73 44 72 52 0 0 37 55 39 59 55 71 65 56 35 60 49 41 58 56 25 20 50 110 101 83 108 104 95 0 71 87 1 111 96 67 108 58 89 95 120 78 89 0 0 0 26 27 0 20 39 35 19 24 54 61 0 43 35 -128 0 30 19 64 39 117 120 88 15 7 0 90 105 36 24 -1 -1 -1 -1 -1 -1 -1 -1 -1 -1 -1 -1 -1 -1 -37 -32 -47 -49 -13 -26 -47 -41 -42 -51 -74 -100 -72 -72 -93 -96
127 91 100 91 82 82 78 78 78 77 78 73 76 76 73 73 71 85 101 95 102 112 87 95 85 52 0 13 84 49 47 38 47 37 32 68 42 42 58 49 68 0 -128 58 22 24 0 61 31 55 55 53 41 27 3 39 38 55 19 66 66 54 48 74 36 49 33 14 22 56 36 12 60 47 33 100 70 87 67 108 114 99 105 108 102 74 76 84 114 87 2 82 77 0 91 82 81 0 74 100 74 62 14 0 6 32 -128 24 73 95 45 89 33 31 -128 0 -128 13 25 29 0 43 39 65 117 32 66 45 36 3 -128 -1 -1 -1 -1 -1 -1 -1 -1 -1 -1 -1 -1 -1 -46 -37 -40 -31 -9 -13 -31 -27 -53 -70 -67 -92 -77 -75 -87 -81
90 108 81 76 82 77 76 76 77 76 32 74 74 74 70 70 73 71 0 74 90 118 119 117 100 119 91 0 67 39 79 62 49 58 15 29 62 61 76 45 70 -128 -128 27 9 49 56 29 10 48 0 0 43 6 6 97 67 52 65 26 21 20 21 33 26 39 65 37 62 74 32 49 20 29 16 55 77 94 106 104 105 104 95 110 96 88 71 61 97 110 105 77 66 56 81 1 90 114 91 106 67 29 14 22 19 31 7 30 26 60 37 99 96 27 9 -74 25 19 16 104 101 47 97 116 71 105 95 99 113 29 -128 -1 -1 -1 -1 -1 -1 -1 -1 -1 -122 -1 -1 -1 -40 -53 -44 -35 -12 -77 -20 -49 -74 -82 -92 -128 -64 -54 -64 -51
127 85 102 82 91 81 76 76 76 76 90 59 74 71 73 68 68 68 68 65 39 82 91 79 97 127 111 102 0 0 0 93 42 83 43 24 71 30 43 64 39 30 47 82 37 73 27 29 47 83 72 45 89 96 -93 41 85 102 29 64 70 66 49 27 12 0 -105 83 56 36 45 64 64 54 18 111 70 52 61 102 108 87 79 85 0 87 68 0 102 88 72 88 113 64 27 78 97 64 102 72 44 13 33 16 31 22 25 65 82 62 53 119 66 20 13 36 31 27 67 66 47 74 85 83 78 50 104 62 65 -6 -1 -1 -1 -1 -1 -1 -1 -1 -1 -1 -1 -1 -1 -1 -14 -47 -37 -28 -20 -7 -1 -31 -74 -72 -81 -78 -69 -72 -53 -54
102 96 116 106 96 90 81 74 72 76 72 72 73 73 70 68 68 68 68 66 59 48 76 106 127 110 90 113 108 90 114 0 36 58 66 0 77 25 44 0 0 70 54 62 32 78 39 72 64 95 25 83 96 87 127 85 94 64 74 58 36 42 13 85 0 27 37 73 0 12 49 55 18 68 32 106 71 107 91 99 96 90 82 88 88 84 94 88 95 106 74 9 111 67 79 102 89 127 108 77 29 25 10 -128 -128 22 30 31 42 114 116 0 24 4 33 35 21 20 13 20 84 116 0 79 70 118 83 97 -128 -93 -1 -1 -1 -1 -1 -1 -1 -1 -1 -1 -1 -1 -1 -41 -45 -41 -21 -16 -8 -28 -42 -65 -82 -102 -72 -75 -72 -79 -77 -77
127 123 117 116 93 87 82 78 76 73 81 66 73 73 73 68 68 66 65 61 61 65 66 65 37 82 113 104 88 97 81 78 97 62 4 76 90 29 47 52 85 0 0 21 77 74 30 9 27 101 96 116 100 102 122 114 107 116 96 35 24 38 32 61 43 54 -128 32 8 39 22 10 68 33 36 35 62 37 48 105 110 95 55 78 0 60 82 3 119 58 54 88 96 70 90 24 97 95 88 62 93 54 53 25 27 27 50 58 104 119 81 19 4 13 20 20 12 22 38 94 99 107 87 64 83 90 94 26 -102 -1 -1 -1 -1 -1 -1 -1 -1 -1 -1 -1 -1 -92 -1 -35 -54 -39 -31 -44 -23 -1 -1 -56 -75 -92 -86 -97 -74 -72 -81 -65
116 110 122 105 96 87 84 73 77 67 68 61 74 73 68 68 68 66 61 61 61 61 61 62 0 67 71 122 118 104 83 123 78 66 73 84 56 78 56 0 65 76 67 35 37 50 37 53 99 119 102 123 90 106 127 97 124 113 89 29 30 0 24 49 0 78 45 65 3 8 13 29 39 60 26 24 48 42 100 -128 -128 117 78 100 99 70 85 0 122 59 95 106 95 72 120 105 99 95 52 73 68 48 96 47 30 19 16 82 78 45 41 54 13 22 15 20 14 94 18 66 54 70 72 119 66 0 112 61 -1 -1 -1 -1 -1 -1 -1 -1 -1 -1 -1 -1 -1 -1 -17 -55 -39 -28 -18 -28 -2 -36 -63 -84 -89 -73 -75 -83 -128 -75 -65 -77
127 112 118 116 107 93 87 82 78 77 72 67 74 27 67 68 68 66 64 61 61 61 60 60 59 0 0 65 78 117 118 102 95 113 78 89 0 85 78 106 73 83 70 93 0 49 117 91 97 110 114 116 119 127 0 -47 79 95 33 116 124 43 101 0 -126 12 38 62 54 20 60 21 26 21 37 87 60 56 39 70 107 111 113 112 100 66 87 76 102 102 95 73 102 122 25 97 93 74 52 81 85 76 100 47 27 24 19 35 0 38 45 22 19 18 59 30 61 65 0 97 78 65 82 82 91 68 117 119 96 -3 -1 -1 -1 -1 -1 -1 -1 -1 -1 -1 -1 -42 -37 -54 -46 -51 -45 -61 -17 -54 -60 -83 -94 -86 -73 -87 -75 -77 -68 -69
123 120 123 104 88 94 90 85 83 76 73 73 68 65 68 68 65 64 61 61 59 59 58 58 56 56 66 0 74 85 68 90 90 38 107 91 82 84 61 94 59 64 72 97 0 74 88 106 123 97 107 106 111 0 -128 73 76 91 110 66 0 67 65 0 0 0 60 31 12 35 38 68 31 36 97 49 74 101 56 64 72 102 105 43 106 102 7 100 84 82 73 62 100 84 108 66 60 48 50 104 73 81 49 36 9 13 10 24 44 99 95 45 55 47 59 60 25 38 114 68 70 68 52 104 81 37 50 -1 -1 -1 -1 -1 -1 -1 -1 -1 -1 -1 -1 -1 -1 -40 -53 -55 -25 -16 -2 -35 -53 -47 -68 -92 -74 -73 -70 -77 -69 -78 -73 -54
127 127 123 110 110 105 84 0 101 0 76 73 72 65 38 64 66 61 61 59 55 54 53 56 60 56 56 56 52 0 0 64 65 62 71 68 77 0 96 96 78 97 110 78 81 0 101 102 119 100 102 100 64 -93 61 70 76 83 102 60 107 111 91 0 0 37 54 54 45 91 2 35 37 19 79 65 36 49 22 71 113 85 95 77 71 85 10 116 107 85 83 89 120 108 78 76 100 90 108 97 58 116 77 47 55 31 14 78 20 74 59 30 0 16 44 114 74 74 62 106 71 50 68 61 89 100 -22 -128 -1 -1 -1 -1 -1 -1 -1 -1 -1 -1 -1 -1 -12 -47 -54 -49 -30 -6 -14 -47 -49 -60 -82 -100 -81 -128 -74 -69 -72 -69 -81 -72
127 123 112 113 108 110 102 104 67 88 0 97 79 81 54 0 64 61 0 58 50 -128 50 54 56 56 55 52 50 53 61 54 61 73 0 60 55 58 61 81 59 0 0 0 0 124 67 97 107 111 67 66 -125 73 73 90 108 0 0 0 76 100 94 50 0 52 12 18 20 16 19 81 50 50 66 48 27 26 39 77 85 65 65 31 107 71 53 89 104 72 112 119 113 100 118 67 70 21 107 72 107 73 71 50 24 26 58 35 0 43 83 30 15 49 116 90 54 91 123 95 96 32 118 105 93 122 -122 99 -1 -1 -1 -1 -1 -1 -1 -1 -1 -65 -11 -56 -51 -50 -51 -42 -1 -1 -46 -37 -32 -128 -102 -65 -74 -72 -74 -70 -82 -91 -81 -58
127 122 117 117 118 119 110 123 110 119 104 100 100 88 74 82 66 0 -17 62 50 62 54 55 43 77 55 55 56 54 53 54 54 59 61 58 0 45 60 60 60 50 52 50 56 56 52 65 59 0 52 0 73 65 78 118 0 105 116 97 0 105 111 93 101 0 84 79 12 47 70 72 71 50 96 37 71 65 60 58 81 71 36 90 87 89 64 76 73 81 108 110 84 118 90 3 110 84 99 81 72 68 79 96 35 20 38 26 44 90 119 64 26 104 65 96 112 84 120 90 77 82 89 93 48 93 4 2 -1 -1 -1 -1 -1 -1 -1 -14 -31 -18 -46 -49 -59 -55 -49 -22 -7 -11 -56 -58 -36 -87 -91 -74 -81 -73 -83 -77 -64 -69 -65 -75
123 117 118 122 118 118 120 102 104 104 116 102 102 104 110 79 91 82 83 44 62 64 61 62 53 0 20 59 71 58 56 58 58 62 52 48 0 0 50 -128 -128 74 42 41 45 32 47 50 95 104 65 73 90 127 0 70 108 90 89 107 91 123 113 0 0 14 95 61 39 21 43 18 74 89 93 88 78 60 37 81 44 95 79 73 54 73 94 85 90 95 78 113 99 93 106 100 117 20 79 97 108 97 66 38 29 29 42 42 73 0 87 27 111 60 87 74 0 112 91 93 89 95 107 35 88 -53 -1 -1 -1 -1 -1 -1 -1 -1 -25 -30 -63 -45 -61 -44 -55 -30 -7 -1 -14 -44 -39 -49 -88 -84 -69 -69 -70 -74 -81 -78 -70 -91 -56 -84
127 119 120 120 119 122 110 108 100 114 127 113 114 95 94 89 107 87 97 106 88 71 42 66 59 53 53 60 18 66 60 60 60 60 0 54 56 56 0 35 72 76 61 45 110 81 77 76 64 107 74 90 119 102 84 118 91 100 88 95 119 118 120 95 94 0 71 85 35 89 64 44 67 49 85 67 70 0 76 53 77 61 91 82 72 76 113 91 68 91 85 99 111 87 102 101 112 110 104 111 100 77 38 43 32 42 29 52 122 127 87 108 50 66 38 62 71 104 76 97 93 87 95 74 101 65 -11 -82 -1 -1 -1 -1 -1 -1 -1 -41 -39 -58 -40 -42 -45 -16 -1 -14 -34 -50 -51 -68 -89 -79 -73 -73 -87 -81 -82 -72 -77 -97 -82 -54
122 110 124 114 117 112 107 107 101 114 108 110 107 111 114 113 102 96 89 82 77 73 74 70 67 65 50 74 54 41 54 -128 49 55 71 61 53 -128 7 127 110 113 120 124 116 123 108 67 84 85 114 89 104 44 90 94 81 100 91 113 99 108 114 65 0 35 59 29 44 0 87 20 0 100 67 61 48 82 83 68 58 100 59 59 64 58 85 87 95 91 87 90 79 91 74 0 99 107 95 50 66 0 44 116 105 72 31 71 104 0 62 59 3 44 77 72 84 106 112 93 77 107 101 77 13 -1 -67 -128 -1 -1 -1 91 99 -67 -36 -23 -49 -34 -35 -17 -98 -12 -31 -55 -42 -36 -54 -89 -72 -83 -88 -78 -79 -88 -77 -83 -102 -78 -51 -60
127 124 93 106 100 120 111 100 113 124 116 127 120 116 118 118 94 102 97 87 82 94 82 76 79 89 91 71 79 66 72 60 0 53 19 0 62 62 0 64 99 123 106 96 118 111 117 87 100 87 111 88 118 117 110 102 85 108 99 124 99 108 94 124 -128 102 54 56 33 83 81 44 54 0 54 7 0 37 53 64 76 41 67 56 66 100 72 82 111 61 77 106 93 107 106 99 0 114 13 61 66 33 112 87 113 68 66 64 107 72 87 72 49 122 78 48 87 99 90 102 84 114 96 108 64 -128 -1 -1 -39 -1 -1 101 114 7 -21 -20 -16 -1 -30 -1 8 -41 -63 -53 -58 -16 -51 -101 -93 -98 -75 -87 -73 -70 -83 -75 -70 -87 -96 -102
100 104 106 107 111 112 114 113 119 127 116 118 124 123 120 124 117 114 118 97 93 116 114 117 113 113 110 96 91 85 97 64 0 44 67 74 39 0 61 29 0 0 59 105 114 88 117 101 120 96 77 99 16 88 68 87 118 101 101 100 111 114 90 0 41 83 76 43 37 67 59 37 60 96 84 60 79 72 71 42 66 32 47 100 72 91 81 95 110 91 110 122 83 87 111 72 96 127 84 120 66 81 78 74 88 102 94 87 95 0 74 36 44 81 104 3 97 122 78 119 100 100 0 42 -128 -1 -1 -1 -1 -1 83 89 120 -31 -46 -13 -13 -25 -16 -3 -83 -69 -55 -77 -72 -82 -91 -98 -93 -79 -82 -69 -78 -74 -73 -93 -82 -78 -83 -94
127 107 127 113 116 127 120 112 127 127 101 127 119 119 122 119 100 127 119 120 99 110 124 125 127 122 96 104 88 94 81 59 64 29 66 67 65 45 36 68 68 70 68 74 0 0 94 93 79 100 107 83 15 97 77 95 87 119 87 110 96 87 87 0 70 91 53 38 79 84 56 68 89 71 66 78 65 59 73 66 55 6 90 100 107 74 102 82 102 90 105 105 113 101 21 0 79 81 79 58 87 89 96 101 113 94 84 73 99 68 104 49 0 72 110 95 0 94 94 79 73 58 27 26 -128 -1 -1 -1 -9 -1 90 119 112 0 -82 -64 -81 -64 -70 -74 -72 -58 -74 -89 -100 -103 -74 -74 -73 -75 -77 -72 -83 -75 -68 -67 -67 -78 -72 -94
119 120 127 112 112 123 127 123 119 116 127 122 127 122 122 120 127 120 114 120 105 123 123 99 105 100 97 85 81 84 64 52 55 -128 53 67 59 55 66 67 68 70 70 67 32 3 64 59 127 96 59 0 84 71 93 95 96 100 88 96 66 0 70 36 19 30 44 49 52 72 72 49 45 99 21 94 87 104 81 33 47 43 58 95 89 93 78 111 127 119 87 104 79 4 114 84 53 102 58 61 123 60 52 65 50 83 91 82 0 3 70 124 95 66 79 88 72 72 74 62 26 0 -128 -18 -1 -1 -1 -1 -1 30 127 112 112 -87 -53 -60 -54 -73 -59 -61 -53 -91 -102 -128 -67 -70 -72 -88 -69 -78 -86 -77 -73 -72 -70 -98 -77 -98 -78 -81
127 113 110 107 120 106 127 108 118 114 107 120 118 127 123 110 127 127 117 123 108 96 125 122 116 113 94 78 71 71 61 53 45 85 -128 -78 67 -128 70 64 67 70 70 66 73 52 61 71 119 117 122 97 105 0 76 106 123 88 95 72 77 37 0 0 72 110 82 0 0 84 91 78 82 68 68 94 61 71 88 52 77 56 0 48 94 73 87 87 66 94 101 111 74 104 84 42 78 0 0 84 70 0 76 76 82 53 68 66 41 45 94 79 104 25 56 76 74 29 52 100 55 0 0 -1 -1 -1 -1 -1 -1 -2 94 127 96 -74 -93 -89 -78 -78 -82 -102 -106 -89 -96 -81 -77 -73 -84 -72 -72 -73 -88 -79 -83 -81 -72 -93 -82 -86 -83 -72
127 117 122 122 125 120 117 123 127 119 99 94 119 102 107 106 127 105 123 105 118 119 112 117 95 104 90 82 71 65 54 72 58 0 93 54 62 66 79 68 66 68 13 0 64 50 96 124 110 117 108 85 76 94 95 114 97 78 118 102 0 54 85 64 53 88 85 21 88 62 68 50 61 49 79 87 71 0 74 60 76 87 67 104 44 73 0 99 59 76 96 76 84 105 91 37 81 58 127 68 50 88 29 58 94 114 72 101 79 50 35 79 110 45 61 64 71 91 110 107 48 -128 -1 -1 -1 -1 105 101 -1 88 114 119 95 -50 -82 -83 -96 -78 -97 -81 -82 -70 -91 -73 -73 -98 -89 -97 -73 -88 -91 -93 -77 -75 -70 -89 -92 -89 -78 -72
127 107 120 108 120 118 82 104 119 124 99 105 101 101 100 97 91 124 117 120 111 111 117 127 88 82 93 84 76 66 54 58 73 64 15 67 0 43 90 62 66 64 58 79 66 88 89 117 24 108 114 79 60 105 112 105 70 81 54 77 70 0 54 95 91 0 78 102 0 39 82 37 45 44 78 62 74 53 68 58 73 66 0 0 77 100 4 95 89 97 82 106 94 70 53 59 33 31 0 43 74 81 66 45 73 81 74 70 41 19 68 47 108 74 104 59 50 96 93 15 12 -64 -1 -1 -1 -1 -1 -1 -1 -128 112 102 104 -25 -92 -89 -91 -79 -100 -78 -72 -79 -82 -84 -117 -73 -68 -83 -86 -87 -88 -74 -103 -78 -81 -87 -83 -102 -87 -79
106 117 105 104 112 99 93 100 127 99 101 100 90 96 96 101 112 108 106 114 110 107 117 107 89 73 88 71 60 60 60 71 -102 0 -61 78 77 -22 26 -128 67 70 59 0 0 104 116 119 114 0 66 78 93 113 104 83 99 68 27 52 116 106 89 84 54 64 100 95 48 1 44 77 97 88 60 76 90 87 87 0 111 48 93 36 76 91 94 67 89 110 114 110 85 82 104 65 44 44 110 77 26 87 67 65 41 116 42 85 74 113 65 44 1 64 84 53 41 32 36 -72 119 81 -1 -1 -1 -1 -1 68 -1 93 125 95 90 -74 -83 -83 -81 -65 -79 -74 -73 -70 -77 -86 -73 -79 -70 -74 -82 -81 -82 -72 -65 -67 -78 -79 -74 -73 -83 -69
127 101 106 101 99 91 89 102 111 106 102 97 97 94 93 94 91 95 107 90 95 87 105 105 94 100 82 79 55 53 61 66 93 0 0 60 67 68 -128 68 68 44 48 0 61 104 95 102 4 112 101 71 116 100 90 87 49 77 91 82 123 0 104 70 0 44 83 55 64 0 55 73 90 97 67 84 68 89 116 78 104 59 58 0 0 0 0 97 108 112 90 113 62 83 9 85 33 42 53 49 65 47 84 29 79 35 60 52 18 82 91 25 48 78 95 83 31 19 0 -1 -1 104 -1 -1 -1 -1 -1 -1 -1 90 96 114 97 -36 -97 -88 -79 -72 -58 -68 -72 -78 -81 -86 -73 -94 -93 -96 -79 -82 -86 -81 -72 -88 -60 -87 -81 -91 -88 -96
93 95 94 100 90 85 96 106 104 100 99 100 99 94 94 89 105 112 85 89 127 101 122 124 114 94 76 61 55 64 58 66 53 56 -69 72 68 74 22 41 67 0 56 60 0 112 125 43 125 96 105 114 99 76 84 110 67 73 82 100 123 122 79 101 105 72 91 47 49 58 96 87 97 101 96 42 83 0 78 88 95 90 87 91 106 88 0 83 47 77 91 101 68 91 70 0 21 45 54 58 54 38 24 14 70 32 14 26 19 13 70 89 47 0 77 30 3 56 -1 -1 -1 -1 -1 -1 -1 -1 -1 -1 -41 -1 82 117 -22 -27 -72 -81 -77 -81 -94 -72 -74 -93 -105 -74 -83 -98 -101 -75 -75 -83 -74 -77 -72 -93 -72 -81 -86 -86 -97 -87
127 94 94 96 95 91 85 113 102 104 101 101 97 101 95 97 93 127 -128 97 104 82 123 116 112 120 127 65 56 61 84 64 54 65 0 36 73 62 77 82 87 72 77 55 100 83 107 0 123 105 93 74 90 89 85 97 111 84 112 112 83 110 95 73 81 119 88 53 54 74 73 42 35 85 114 101 70 60 85 67 79 66 71 0 89 104 74 106 110 100 53 99 50 76 37 21 43 41 54 9 36 0 4 -128 13 49 37 16 65 7 27 32 30 16 84 -128 39 -84 83 -1 -1 -1 -1 -1 -1 -1 -1 -27 -58 -22 -16 -1 -35 -56 -128 -93 -88 -87 -61 -83 -78 -94 -77 -87 -92 -83 -78 -79 -74 -78 -72 -70 -69 -96 -81 -78 -88 -74 -77 -79
104 89 87 94 97 93 96 107 112 105 104 100 105 102 100 95 85 79 99 118 81 94 114 119 110 117 73 58 62 68 71 -8 67 71 72 -22 55 70 78 62 -55 -25 42 60 33 119 0 100 106 72 84 76 82 73 78 58 127 101 118 99 127 122 85 99 0 59 71 54 96 84 56 61 107 97 78 77 77 99 91 88 84 65 52 0 25 67 101 95 90 112 100 78 41 65 64 38 47 0 13 65 18 56 0 66 56 12 0 16 -128 -44 0 20 -112 -128 -1 -87 97 -1 -1 -1 -1 -1 -1 -1 -1 -1 -45 -60 -51 -32 -34 -125 -18 -56 -56 -78 -78 -92 -97 -75 -87 -82 -77 -75 -72 -88 -98 -97 -73 -74 -86 -86 -91 -86 -73 -78 -88 -78 -72 -56
127 96 74 77 78 0 95 110 116 111 106 116 100 104 101 91 83 77 79 83 93 81 84 101 100 97 60 56 52 88 99 -120 24 -1 0 64 62 -128 -128 52 -128 -1 -1 73 64 83 107 108 100 89 119 77 67 74 67 65 107 116 104 108 113 102 90 118 118 107 0 41 67 101 100 84 90 81 83 66 68 81 96 64 96 83 61 0 119 0 32 87 116 118 117 79 27 60 33 42 24 18 30 85 29 53 74 14 52 13 6 67 -128 -8 -1 0 -1 -1 -1 -1 -1 -1 -1 -1 -1 -1 -1 -1 -51 -36 -61 -69 -77 -61 -68 -18 -11 -59 -40 -70 -70 -77 -91 -97 -83 -92 -89 -92 -91 -79 -63 -78 -93 -75 -83 -73 -75 -86 -86 -88 -87 -86 -72 -79
118 116 87 91 88 76 104 106 111 118 114 117 125 100 96 87 78 68 67 81 84 53 70 105 49 48 62 -1 107 -1 -1 -30 91 -14 0 -128 -1 -128 -114 -1 -1 -1 -55 64 0 89 0 108 91 82 120 100 66 73 65 47 90 104 111 127 125 116 110 100 108 0 84 61 70 81 85 77 74 111 101 0 76 125 0 71 0 0 71 114 120 113 102 117 0 52 59 54 59 24 42 16 43 47 0 44 79 101 59 101 35 49 25 21 -112 -128 -128 -128 106 -1 -1 -1 -1 -1 -1 -1 -1 -21 -8 -51 -46 -59 -75 -58 -65 -128 -86 -8 -47 -78 -13 -7 -83 -81 -53 -79 -72 -86 -79 -77 -94 -107 -93 -81 -86 -88 -93 -92 -74 -82 -81 -89 -64 -84 -77 -73
127 122 87 93 74 99 97 106 114 0 123 123 120 111 87 94 78 89 120 77 93 68 55 48 47 64 68 -1 -1 -1 -1 -1 -1 -1 -1 -1 -1 -1 -1 -1 -1 -1 100 65 84 84 81 78 85 107 125 90 71 73 66 60 64 105 124 119 114 117 106 113 107 119 107 93 71 76 74 71 68 0 55 106 114 0 127 82 0 108 83 0 84 97 112 112 0 73 60 41 55 36 27 35 12 44 49 78 55 9 127 106 9 62 14 26 -4 0 47 81 -1 -1 -55 -1 -1 -1 -1 -1 -12 -9 -6 -35 -53 -65 -61 -67 -81 -65 -68 -51 -14 -87 -83 -42 -44 -72 -63 -96 -70 -86 -77 -74 -72 -83 -73 -101 -69 -75 -86 -117 -83 -72 -73 -69 -75 -87 -81 -70
61 89 87 73 78 89 77 127 120 125 122 122 88 105 100 88 117 110 117 67 0 108 72 56 64 68 53 -1 -1 -1 -1 -1 -1 -1 -34 -1 -128 -1 -1 -1 -1 -1 -1 60 0 82 105 87 119 113 100 77 54 42 0 66 119 111 117 127 107 119 101 10 88 0 82 59 81 62 94 99 0 119 0 93 127 101 106 83 81 58 62 66 96 90 110 106 65 81 70 85 84 12 6 14 29 19 0 0 24 12 100 10 19 16 56 -128 -20 -1 -1 -1 -1 -1 -1 -1 -1 -1 -18 -4 -8 -16 -25 -55 -55 -61 -58 -74 -64 -67 -60 -75 -44 -84 -51 -128 -60 -68 -59 -100 -74 -91 -75 -73 -87 -79 -106 -100 -81 -72 -78 -88 -69 -91 -88 -75 -81 -75 -78 -88
127 70 91 85 66 84 91 117 102 123 123 118 127 95 99 120 119 44 118 68 94 48 60 56 66 68 29 104 -1 -1 -1 -1 -1 -1 -16 -1 -1 -1 -1 -1 -1 -1 107 78 0 93 95 117 71 87 101 91 0 45 87 65 73 117 110 119 91 111 99 74 90 102 106 104 101 104 125 127 81 101 107 101 100 87 88 116 100 112 112 7 67 85 101 96 106 0 124 49 110 15 -86 24 19 19 15 8 0 19 15 0 0 73 97 -44 99 -1 -1 -1 -1 -1 -1 -1 -1 -13 -7 -6 -1 -27 -12 -25 -59 -67 -60 -63 -58 -61 -73 -55 -74 -36 -65 -30 -1 -77 -78 -93 -82 -82 -83 -98 -81 -82 -128 -69 -78 -73 -83 -84 -88 -73 -101 -73 -75 -74 -78 -73
102 97 74 -40 87 100 108 102 104 125 123 119 124 110 120 95 116 102 85 70 90 0 68 60 94 -128 -1 -1 -1 -1 -1 -1 -1 -50 -1 -1 -1 -1 -2 -1 -1 -1 -1 30 60 59 66 117 83 105 106 54 0 81 76 65 116 119 116 118 100 99 102 97 123 81 84 0 73 49 0 88 74 78 118 82 0 111 119 112 100 107 67 59 72 48 83 114 112 111 0 0 9 -61 -1 -107 13 -128 9 25 13 18 -54 100 -1 -1 -1 -1 -1 -1 -1 -1 -1 -1 -1 -1 -4 -8 -1 -11 -7 -25 -42 -46 -53 -60 -64 -67 -67 -68 -92 -65 -72 -68 -53 -32 -56 -87 -128 -97 -82 -83 -93 -89 -68 -84 -92 -92 -91 -77 -75 -74 -72 -70 -78 -98 -72 -72 -87 -91
127 100 87 79 77 59 82 104 102 119 123 125 127 122 127 88 78 118 116 58 64 104 -42 -79 0 -1 -128 -42 -39 -47 -31 -41 -35 -17 -1 -1 -1 -1 -1 -1 -1 -1 -1 -1 71 54 68 99 108 96 87 93 112 96 100 78 100 112 106 117 94 112 101 122 119 110 72 101 67 113 104 55 119 0 116 119 95 106 119 102 101 74 99 62 50 66 66 68 50 83 91 38 -128 -1 -1 -1 -1 -1 -128 9 -128 -1 -1 -1 -1 -1 -1 -1 -1 -1 -1 -1 -1 -1 -1 -1 -11 -11 -9 -8 -1 -23 -51 -61 -69 -78 -58 -65 -56 -58 -63 -84 -67 -36 -128 -54 -35 -63 -59 -87 -73 -91 -88 -77 -72 -93 -69 -69 -78 -86 -82 -74 -94 -92 -81 -84 -69 -92 -84 -91
119 101 88 0 64 84 81 120 106 100 119 122 119 119 124 106 79 124 61 54 -1 104 -17 -28 -39 -41 -40 -46 -40 -28 -40 -128 -32 -27 -49 -41 -7 -1 -1 -1 -1 -1 -1 -1 -111 68 66 119 84 97 73 79 96 114 93 82 111 91 111 101 102 119 122 99 111 125 85 0 106 0 110 0 0 101 107 127 0 105 117 95 120 94 101 64 64 68 68 61 73 110 -128 -1 -1 -1 -1 -1 -1 -1 31 -128 -83 -1 -1 -1 -1 -1 -1 -1 -1 -1 -1 -1 -1 -1 -98 -12 -14 -26 -14 -25 -27 -45 -60 -74 -64 -59 -78 -60 -128 -69 -78 -54 -51 -40 -50 -45 -56 -47 -54 -75 -88 -89 -86 -87 -74 -74 -128 -78 -69 -91 -74 -69 -65 -88 -77 -92 -72 -87 -81 -88
127 107 99 83 106 82 78 74 97 78 95 94 112 123 99 72 85 105 65 -128 -1 -7 -40 -50 -45 -30 -47 -50 -47 -42 -56 -27 -31 -30 -31 -35 -45 -128 -36 -12 -1 -1 -1 -1 -1 -128 81 68 97 88 82 72 71 91 108 84 118 94 118 112 114 107 102 104 127 124 124 97 106 0 107 106 127 124 107 107 97 0 106 96 0 27 123 84 71 55 70 71 79 -87 6 -128 -1 -1 -1 -1 -1 -1 -105 26 -128 95 -1 -1 -1 -1 -1 -1 -1 -1 -1 -1 -1 -1 -1 -31 -14 -34 -23 -14 -32 -54 -58 -128 -63 -56 -68 -55 -56 -59 -83 -77 -56 -49 -54 -55 -53 -50 -56 -79 -77 -78 -78 -94 -67 -82 -88 -98 -69 -63 -74 -72 -81 -97 -73 -73 -75 -74 -70 -75
99 93 94 99 102 93 58 77 81 88 108 112 101 87 72 53 72 50 -1 -1 -17 -53 -53 -42 -45 -47 -44 -59 -51 -41 -50 -46 -37 -45 -40 -41 -34 -35 -28 -34 -39 -40 -4 -128 108 35 -128 76 90 100 66 37 85 94 97 82 127 99 107 96 106 100 106 127 119 106 106 101 88 122 95 79 123 112 111 110 101 110 127 106 108 12 105 114 105 67 70 66 -14 -1 -1 -1 -1 -1 -1 -1 -1 -1 -117 53 -128 -1 -1 -1 -1 -1 -1 -1 -1 -1 -1 -1 -1 -1 -32 -37 -128 -41 -42 -36 -58 -39 -82 -69 -58 -59 -59 -51 -56 -81 -78 -53 -63 -75 -88 -22 -1 -27 -30 -81 -74 -84 -74 -75 -81 -83 -86 -77 -91 -98 -63 -83 -79 -82 -91 -77 -100 -70 -102 -103
127 89 84 87 89 74 44 72 67 107 118 100 108 113 62 56 64 -39 -1 -12 -46 -61 -51 -50 -47 -45 -44 -50 -50 -55 -47 -37 -40 -41 -42 -46 -44 -42 -44 -46 -45 -42 -26 -9 -1 94 -106 48 91 100 96 61 0 1 112 101 127 100 111 105 93 123 100 100 127 113 0 84 0 104 125 127 114 120 117 112 100 106 101 110 105 104 0 84 88 90 58 70 -2 -1 -1 -1 -1 -1 -1 -1 -1 -1 -1 -1 88 -120 -1 -1 -1 -1 -1 -77 -128 -1 -13 -7 -2 -40 -44 -51 -51 -46 -42 -53 -69 -86 -67 -77 -74 -75 -69 -72 -75 -78 -70 -40 -50 -55 -35 -128 -18 -45 -12 -56 -64 -78 -102 -86 -100 -73 -70 -75 -75 -91 -72 -84 -88 -94 -82 -88 -88 -86 -75 -89
79 83 95 73 84 91 62 83 95 118 93 102 52 62 0 -1 -1 -36 -47 -82 -56 -47 -53 -54 -58 -49 -53 -51 -50 -46 -49 -36 -37 -53 -45 -128 -41 -41 -39 -35 -42 -34 -44 -34 -1 -1 99 -112 68 117 90 8 70 84 79 60 110 105 94 95 -1 90 77 0 0 124 107 112 119 97 125 101 108 114 90 127 122 116 95 106 112 113 113 118 58 49 64 -1 84 -1 -1 -1 -1 -1 -1 -124 0 -83 -128 10 22 -42 -1 -1 -1 -1 -1 -1 -1 -9 -16 -8 -16 -28 -47 -50 -63 -64 -60 -60 -81 -63 -73 -67 -69 -65 -69 -74 -77 -69 -51 -40 -51 -17 -16 -2 -3 -12 -1 -61 -68 -91 -98 -74 -81 -73 -73 -69 -77 -61 -91 -83 -82 -77 -89 -93 -79 -72 -73 -87
127 71 62 59 65 74 73 79 0 73 96 41 48 42 -1 -1 -40 -55 -72 -100 -53 -69 -50 -50 -55 -58 -50 -60 -50 -46 -47 -39 -40 -47 -39 -47 -42 -45 -45 -42 -46 -47 -46 -54 -46 -1 -1 0 -128 88 100 76 -89 81 105 72 100 113 95 110 84 0 0 0 0 127 106 100 113 102 116 111 0 110 101 110 104 118 112 112 91 100 114 114 79 61 -64 -1 -1 -1 -1 -1 -1 -1 -1 -1 -1 14 27 0 25 15 0 -1 -1 -1 -1 -1 -1 -7 -4 -21 -23 -39 -37 -115 -65 -75 -63 -59 -82 -70 -83 -68 -67 -70 -78 -67 -74 -70 -73 -84 -53 -8 104 107 72 -8 127 -70 -74 -75 -75 -72 -75 -69 -67 -64 -55 -60 -74 -79 -70 -94 -83 -77 -73 -97 -72 -73
68 62 70 54 54 56 62 50 59 60 -88 -1 -1 -1 -23 -74 -72 -50 -68 -61 -58 -50 -53 -55 -58 -50 -47 -49 -47 -51 -50 -54 -55 -47 -53 -42 -37 -40 -40 -42 -51 -46 -56 -50 -39 -1 -1 66 44 112 116 55 70 79 91 58 111 108 123 -46 120 93 125 102 106 107 108 110 111 0 88 116 117 119 83 127 102 104 97 82 107 0 108 62 66 73 100 -1 -1 -1 -1 -1 -1 -1 -1 0 33 84 49 41 9 -18 -1 -1 -1 -1 -1 -12 -22 -14 -34 -27 -40 -49 -77 -73 -83 -79 -63 -77 -73 -72 -77 -73 -70 -68 -65 -73 -70 -58 -58 -56 -11 31 94 81 82 65 -35 -79 -79 -50 -94 -72 -65 -56 -59 -59 -60 -82 -87 -98 -77 -73 -72 -96 -86 -78 -72 -77
127 84 0 54 59 52 70 70 35 67 -128 -1 -1 -14 -56 -64 -69 -59 -72 -68 -63 -59 -65 -64 -60 -49 -50 -49 -51 -49 -46 -49 -55 -47 -53 -65 -51 -50 -49 -50 -47 -47 -47 -55 -53 -51 -21 52 9 66 91 108 54 61 108 76 64 116 108 89 107 120 97 97 100 112 106 119 124 119 96 0 112 91 89 122 107 101 97 94 110 116 102 102 66 60 -1 -1 -1 -1 -1 -1 -1 -1 -1 0 39 110 112 0 21 -56 -1 -1 -1 -1 -14 -6 -8 -35 -39 -27 -42 -70 -81 -77 -72 -68 -74 -73 -73 -70 -69 -68 -73 -73 -72 -64 -70 -61 -59 -50 -7 41 127 110 54 73 120 -50 -74 -83 -58 -72 -55 -67 -60 -54 -75 -73 -87 -83 -84 -78 -79 -78 -73 -78 -88 -75
65 58 52 67 67 73 81 52 77 -47 -30 -51 -60 -78 -65 -68 -65 -73 -128 -50 -63 -68 -65 -60 -58 -49 -51 -51 -49 -53 -55 -47 -46 -53 -47 -49 -50 -50 -50 -50 -50 -50 -46 -49 -54 -41 -1 -1 -1 97 94 -75 59 64 101 78 66 114 101 122 111 88 117 122 110 88 127 127 116 107 104 0 123 95 108 84 99 120 106 90 64 93 82 81 50 -1 -1 -1 -1 -1 -1 -1 -1 -1 -1 64 114 83 66 35 0 -1 -1 -1 -1 -4 -16 -34 -20 -34 -53 -63 -61 -70 -72 -83 -64 -73 -70 -74 -69 -67 -69 -69 -88 -72 -69 -63 -72 -81 -67 -128 -3 76 127 95 88 59 105 -88 -74 -61 -78 -61 -89 -53 -45 -69 -70 -70 -69 -87 -94 -82 -81 -81 -72 -74 -70 -75
127 55 54 71 72 68 -1 -1 94 -2 -40 -63 -59 -59 -72 -60 -56 -67 -58 -63 -67 -59 -65 -60 -60 -59 -47 -51 -50 -53 -49 -51 -50 -50 -50 -42 -47 -49 -50 -51 -51 -51 -50 -46 -42 -47 -22 -1 -1 -82 118 99 39 56 89 82 56 84 110 101 0 111 122 113 99 107 114 89 101 127 106 0 88 77 90 112 110 105 97 90 110 107 0 8 55 36 -1 -1 -1 -1 -1 -1 -1 -1 -1 -83 73 84 66 2 59 -1 -1 -1 -32 -42 -46 -54 -56 -68 -72 -77 -84 -70 -69 -86 -70 -74 -73 -72 -73 -68 -68 -69 -67 -68 -78 -72 -65 -68 -55 -55 -9 -88 102 88 100 58 53 116 -22 -92 -83 -65 -84 -61 -58 -59 -56 -70 -82 -64 -82 -100 -77 -74 -89 -77 -72 -91
53 66 -11 -1 -39 -1 -28 -30 -34 -58 -64 -54 -47 -72 -67 -61 -60 -69 -63 -60 -59 -63 -59 -60 -61 -60 -59 -49 -47 -49 -47 -47 -49 -50 -42 -50 -50 -49 -50 -50 -49 -51 -53 -47 -47 -51 -44 -1 93 66 119 55 64 58 100 84 66 108 94 0 101 112 111 106 127 101 116 95 122 102 0 107 88 111 89 78 104 106 77 89 117 111 104 0 53 71 -1 -1 -1 -1 -1 -1 -1 -1 -1 -9 0 47 -128 -1 -1 -1 -7 -58 -42 -50 -59 -64 -73 -39 -51 -77 -72 -73 -70 -128 -73 -68 -67 -68 -74 -74 -82 -74 -78 -68 -75 -70 -56 -75 -54 -26 -45 62 107 99 76 52 72 127 -87 -88 -72 -81 -63 -64 -53 -78 -107 -75 -73 -84 -73 -97 -89 -93 -89 -81 -74 -75
127 76 -1 -1 -40 -46 -60 -55 -58 -55 -51 -72 -70 -75 -64 -61 -59 -61 -128 -64 -58 -61 -60 -59 -60 -59 -60 -54 -64 -60 -51 -49 -50 -50 -50 -51 -50 -50 -51 -51 -50 -54 -65 -47 -40 -53 -53 -51 -1 -1 83 0 66 45 68 78 56 65 96 127 127 89 99 119 117 88 91 87 88 99 127 0 85 117 0 87 81 105 87 67 0 106 111 127 0 91 61 -67 -1 -1 -1 -1 -1 -1 -1 -1 95 99 -1 101 -1 -1 -37 -36 -50 -42 -55 -45 -44 -54 -31 -40 -81 -67 -77 -63 -72 -69 -63 -73 -78 -69 -69 -64 -75 -68 -86 -61 -67 -61 -55 -54 -107 -1 118 91 101 70 82 104 -88 -91 -77 -74 -81 -74 -68 -67 -65 -79 -73 -88 -96 -92 -79 -86 -70 -96 -96 -78
123 127 122 127 127 127 127 127 127 127 127 125 127 127 127 127 127 127 127 127 127 127 127 127 127 127 127 127 127 127 125 127 127 127 0 127 127 127 124 125 127 125 127 127 127 127 127 127 123 -96 127 100 -128 127 123 127 123 127 127 0 127 127 127 127 127 127 127 127 127 127 0 127 0 127 127 0 0 127 127 127 18 127 127 127 127 127 127 107 117 127 127 127 127 127 127 127 119 117 124 127 127 127 127 127 127 127 127 127 127 127 127 127 127 127 127 127 127 127 127 127 127 127 127 127 127 127 127 127 127 127 127 127 119 127 127 127 127 127 127 -128 127 127 127 127 127 127 127 127 123 119 127 127 127 127 127 127 127 127 127 119
