river 10 Danube
123 506
124 506
124 507
125 507
124 508
125 508
124 509
125 509
126 509
127 509
127 510
128 510
128 511
128 512
128 513
129 513
129 514
129 515
129 516
130 516
131 516
131 517
131 518
132 518
131 519
132 519
133 519
134 519
134 520
135 520
134 521
135 521
135 522
136 522
137 522
137 523
138 522
138 523
139 523
140 523
141 523
142 522
142 523
143 522
144 522
145 522
146 522
147 522
148 521
149 521
150 521
151 521
152 521
153 521
154 521
155 521
156 521
157 521
158 520
159 520
160 519
161 519
162 519
163 518
164 518
165 518
166 518
167 517
168 517
169 517
170 517
171 517
172 517
173 517
174 517
175 517
176 516
177 516
177 515
178 515
178 514
179 514
180 513
180 514
181 513
182 513
183 513
184 513
185 513
185 514
186 514
187 513
188 513
189 512
190 512
191 512
192 512
192 513
192 514
192 515
192 516
191 517
191 518
191 519
190 520
190 521
189 522
188 523
188 524
187 525
186 526
186 527
185 528
184 529
184 530
183 530
183 531
183 532
182 533
182 534
182 535
181 536
180 537
180 538
179 539
178 540
177 540
176 541
175 542
174 543
174 544
173 544
173 545
172 546
172 547
171 548
171 549
170 550
169 551
169 552
168 552
168 553
167 554
167 555
166 556
166 557
166 558
166 559
165 560
166 560
166 561
166 562
167 562
167 563
167 564
166 564
166 565
165 566
165 567
165 568
165 569
164 570
164 571
163 572
162 572
162 573
161 574
161 575
160 576
160 577
river 10 Donau
-32 463
-33 464
river 10 Donau
-220 518
-220 519
-220 520
-220 521
-219 521
-218 521
-217 521
-217 522
-217 523
-218 524
-217 524
-216 524
-216 525
-215 525
-215 526
-215 527
-215 528
-215 529
-214 529
-213 528
-212 527
-212 528
-212 529
-211 529
-210 529
-210 530
-209 529
-208 529
-207 529
-206 529
-205 528
-205 529
-204 528
-204 529
-203 528
-203 527
-202 526
-201 526
-200 525
-199 525
-198 524
-197 523
-196 522
-195 522
-195 523
-196 524
-195 524
-194 523
-193 523
-193 522
-192 521
-191 521
-190 520
-189 519
-188 519
-187 519
-186 519
-185 519
-184 519
-184 520
-183 519
-182 519
-182 520
-181 519
-181 520
-180 520
-179 520
-178 520
-178 521
-177 520
-176 520
-175 519
-174 518
-173 517
-172 517
-171 516
-170 515
-169 514
-169 513
-168 513
-168 512
-167 512
-167 511
-166 511
-166 510
-165 510
-165 509
-164 509
-163 509
-162 509
-161 509
-161 510
-160 509
-160 510
-159 509
-158 509
-157 508
-156 507
-155 507
-154 506
-154 507
-153 506
-152 506
-151 505
-150 504
-150 505
-149 504
-148 504
-147 503
-146 502
-145 501
-144 501
-144 500
-143 500
-143 499
-142 499
-141 498
-140 497
-139 496
-138 496
-137 496
-136 496
-135 496
-134 496
-133 495
-132 495
-131 494
-131 495
-130 494
-129 494
-128 494
-127 493
-126 493
-125 492
-124 491
-123 490
-123 489
-122 489
-121 488
-120 488
-119 487
-118 487
-117 487
-116 486
-115 486
-114 486
-113 485
-112 484
-111 484
-110 483
-109 483
-108 482
-107 481
-106 480
-105 480
-104 479
-103 479
-102 478
-101 478
-100 478
-99 477
-99 478
-98 477
-97 477
-96 477
-95 477
-94 477
-93 477
-92 477
-91 477
-90 477
-89 477
-88 477
-87 477
-86 476
-86 477
-85 476
-85 477
-84 476
-83 476
-83 477
-82 476
-81 476
-80 476
-79 476
-78 475
-77 474
-77 475
-76 474
-76 475
-75 475
-74 475
-73 475
-72 474
-71 474
-70 474
-69 474
-68 473
-67 473
-66 472
-65 471
-64 471
-64 470
-63 470
-62 469
-62 468
-61 467
-60 466
-60 467
-59 466
-58 466
-58 465
-57 465
-56 465
-55 465
-54 465
-53 465
-52 464
-51 463
-51 464
-50 463
-50 462
-51 462
-50 462
-50 461
-49 461
-48 460
-48 459
-47 458
-47 457
-47 458
-46 457
-46 458
-45 457
-45 458
-44 457
-44 458
-43 457
-43 458
-42 458
-42 459
-41 458
-40 458
-39 458
-38 457
-38 458
-37 458
-37 459
-36 458
-36 459
-37 460
-38 461
-37 461
-36 461
-35 461
-34 461
-33 461
-33 462
-32 462
-31 462
-32 463
river 10 Donau
123 506
123 505
122 505
122 504
122 503
123 502
123 501
122 501
121 501
120 501
119 501
119 500
118 500
118 499
117 499
116 500
116 501
115 501
114 501
113 502
112 502
111 503
111 502
110 503
109 503
108 503
107 503
106 503
105 503
104 503
103 503
102 503
101 503
101 502
100 503
100 502
99 502
99 501
98 501
98 500
98 499
97 499
97 498
97 497
97 496
97 495
97 494
97 493
97 492
97 491
97 490
97 489
97 488
96 489
95 489
94 489
93 490
92 490
91 490
90 491
90 490
89 491
88 491
87 491
86 491
85 491
84 491
83 491
82 491
81 491
81 490
81 489
80 489
79 489
78 489
77 489
76 489
75 489
75 488
74 489
74 488
73 489
73 488
72 488
71 488
70 489
69 489
68 489
67 489
66 489
65 490
64 490
64 491
63 491
63 492
62 492
62 493
61 494
61 495
60 496
59 497
59 498
58 499
57 499
57 500
56 500
55 501
54 501
53 502
52 502
51 502
50 503
49 503
48 503
47 503
46 504
45 505
44 506
44 505
43 505
43 504
42 504
41 504
41 503
40 503
40 502
39 502
38 502
37 503
36 503
36 504
35 504
34 505
33 505
32 506
31 506
30 506
29 507
29 506
28 507
28 506
27 507
27 506
27 505
27 504
26 504
26 503
25 503
24 503
23 503
22 503
21 503
20 503
20 502
19 502
20 501
19 501
19 500
18 500
19 499
18 499
18 498
17 499
16 500
16 499
15 499
14 499
14 498
13 498
12 499
11 499
10 499
9 499
8 499
8 498
8 497
9 496
9 495
9 494
9 493
8 493
7 493
7 492
6 492
6 491
5 491
4 491
3 491
3 490
2 490
3 489
2 489
2 488
2 487
1 487
0 487
0 486
0 485
-1 485
-1 484
-2 485
-2 484
-3 484
-4 484
-5 484
-6 484
-7 484
-8 484
-9 484
-9 483
-10 483
-10 482
-11 483
-11 482
-12 483
-12 482
-13 483
-13 482
-14 483
-14 482
-15 482
-15 481
-15 480
-16 480
-16 479
-17 479
-17 478
-17 477
-18 477
-17 476
-17 475
-18 475
-19 476
-20 476
-19 475
-20 475
-19 475
-18 474
-18 473
-18 472
-18 471
-18 470
-18 469
-18 468
-19 469
-19 468
-20 468
-21 468
-22 468
-23 469
-24 469
-25 469
-25 468
-25 467
-25 466
-25 465
-26 465
-27 465
-27 464
-28 464
-29 464
-30 465
-31 466
-31 465
-32 465
-32 464
-31 464
-32 464
-33 464
-32 463
river 8 Rhein
-197 546
-196 546
-196 547
-195 547
-194 547
-194 548
-193 548
-193 549
-192 549
-192 550
-191 550
-191 551
-190 551
-190 552
-190 553
-189 553
-189 554
-188 554
-188 555
-187 555
-188 556
river 8 Rhein
-199 546
-199 545
-200 545
-200 544
-201 544
-202 544
-203 545
-204 545
-205 546
-206 546
-207 547
-207 546
-208 547
-209 547
river 8 Rhein
-199 546
-198 546
-197 546
river 8 Rhein
-201 577
-201 576
-200 575
-199 574
-198 573
-197 572
-196 571
-195 570
-194 569
-193 568
-192 567
-191 566
-190 565
-189 564
-188 563
-187 562
-187 561
-186 560
-187 560
-187 559
-188 559
-188 558
-188 557
-188 556
river 8 Oder
184 396
185 396
186 396
187 396
187 397
188 397
189 397
189 398
190 398
190 399
190 400
190 401
191 401
191 402
192 402
193 402
194 402
194 401
195 400
196 400
197 399
198 399
198 398
199 398
200 397
201 396
202 396
203 395
204 394
205 394
206 393
207 392
207 391
208 391
208 390
209 390
209 389
209 388
210 387
211 386
212 386
213 385
214 384
215 383
216 382
216 381
217 381
217 380
216 380
217 379
216 379
216 378
216 377
216 376
216 375
216 374
216 373
216 372
217 371
216 371
217 370
217 369
218 368
219 367
219 366
220 365
220 364
220 363
221 363
222 362
221 362
222 361
222 360
221 360
221 359
221 358
221 357
221 356
220 357
221 356
220 356
220 355
220 354
220 353
220 352
220 351
219 351
219 350
218 350
218 349
218 348
217 348
218 347
217 348
217 347
217 346
217 345
218 344
217 344
218 343
219 342
219 341
219 340
220 339
220 338
220 337
220 336
220 335
220 334
220 333
220 332
219 332
220 331
219 331
220 330
219 330
218 330
217 330
217 329
216 329
216 328
215 328
214 328
215 327
214 327
213 327
213 326
213 325
212 325
211 325
210 325
209 326
209 325
208 325
209 324
208 324
208 323
208 322
207 322
207 321
206 321
206 320
205 320
205 319
205 318
206 317
206 316
205 316
205 315
205 314
204 314
203 314
202 315
203 314
202 314
201 314
202 313
203 312
202 312
202 311
201 311
200 311
199 311
199 310
198 310
198 309
198 308
197 308
197 307
196 307
197 306
197 305
196 305
197 304
196 304
196 303
195 303
195 302
194 302
193 302
192 302
191 303
190 303
189 303
188 303
187 303
186 303
185 304
184 304
183 305
182 305
181 305
182 304
182 303
181 303
182 302
181 302
181 301
182 300
183 299
184 298
184 297
185 296
185 295
185 294
185 293
186 292
186 291
187 290
187 289
188 288
189 287
190 286
189 286
189 285
190 284
189 284
189 283
188 283
189 282
188 282
189 281
188 281
187 281
187 280
188 279
187 279
187 278
186 278
186 277
185 277
184 277
183 277
182 278
181 278
180 278
179 278
178 278
178 277
177 278
177 277
176 277
176 276
175 276
174 277
174 276
174 275
173 276
173 275
172 275
172 274
172 273
171 273
170 273
170 272
170 271
170 270
171 270
171 269
172 268
173 267
174 266
174 265
173 265
174 264
175 263
176 262
176 261
176 260
176 259
175 260
175 259
174 260
173 260
173 259
173 258
172 258
173 257
173 256
172 256
171 256
170 256
169 256
168 256
167 256
166 256
166 255
165 255
164 256
163 256
162 256
162 255
161 255
160 255
159 255
158 255
157 256
156 257
156 256
155 257
154 257
153 257
153 256
152 256
152 255
151 256
150 257
150 256
149 257
148 257
147 257
146 257
146 256
145 256
144 256
143 256
142 256
142 255
141 255
142 254
141 254
141 253
142 252
143 251
143 250
144 249
143 249
144 248
145 247
145 246
146 245
145 245
145 244
144 244
143 244
143 243
142 243
143 242
143 241
143 240
144 239
143 239
144 238
144 237
144 236
144 235
145 234
146 233
147 233
148 232
149 231
149 230
150 230
150 229
150 228
150 227
151 227
151 226
152 225
153 224
152 224
152 223
152 222
152 221
151 221
151 220
150 220
149 220
150 219
149 219
149 218
148 218
149 217
148 217
149 216
148 216
149 215
148 215
148 214
148 213
147 213
147 212
146 212
146 211
145 211
145 210
145 209
144 210
144 209
143 209
142 209
143 208
142 208
143 207
144 207
144 206
145 205
145 204
146 203
146 202
146 201
147 200
148 200
148 199
149 199
150 198
151 198
152 197
153 197
154 196
155 195
156 194
157 193
158 192
158 191
159 190
160 189
160 188
160 187
161 186
161 185
162 184
163 184
163 183
164 183
164 182
165 181
166 180
166 179
167 178
168 177
169 176
170 175
170 174
171 174
172 173
173 172
173 171
174 170
175 169
176 168
177 167
178 166
178 165
179 164
179 163
180 162
180 161
180 160
180 159
river 8 Rhin
-209 547
-209 546
-209 545
-210 545
-211 545
-211 544
-212 544
-213 544
-214 544
-215 544
-216 544
-217 544
-217 545
-218 545
-218 546
-218 547
-219 547
-220 548
-220 549
-221 550
-222 551
-223 552
-224 553
-224 552
-225 552
-224 551
-225 551
-226 551
-227 551
-228 551
-229 551
-230 551
-231 551
-232 551
-232 550
-232 549
-233 549
-233 548
-234 548
-235 549
-235 548
-236 549
-237 549
-238 550
-239 550
-240 551
-241 552
-242 552
-243 552
-244 552
-245 552
-246 552
-247 552
-248 552
-248 551
-247 550
-248 550
-249 550
-250 550
-250 549
-251 550
-252 551
-253 552
-254 552
-255 552
-256 553
-256 552
-257 553
-257 552
-258 553
-258 552
-259 552
-259 551
-260 551
-259 550
-259 549
-258 549
-259 549
-258 548
-258 547
-258 546
-258 545
-258 544
-259 544
-258 543
-258 542
-257 541
-256 540
-255 539
-255 538
-255 537
-254 536
-253 535
-252 534
-251 533
-251 532
-250 531
-250 530
-249 530
-248 529
-248 528
-247 527
-246 526
-245 525
-244 524
-244 523
-244 522
-244 521
-244 520
-243 519
-243 518
-242 517
-242 516
-241 515
-240 514
-239 513
-238 512
-237 511
-236 510
-235 509
-234 508
-233 507
-232 506
-231 505
-231 504
-230 503
-229 503
-228 502
-227 501
-227 500
-226 499
-227 499
-226 498
-226 497
-225 496
-224 495
-223 494
-222 493
-222 492
-221 491
-220 491
-220 490
-219 490
-219 489
-219 488
-218 487
-217 486
-217 485
-216 484
-215 483
-214 482
-213 481
-212 481
-211 480
-210 479
-209 479
-208 478
-207 477
-206 476
-206 475
-205 475
-204 475
-203 474
-202 473
-201 473
-200 472
-199 472
-199 471
-198 471
-198 470
-197 469
-196 468
-195 467
-194 466
-194 465
-193 465
-193 464
-192 464
-192 463
-191 463
-190 462
-189 462
river 8 Rhine
-189 462
-188 461
-187 460
-186 459
-185 459
-185 458
-184 457
-183 456
-182 455
-181 454
-180 453
-179 452
-178 451
-178 450
-177 449
-177 448
-176 447
-175 446
-175 445
-174 445
-174 444
-173 444
-172 443
-171 442
-170 442
-170 441
-169 441
-168 440
-169 440
-169 439
-168 438
-167 437
-166 436
-165 435
-165 434
-165 433
-164 433
-164 432
-163 432
-164 432
-163 431
-164 431
-165 431
-165 430
-164 430
-163 429
-164 429
-163 428
-163 427
-163 426
-163 425
-163 424
-162 423
-162 422
-161 421
-161 420
-161 419
-161 418
-161 417
-160 416
-160 415
-159 414
-158 414
-157 413
-156 413
-155 412
-154 411
-153 410
-154 410
-155 410
-155 409
-155 408
-155 407
-154 406
-154 405
-154 404
-154 403
-154 402
-153 401
-152 400
-152 399
-152 398
-152 397
-152 396
-152 395
-153 395
-153 394
-153 393
-153 392
-154 392
-155 392
-156 393
-156 392
-157 393
-158 393
-159 393
-160 394
-161 394
-162 395
-163 395
-164 396
-165 396
-166 396
-167 397
-167 396
-168 397
-168 396
-168 395
-167 394
-168 394
-168 393
-168 392
-168 391
-169 391
-168 390
-168 389
-168 388
-168 387
-168 386
-167 385
-167 384
-168 384
-168 383
-169 383
-169 382
-168 381
-169 381
-168 380
-169 380
-168 379
-169 379
-169 378
-168 378
-167 378
-166 378
-166 377
-166 376
-166 375
-166 374
-166 373
-165 372
-164 371
-163 370
-163 369
-163 368
-164 368
-164 367
-165 368
-165 367
-166 367
-167 367
-167 366
-168 366
-168 365
-169 365
-169 364
-169 363
-169 362
-169 361
-169 360
-169 359
-169 358
-169 357
-169 356
-170 356
-170 355
-169 354
-169 353
-168 352
-168 351
-168 350
-167 349
-168 349
-168 348
-168 347
-169 347
-168 346
-169 346
-168 345
-168 344
-169 344
-169 343
-169 342
-169 341
-169 340
-170 340
-169 339
-168 338
-167 338
-166 337
-165 336
-166 336
-167 336
-167 335
-167 334
river 8 Rhine
-166 332
-165 331
-164 330
-165 330
river 8 Rhine
-164 329
-164 328
-163 327
river 7 Elbe
23 173
23 172
24 171
24 170
24 169
25 168
24 168
23 168
22 168
22 167
21 168
21 167
20 168
20 167
19 167
18 167
river 7 Elbe
23 173
23 172
22 172
21 172
21 171
20 172
20 171
20 170
19 170
19 169
18 169
17 169
17 168
river 7 Elbe
57 273
56 273
56 274
55 274
55 275
55 274
54 275
55 274
55 273
54 274
53 274
52 275
51 275
51 274
50 274
50 273
49 273
48 273
47 274
46 275
46 274
45 274
44 274
43 274
42 274
41 274
40 274
40 273
40 272
39 272
39 271
39 270
39 269
38 269
39 268
38 268
39 267
39 266
40 265
40 264
39 265
38 265
37 265
37 264
36 264
35 264
34 264
34 263
34 262
34 261
34 260
35 259
35 258
36 257
36 256
37 255
38 254
39 253
40 252
40 251
41 250
42 249
43 248
44 247
45 246
45 245
46 245
47 244
47 245
48 244
49 244
50 243
51 243
51 242
52 242
53 241
53 240
54 240
55 239
56 238
56 237
57 237
57 236
57 235
57 234
58 233
58 232
59 231
59 230
60 229
61 228
61 227
62 226
63 225
63 224
64 223
65 222
65 221
66 220
66 219
67 218
68 217
67 217
68 216
68 215
69 214
69 213
70 212
70 211
70 210
70 209
69 209
68 209
68 208
67 208
67 207
66 207
66 206
67 205
67 204
66 204
65 204
66 203
65 203
65 202
64 203
63 203
63 202
63 201
62 201
61 201
62 200
63 199
62 199
61 199
60 199
59 199
59 198
58 198
58 197
57 197
56 197
55 198
54 198
53 198
53 197
53 196
52 196
53 195
52 195
53 194
52 194
52 193
52 192
51 193
50 193
51 192
50 192
51 191
50 191
49 192
48 192
47 193
47 192
46 192
46 191
46 190
45 190
45 189
45 188
44 188
44 187
43 187
43 186
42 186
42 185
42 184
41 184
42 183
41 183
40 183
41 182
41 181
41 180
42 179
41 179
41 178
40 179
40 178
39 179
39 178
38 179
38 178
37 179
36 179
35 179
35 178
34 178
34 177
33 177
33 176
32 176
32 175
31 175
30 175
29 175
28 175
27 176
26 177
26 176
25 177
25 176
24 177
24 176
24 175
23 175
23 174
23 173
river 7 Elbe
69 298
70 297
69 297
68 297
68 298
67 298
68 297
67 297
67 296
66 296
66 295
66 294
65 294
65 293
66 292
67 291
67 290
66 290
66 289
66 288
65 288
65 287
64 287
64 286
63 286
63 285
63 284
64 283
63 283
64 282
64 281
64 280
65 279
65 278
66 277
67 276
66 276
66 275
65 276
65 275
64 275
63 275
63 274
62 274
61 274
60 274
59 275
59 274
58 274
57 274
57 273
river 7 Elbe
133 343
134 343
133 344
134 344
133 345
134 345
133 346
133 347
132 348
132 349
132 350
133 350
133 351
134 351
134 352
135 352
135 353
134 354
134 355
133 356
133 357
134 357
134 358
135 358
135 359
135 360
136 360
137 360
137 361
137 362
river 7 Elbe
137 362
137 363
137 362
river 7 Elbe
137 362
136 363
137 363
136 364
135 365
134 366
133 367
132 368
131 369
130 370
130 371
129 372
130 372
129 373
128 374
128 375
127 376
127 377
126 378
126 379
125 379
125 380
126 380
126 381
126 382
125 382
124 383
123 383
122 384
122 383
121 384
121 383
120 384
119 384
118 384
117 384
116 385
116 384
115 385
115 384
114 385
114 384
113 385
113 384
112 385
112 384
111 385
110 385
109 385
108 385
107 385
106 386
105 386
104 386
103 387
102 387
102 386
101 386
100 386
101 385
100 385
101 384
100 384
101 383
101 382
101 381
102 380
101 380
101 379
101 378
100 378
100 377
99 377
98 378
97 378
96 378
95 378
94 378
93 378
92 378
91 378
90 378
89 379
88 379
88 378
87 378
86 379
86 378
85 378
85 377
85 376
85 375
84 375
83 375
83 374
82 374
83 373
82 373
83 372
82 372
82 371
82 370
83 370
83 369
83 368
82 368
82 367
83 366
83 365
83 364
82 364
82 363
82 362
82 361
82 360
81 360
80 361
79 362
78 363
77 363
77 362
77 361
78 360
78 359
78 358
78 357
77 357
76 357
75 357
74 358
73 358
73 357
73 356
73 355
73 354
74 353
75 353
76 352
76 351
75 351
76 350
76 349
77 349
78 349
79 348
80 347
80 348
81 347
81 348
82 347
83 346
83 345
83 344
84 343
84 342
85 342
85 341
86 341
86 340
87 340
87 339
87 338
88 337
88 336
89 335
89 334
89 333
89 332
88 332
87 332
86 332
85 332
84 332
85 331
86 330
86 329
85 330
85 329
84 330
83 330
82 330
82 329
81 330
81 329
80 330
80 329
80 328
80 327
80 326
79 326
80 325
79 325
79 324
79 323
78 323
77 324
77 323
76 323
75 323
75 322
74 322
74 321
73 321
72 321
72 320
71 320
71 319
71 318
70 318
70 317
70 316
69 316
69 315
69 314
70 314
70 313
71 312
70 312
71 311
71 310
71 309
70 309
70 308
69 309
69 308
68 309
68 308
69 307
68 307
69 306
68 306
67 306
67 305
68 305
69 304
69 303
68 303
68 302
68 301
69 300
69 299
69 298
river 7 Vistula
234 379
235 378
236 378
237 378
238 378
239 378
river 7 Vistula
239 378
240 378
240 379
240 378
241 378
242 377
243 377
244 376
245 376
246 376
247 375
247 374
248 373
248 372
249 372
249 371
250 370
251 369
252 368
253 368
254 368
254 367
254 368
255 368
255 369
256 368
257 368
258 368
259 368
259 369
260 368
260 369
261 369
262 368
263 368
264 368
264 369
265 369
265 370
266 370
265 371
266 371
267 371
268 371
269 371
270 371
271 371
272 370
272 371
273 370
274 369
275 368
275 367
276 367
277 366
278 366
279 365
280 365
281 364
281 365
282 364
283 364
283 365
284 364
285 364
286 364
287 364
288 364
289 364
290 364
291 363
292 363
293 362
294 362
294 361
295 360
296 360
297 360
298 359
297 359
298 358
299 358
300 357
301 357
302 356
302 357
303 356
304 356
305 356
306 356
307 355
308 355
309 354
310 353
311 352
312 351
313 350
314 349
315 349
316 348
316 347
317 347
318 346
318 345
319 344
319 345
320 345
321 345
322 344
323 344
324 343
324 344
325 343
326 342
327 342
328 342
329 341
330 341
331 340
332 339
333 339
334 339
334 340
335 339
336 338
337 338
337 337
338 336
339 336
339 335
340 335
341 334
342 333
343 333
343 332
344 332
345 331
346 331
river 7 Vistula
383 257
383 256
382 256
382 255
381 255
380 255
380 254
380 253
380 252
379 252
378 253
378 252
377 253
377 252
377 251
377 250
377 249
376 249
377 248
377 247
378 246
378 245
378 244
378 243
377 243
377 242
376 242
375 242
375 241
374 242
375 241
374 241
375 240
374 240
374 239
374 238
375 237
376 236
377 235
377 234
376 234
376 233
375 233
376 232
376 231
377 230
376 230
377 229
376 229
377 228
377 227
377 226
377 225
377 224
376 224
376 223
376 222
376 221
375 221
376 220
375 220
374 220
374 219
374 218
374 217
374 216
374 215
373 215
372 215
372 214
372 213
373 212
372 212
372 211
371 211
370 211
369 211
369 210
368 210
367 210
366 210
366 209
366 208
365 209
364 209
363 209
362 210
362 209
361 210
361 209
360 210
359 210
358 211
357 211
356 212
355 212
355 213
354 213
353 214
352 214
351 214
351 213
350 214
349 214
348 214
347 215
346 215
345 215
344 215
343 215
342 215
341 215
341 214
340 214
340 213
339 213
339 212
338 212
338 211
337 211
336 211
336 210
335 210
334 210
333 210
334 209
333 209
333 208
333 207
332 207
331 207
331 206
330 206
329 206
328 206
327 206
327 205
326 205
326 204
325 205
325 204
324 204
324 203
323 203
322 203
321 203
320 203
319 203
319 202
318 203
318 202
317 202
316 202
315 202
314 202
313 202
313 201
312 201
312 200
312 199
312 198
312 197
311 197
312 196
311 196
311 195
311 194
311 193
312 192
311 192
312 191
311 191
311 190
310 190
310 189
310 188
309 188
309 187
308 187
308 186
307 186
307 185
308 184
307 184
308 183
308 182
307 182
306 182
305 183
304 183
303 183
303 182
302 183
302 182
301 182
300 182
299 182
299 181
298 181
298 180
297 180
296 180
296 179
295 179
294 179
293 179
292 179
292 178
291 178
291 177
292 176
293 176
293 175
294 175
294 174
295 174
295 173
295 172
296 171
297 170
298 169
299 169
300 168
301 167
302 166
302 165
303 165
303 164
304 163
305 162
306 161
307 161
308 160
309 159
310 158
311 157
312 157
313 157
314 156
315 156
316 155
317 155
318 155
319 154
320 153
321 152
322 151
323 150
323 149
324 148
324 147
325 146
325 145
326 144
325 144
326 143
325 143
326 142
326 141
327 140
327 139
328 139
328 138
329 137
330 136
331 136
332 135
333 134
333 133
333 132
333 131
334 130
334 129
335 128
335 127
336 126
337 125
337 124
338 123
337 123
337 122
338 121
338 120
338 119
339 118
339 117
339 116
339 115
339 114
340 113
339 113
340 112
340 111
341 110
341 109
342 108
343 107
343 106
344 106
344 105
345 105
346 104
347 103
348 102
348 101
349 100
349 99
350 98
349 98
350 97
350 96
351 95
351 94
river 7 Vistula
230 396
230 395
229 395
230 394
229 394
229 393
229 392
230 391
230 390
231 389
231 388
231 387
231 386
231 385
231 384
231 383
231 382
232 381
232 380
233 380
234 379
river 6 Mur
-47 575
-47 576
-46 576
-46 577
-45 577
river 6 Mur
-38 577
-37 577
-36 577
river 6 Mur
-29 577
-28 577
-27 576
-26 576
-26 577
-25 577
-24 577
-23 576
-22 576
-21 576
-20 576
-19 575
-18 575
-17 575
-16 574
-16 575
-15 574
-14 574
-13 574
-12 573
-11 572
-10 571
-9 570
-8 570
-7 569
-6 569
-5 569
-4 568
-3 568
-3 569
-2 569
-2 570
-1 570
0 570
1 569
2 569
3 569
4 569
5 569
6 569
7 568
8 567
8 566
9 565
10 565
11 564
12 563
13 562
14 561
15 560
16 560
16 559
17 559
18 559
19 558
19 559
20 558
21 557
22 556
23 556
23 555
24 555
25 555
26 555
27 554
27 555
28 554
28 555
29 555
29 554
30 554
30 555
30 556
30 557
31 557
30 558
31 558
31 559
31 560
30 561
29 561
28 562
28 563
27 563
27 564
26 565
27 565
27 566
26 567
27 567
26 568
26 569
25 569
25 570
24 571
24 572
24 573
25 572
25 573
26 573
26 574
27 574
26 575
27 575
26 576
26 577
river 6 
255 513
254 514
253 515
252 515
252 516
251 517
250 518
250 519
249 519
248 520
247 521
246 521
245 522
244 523
243 523
242 524
241 525
240 526
240 527
239 527
238 528
237 528
236 529
235 530
234 530
234 531
233 532
234 532
235 532
235 533
235 534
234 535
234 536
235 536
234 537
235 537
234 538
234 539
233 540
232 540
231 541
230 541
229 541
229 540
228 541
228 542
227 542
226 543
225 544
224 545
223 545
223 546
222 547
221 547
220 548
219 548
219 549
218 550
218 551
219 551
218 552
218 553
217 554
218 554
217 555
217 556
218 555
219 555
220 555
221 555
220 556
219 556
218 557
217 557
217 558
216 558
215 559
214 560
213 560
212 561
211 562
211 563
212 562
212 563
213 562
213 563
212 564
211 565
210 566
209 567
209 566
208 567
207 567
206 568
206 569
206 570
205 571
206 571
205 572
206 572
205 573
206 573
206 574
206 575
207 575
207 576
207 577
208 577
209 577
river 6 Soroksari Duna
182 535
183 535
182 536
183 536
182 537
182 538
182 539
181 540
180 541
179 542
178 543
177 544
176 545
176 546
175 546
175 547
174 547
174 548
173 549
172 550
172 551
171 551
171 552
170 553
170 554
170 555
169 556
170 556
169 557
170 557
170 558
170 559
169 559
168 560
167 561
167 562
168 562
167 563
river 5 Mosel
-199 399
-198 398
-198 397
river 5 Mosel
-197 395
-196 395
-195 395
-195 396
-196 397
-195 397
-194 396
-194 395
-194 394
-193 393
-193 392
-192 391
-192 390
-192 391
-191 391
-192 392
-191 392
-191 393
-191 392
-190 391
-191 391
-191 390
-191 389
-190 388
-190 387
-189 387
-189 388
-188 388
-187 387
-186 387
-185 386
-186 386
-185 385
-184 384
-185 384
-186 385
-187 385
-187 384
-186 383
-186 384
-185 383
-184 383
-183 383
-182 383
-181 382
-180 382
-179 382
-178 382
-178 381
-177 381
-177 380
-176 380
-175 380
-174 379
-174 378
-173 378
-173 377
-172 376
-171 375
-171 374
-170 374
-169 374
-168 374
-167 373
-166 372
-166 371
-165 371
-165 370
-165 371
-164 371
river 5 Weser
-40 364
-41 365
-41 366
-42 366
-43 367
-44 368
-45 368
-46 369
-47 369
-48 369
-49 369
-50 369
-51 369
-51 368
-52 368
-52 367
-53 367
-53 366
-53 365
-53 364
-53 363
-54 363
-54 362
-55 362
-56 362
-57 362
-58 362
-58 361
-59 361
-58 360
-58 359
-58 358
-57 357
-58 357
-57 356
-58 356
-57 355
-57 354
-57 353
-56 352
-56 351
-56 350
-55 350
-55 349
-55 348
-55 347
-55 346
-55 345
-55 344
-56 344
-56 343
-57 343
-58 343
-58 342
-59 342
-60 342
-61 342
-62 342
-63 342
-64 342
-64 341
-65 342
-64 341
-65 341
-64 340
-63 340
-63 339
-62 338
-61 337
-60 336
-59 336
-58 335
-58 334
-57 334
-56 333
-56 332
-55 331
-54 331
-54 332
-53 332
-52 331
-52 332
-51 331
-50 330
-49 329
-50 329
-49 328
-48 328
-47 327
-46 327
-45 326
-44 326
-45 326
-45 325
-46 326
-46 325
-45 324
-46 324
-46 323
-47 323
-48 324
-48 323
-48 322
-48 321
-47 320
-47 319
-48 319
-49 319
-50 319
-51 319
-51 318
-52 318
-52 317
-51 316
-52 316
-51 315
-51 316
-50 315
-50 314
-51 314
-50 313
-50 312
-51 312
-50 311
-51 311
-52 311
-52 310
-52 309
-53 310
-53 309
-53 308
-54 308
-53 307
-54 307
-54 306
-55 306
-55 305
-56 305
-57 305
-57 304
-58 304
-57 303
-57 302
-56 301
-56 300
-56 299
-56 298
-55 297
-54 296
-55 296
-54 295
-54 294
-54 293
-55 293
-55 292
-54 291
-53 290
-54 290
-55 291
-56 291
-56 290
-55 289
-56 289
-57 290
-58 290
-59 290
-60 290
-59 289
-59 288
-58 288
-58 287
-57 286
-57 285
-56 284
-56 283
-56 282
-55 282
-55 281
-54 281
-53 280
-53 279
-52 278
-51 278
-51 277
-50 276
-49 275
-49 274
-50 274
-50 273
-49 273
-48 273
-47 272
-48 272
-47 271
-47 272
-46 271
-46 272
-45 271
-45 270
-44 269
-44 268
-43 267
-44 267
-45 267
-46 268
-46 267
-46 266
-45 265
-45 264
-46 264
-46 263
-46 262
-45 261
-45 260
-45 259
-46 259
-46 258
-47 258
-46 257
-47 257
-47 256
-48 256
-48 255
-49 256
-49 255
-50 255
-51 255
-51 254
-52 254
-53 254
-54 255
-55 255
-56 255
-57 255
-58 256
-58 255
-59 256
-59 255
-59 254
-59 253
-59 252
-58 251
-57 251
-56 251
-55 250
-54 249
-54 248
-53 247
-53 246
-52 245
-51 244
-50 244
-50 243
-49 243
-49 242
-48 241
-48 240
-47 240
-46 239
-46 238
-45 237
-45 236
-44 236
-44 235
-44 236
-43 236
-42 236
-42 235
-41 234
-41 235
-41 234
-41 233
-40 233
-39 232
-39 231
-38 230
-38 229
-37 228
-36 228
-35 227
-34 226
-33 225
-32 224
-33 224
-32 223
-32 222
-31 222
-30 222
-30 221
-29 220
-30 220
-30 219
-29 218
-30 218
-29 217
-28 216
-29 217
-29 216
-29 215
-28 214
-27 214
-26 213
-26 212
-25 212
-26 212
-26 211
-27 212
-26 211
-25 211
-25 210
-25 209
-25 208
-24 207
-24 206
-23 206
-23 205
-24 205
-24 204
-25 205
-25 204
-26 204
-26 203
-26 202
-27 203
-27 202
-28 203
-29 203
-28 202
-29 202
-30 202
-30 201
-31 201
-31 200
-30 199
-30 198
-31 198
-32 198
-32 197
-33 197
-32 196
-33 196
-33 195
-33 194
-34 194
-34 193
-35 194
-35 193
-35 192
-35 191
-35 190
-36 191
-36 190
-37 190
-37 189
-38 189
-37 188
-37 187
-37 186
-36 185
-36 184
-35 183
-35 182
-34 181
-33 180
-33 179
river 5 Sio
127 575
126 576
127 576
128 576
129 576
130 576
130 577
131 577
132 577
river 5 Neman
497 28
496 29
495 29
495 28
494 29
494 28
493 28
492 29
491 29
490 30
489 30
488 30
487 31
487 30
486 31
486 30
485 31
484 31
483 31
482 31
481 31
480 32
479 32
478 33
477 33
477 34
476 34
475 35
475 34
474 34
474 33
474 32
475 31
474 31
473 31
472 32
471 32
470 32
470 31
469 31
469 30
468 30
467 30
466 30
466 29
465 29
465 28
464 28
464 27
463 27
462 27
461 27
460 27
459 28
459 27
458 27
458 26
458 25
458 24
458 23
457 23
457 22
456 22
455 23
454 24
453 25
river 4 Inn
-158 577
-157 577
-156 576
-155 576
-154 575
-153 575
-152 575
-151 574
-151 575
-150 574
-149 574
-148 574
-147 573
-146 572
-145 571
-145 572
-144 571
-143 571
-142 570
-141 570
-140 570
-139 569
-138 569
-137 569
-136 569
-135 569
-134 569
-134 570
-133 570
-132 570
-132 571
-131 571
-130 570
-130 571
-129 570
-129 571
-128 570
-128 571
-127 571
-126 571
-125 571
-124 570
-123 570
-122 570
-121 569
-121 570
-120 569
-119 569
-118 569
-117 568
-116 568
-115 568
-114 567
-113 566
-112 566
-111 565
-110 564
-109 564
-108 563
-107 562
-106 562
-105 562
-104 561
-103 560
-102 559
-101 559
-100 558
-99 557
-99 558
-98 557
-97 557
-96 556
-95 556
-94 555
-94 556
-93 555
-92 554
-91 553
-90 553
-90 552
-89 552
-88 551
-87 550
-86 550
-86 549
-85 549
-85 548
-84 548
-83 547
-83 546
-82 545
-82 544
-82 543
-82 542
-83 542
-82 541
-83 541
-82 540
-82 539
-82 538
-81 537
-81 536
-80 535
-79 534
-79 533
-78 532
-78 531
-77 530
-77 529
-76 528
-76 527
-75 526
-75 525
-74 525
-74 524
-73 523
-72 522
-71 521
-70 520
-69 519
-69 518
-68 517
-67 516
-66 515
-66 514
-65 514
-64 513
-63 513
-62 512
-62 513
-62 512
-61 512
-60 512
-59 512
-58 511
-57 510
-56 510
-55 509
-54 509
-55 509
-55 508
-54 507
-54 508
-53 507
-52 507
-51 507
-50 507
-49 507
-48 507
-47 506
-46 506
-45 506
-44 505
-44 506
-43 506
-42 506
-41 505
-40 505
-40 506
-39 506
-38 506
-38 507
-38 508
-38 509
-37 508
-36 508
-35 507
-34 506
-33 505
-32 505
-31 505
-30 504
-29 504
-28 503
-27 503
-26 503
-25 503
-24 502
-23 502
-22 502
-21 501
-20 501
-19 500
-18 499
-17 499
-16 498
-15 497
-14 496
-13 495
-13 494
-12 494
-12 493
-11 492
-11 491
-10 490
-9 489
-9 488
-9 487
-8 486
-8 485
-7 484
-6 484
river 4 Morava
167 370
166 371
165 372
165 373
164 374
163 375
163 376
164 376
165 376
166 375
167 375
167 376
167 377
166 378
166 379
165 380
164 381
164 382
163 383
162 384
162 385
162 386
163 386
163 387
162 388
162 389
162 390
161 391
161 392
160 393
160 394
160 395
160 396
160 397
160 398
160 399
160 400
161 400
162 400
162 401
163 401
164 401
164 402
165 402
166 402
166 403
167 403
167 404
167 405
167 406
167 407
167 408
166 409
166 410
165 411
165 412
165 413
165 414
165 415
165 416
165 417
164 418
164 419
163 420
163 421
162 422
163 422
163 423
163 424
164 424
164 425
165 425
165 426
166 426
165 427
166 427
166 428
166 429
166 430
166 431
166 432
165 433
165 434
164 435
164 436
163 436
163 437
162 438
162 439
161 440
160 440
159 440
159 441
158 441
158 442
157 442
157 443
156 443
157 443
156 444
156 445
155 445
155 446
154 447
153 448
152 448
151 449
150 449
149 450
148 451
147 452
147 451
146 452
145 453
144 454
143 455
142 455
142 456
141 456
140 457
139 458
139 459
138 459
138 460
137 460
136 461
135 462
134 463
134 464
133 465
132 466
132 467
131 468
130 469
129 470
128 471
128 472
127 473
128 473
127 474
127 475
126 476
125 477
124 478
123 479
122 480
121 481
121 482
120 483
119 484
119 485
118 486
118 487
117 488
118 488
119 488
119 489
119 490
118 491
118 492
119 492
119 493
119 494
119 495
118 496
119 496
118 497
118 498
118 499
river 4 Warta
274 340
273 340
273 339
272 339
272 338
271 338
271 337
271 336
270 336
270 335
270 334
269 334
269 333
269 332
268 332
269 331
268 331
269 330
268 330
268 329
268 328
267 328
268 327
267 327
268 326
269 325
269 324
269 323
269 322
269 321
268 321
269 321
269 320
270 320
271 319
271 320
272 319
273 319
274 319
275 318
275 319
276 318
277 318
278 317
279 316
280 316
280 315
281 315
282 314
283 313
283 312
284 311
284 310
285 309
285 308
285 307
286 306
285 306
285 305
284 305
283 305
282 305
281 305
280 306
280 305
279 305
278 305
277 305
276 306
276 305
275 305
274 305
273 305
272 305
271 305
271 304
270 304
269 304
269 303
268 303
268 302
267 302
266 303
266 302
265 303
265 302
264 303
263 303
262 304
262 303
261 304
260 304
259 305
259 304
259 303
260 303
261 302
262 302
263 301
264 300
264 299
265 298
266 297
267 296
267 295
268 294
267 294
268 293
268 292
268 291
269 291
269 290
269 289
270 289
270 288
271 287
271 286
272 285
272 284
272 283
273 282
274 281
275 280
275 279
276 279
276 278
277 277
277 276
277 275
277 276
278 275
277 275
277 274
276 275
276 274
276 273
276 272
275 272
275 271
274 271
275 270
274 270
274 269
273 269
274 268
273 268
274 267
274 266
274 265
274 264
275 263
275 262
276 261
277 260
277 259
278 258
278 257
279 256
280 255
281 254
282 253
283 252
283 251
284 251
284 250
285 249
286 248
285 248
286 247
285 247
285 246
285 245
284 245
285 244
285 243
285 242
285 241
285 240
286 239
286 238
286 237
287 236
286 236
287 235
286 235
286 234
285 234
284 234
283 234
282 234
281 234
280 234
279 234
279 233
278 233
277 234
276 234
275 234
274 234
273 234
272 235
272 234
271 234
270 235
269 235
268 236
267 236
266 236
265 236
264 237
263 237
262 237
261 238
260 238
259 238
259 237
258 237
257 237
256 237
255 238
254 238
253 239
252 239
251 240
250 241
249 242
248 242
247 242
246 242
245 242
244 242
243 243
243 242
243 243
242 244
241 245
240 245
239 245
238 246
237 246
236 246
235 246
234 246
233 246
232 246
231 247
231 246
230 247
230 246
229 247
229 246
228 247
228 246
227 247
226 248
226 247
225 248
225 247
224 247
224 246
224 245
225 244
225 243
226 242
226 241
226 240
225 240
224 240
225 239
224 239
224 238
224 237
224 236
225 235
226 234
227 233
227 232
227 231
228 231
228 230
229 229
230 228
231 227
231 226
232 225
232 224
233 223
233 222
233 221
234 220
234 219
234 218
235 218
235 217
235 216
235 215
234 215
234 214
233 214
233 213
232 213
231 213
231 212
230 212
230 211
229 212
229 211
228 211
227 212
227 211
226 211
227 210
226 210
226 209
225 210
225 209
224 210
224 209
223 210
222 210
221 210
220 210
220 209
219 210
218 210
217 210
216 211
216 210
215 210
214 210
213 211
212 211
212 212
211 212
210 212
209 213
208 213
207 214
206 215
205 215
204 216
203 216
202 216
201 217
201 216
200 217
199 217
199 218
198 218
197 219
197 218
196 219
196 218
196 217
195 217
194 217
193 217
192 218
192 217
191 218
190 218
189 219
188 219
188 218
187 218
186 219
186 218
185 219
184 220
183 220
183 219
182 219
183 218
182 218
183 217
182 217
182 216
183 215
183 214
184 213
185 212
184 212
183 212
182 213
182 212
181 212
180 213
179 213
179 212
178 213
177 213
176 214
175 215
175 216
174 217
173 218
172 219
171 220
170 220
169 220
169 219
169 218
168 219
168 218
167 219
166 219
165 219
164 220
164 219
163 220
162 220
161 221
160 221
159 221
158 222
157 222
156 223
155 223
154 223
153 223
152 223
river 4 Main
-40 405
-39 405
-39 406
-38 406
-37 405
-37 404
-36 403
-35 402
-35 401
-34 400
-34 399
-33 398
-34 398
-35 399
-35 398
-36 399
-36 398
-36 397
-36 396
-37 396
-36 395
-37 395
-37 394
-37 393
-37 392
-37 391
-37 390
-38 390
-38 389
-39 389
-39 388
-40 388
-41 388
-41 387
-42 387
-42 386
-43 386
-43 385
-43 384
-44 384
-44 383
-45 383
-46 383
-46 384
-47 384
-47 385
-48 385
-49 386
-50 387
-51 388
-52 388
-53 389
-54 390
-54 391
-55 392
-56 393
-57 394
-58 395
-58 396
-59 396
-59 397
-60 397
-61 397
-61 398
-61 399
-62 400
-63 401
-64 401
-65 401
-65 400
-66 400
-66 399
-66 398
-67 398
-67 397
-68 397
-69 397
-69 396
-70 396
-71 396
-71 395
-72 395
-72 394
-73 394
-74 395
-75 395
-76 395
-77 395
-78 395
-78 394
-79 394
-79 393
-79 392
-80 393
-80 392
-81 393
-82 394
-83 395
-84 395
-84 396
-85 396
-85 397
-86 398
-86 399
-86 400
-87 401
-87 402
-88 403
-89 404
-88 404
-88 405
-89 405
-90 406
-90 407
-89 407
-89 408
-90 409
-91 409
-92 409
-92 410
-93 411
-93 412
-94 413
-95 414
-95 415
-96 415
-97 416
-96 416
-96 417
-97 417
-98 418
-98 417
-99 418
-99 417
-100 417
-100 416
-100 415
-99 414
-100 414
-100 413
-100 412
-100 411
-100 410
-100 409
-101 409
-101 408
-102 408
-101 407
-101 406
-101 405
-101 404
-100 403
-101 403
-101 402
-100 401
-100 400
-101 400
-101 399
-100 398
-101 398
-100 397
-100 396
-101 396
-101 395
-100 394
-100 393
-101 394
-102 394
-102 393
-103 394
-104 394
-104 395
-105 395
-106 396
-107 397
-108 398
-108 399
-109 400
-108 400
-109 401
-109 402
-109 403
-109 404
-110 405
-111 406
-112 407
-112 408
-111 408
-112 409
-113 410
-114 410
-115 410
-115 409
-116 410
-116 409
-117 409
-118 409
-119 410
-120 410
-121 410
-122 410
-123 411
-124 411
-124 412
-125 412
-126 413
-127 414
-127 415
-128 415
-127 414
-128 414
-128 413
-129 413
-129 412
-128 411
-128 410
-127 409
-128 409
-128 408
-128 407
-127 406
-126 405
-125 404
-125 403
-125 402
-124 401
-125 401
-124 400
-125 400
-125 399
-124 399
-123 398
-123 397
-124 397
-125 397
-125 396
-125 395
-125 394
-125 393
-126 393
-126 392
-125 391
-125 390
-126 390
-126 389
-126 388
-126 387
-127 387
-128 387
-129 387
-130 387
-131 387
-131 388
-132 389
-132 388
-133 389
-133 388
-134 389
-135 389
-136 389
-137 389
-138 389
-139 389
-140 389
-141 390
-142 391
-143 392
-144 393
-145 394
-146 394
-147 395
-148 395
-149 395
-150 395
-151 395
-152 395
river 4 Ems
-73 275
-74 275
-75 275
-76 276
-77 276
-78 277
-79 277
-80 277
-81 277
-82 277
-83 278
-83 279
-84 279
-85 279
-86 280
-87 280
-87 279
-87 278
-88 278
-89 278
-89 277
-89 276
-90 276
-89 275
-89 274
-88 274
-88 273
-87 272
-88 272
-88 271
-88 270
-89 270
-89 269
-90 269
-90 268
-91 268
-92 268
-93 269
-93 268
-94 269
-95 269
-96 269
-97 269
-97 268
-98 268
-99 268
-100 268
-101 268
-101 267
-102 267
-102 266
-103 266
-102 265
-103 265
-104 265
-103 264
-103 263
-104 263
-104 262
-105 262
-104 261
-104 260
-105 260
-105 259
-105 258
-104 257
-103 256
-102 255
-103 255
-103 254
-104 254
-104 253
-103 252
-103 251
-104 251
-103 250
-103 249
-104 249
-104 248
-104 247
-104 246
-104 245
-105 245
-105 244
-105 243
-105 242
-104 241
-104 240
-104 239
-103 238
-102 237
-103 237
-102 236
-103 236
-102 235
-102 234
-102 233
-101 232
-101 231
-101 230
-100 229
-101 229
-100 229
-100 228
-100 227
-100 226
-99 226
-99 225
-98 224
-98 223
-98 224
-98 223
-97 222
-96 221
-95 220
-95 219
-95 218
-94 217
-94 216
-93 215
-94 215
-93 214
-92 213
-93 213
-92 212
-91 212
-90 211
-89 210
-88 209
-88 208
-88 207
-87 206
-87 205
-86 204
-86 203
-85 202
-84 201
-83 200
-83 199
-82 198
-82 197
-83 197
-82 196
-82 195
-81 194
-80 194
-79 193
-78 193
-78 192
-77 191
-76 190
-76 189
-75 189
-74 188
-73 187
-72 186
-73 186
-72 185
-73 185
-72 184
-72 183
-71 182
-71 181
-72 181
river 4 Bug
419 184
418 184
417 184
416 184
415 184
414 185
413 185
413 186
412 186
411 187
410 187
410 188
409 188
409 189
408 189
407 190
406 191
405 192
405 191
404 192
404 191
403 191
402 192
401 193
401 192
400 193
399 193
398 194
397 194
397 195
396 195
395 196
394 197
393 198
392 198
391 198
390 198
389 198
388 199
387 199
386 200
385 200
384 201
383 201
382 201
381 202
381 203
380 204
379 205
379 204
378 204
377 204
377 203
376 203
375 203
374 204
373 204
372 204
371 205
370 205
370 206
369 206
369 207
368 207
368 208
367 208
366 209
river 3 Vltava
10 456
11 456
12 456
12 457
13 457
13 458
14 458
14 459
15 459
16 459
17 459
17 460
18 460
17 461
18 461
17 462
18 462
17 463
18 463
18 464
18 465
18 466
19 466
19 467
19 468
18 469
19 469
18 470
19 470
river 3 Vltava
19 470
19 471
20 471
20 472
20 473
20 474
20 475
20 476
21 476
22 476
22 477
22 478
23 478
24 478
25 478
25 479
26 478
27 478
27 479
28 479
29 478
30 477
30 476
31 475
31 474
31 473
31 472
31 471
31 470
31 469
32 468
32 467
33 467
34 466
35 466
36 465
36 464
37 463
37 462
38 461
39 460
40 460
41 459
42 458
42 457
43 456
43 455
44 454
44 453
43 453
44 452
45 451
46 450
46 449
47 448
46 448
47 447
47 446
48 445
47 445
48 444
48 443
49 442
49 441
48 441
48 440
47 440
47 439
46 439
47 438
47 437
47 436
47 435
47 434
47 433
46 433
47 432
47 431
47 430
47 429
47 428
47 427
46 428
46 427
47 426
46 426
47 425
47 424
48 423
48 422
49 421
49 420
49 419
50 418
50 417
51 416
52 415
52 416
53 415
54 414
55 413
55 412
56 412
57 411
58 410
57 410
58 410
59 409
60 408
60 409
61 408
61 407
62 407
63 407
64 406
64 405
64 404
65 404
65 403
66 403
66 402
67 401
67 400
66 400
66 399
66 398
67 397
67 396
67 395
68 394
69 393
69 392
70 391
70 390
71 389
71 388
72 388
72 387
73 386
72 386
73 385
74 384
75 384
75 383
74 383
73 383
74 382
74 381
75 380
75 379
74 379
73 380
74 379
75 378
75 377
75 376
74 376
74 375
74 374
75 373
76 372
76 371
77 370
78 370
79 370
80 370
81 370
82 369
river 2 Waldnaab
-9 408
-9 407
-9 406
-10 406
-11 406
-12 406
-12 405
-11 405
-11 404
-10 403
-10 402
-10 401
-11 401
-12 401
-13 402
-14 403
-15 403
-15 404
-16 404
-16 405
-17 405
-17 406
-18 406
-18 407
-19 408
-19 409
-20 410
-20 411
-20 412
-21 413
-21 414
-22 415
-23 416
-23 417
-24 418
-25 419
-25 420
-26 421
-26 422
-27 423
-27 424
-27 425
-27 426
-27 427
-28 428
-28 429
-29 430
-30 431
-30 432
-31 433
-32 434
-33 435
-34 436
-35 437
-36 438
-37 439
-37 440
-37 441
-38 442
-38 443
-39 444
-40 444
-41 445
-42 446
-43 446
-44 447
-45 448
-46 449
-47 450
-47 451
-48 452
-48 453
-48 454
-48 455
-48 456
-48 457
-47 457
river 2 Berkel
-120 266
-121 266
-121 265
-122 266
-123 266
-124 267
-125 268
-126 268
-127 268
-128 268
-129 268
-130 268
-129 267
-130 267
-130 266
-130 265
-131 265
-131 264
-132 264
river 2 Drwęca
372 116
372 117
373 117
374 117
373 118
372 119
371 120
370 120
369 121
369 122
368 123
368 124
367 124
366 124
366 125
365 126
365 127
364 128
363 129
363 130
364 130
365 129
366 129
367 129
367 130
367 131
366 132
365 132
365 133
364 134
363 135
362 136
361 137
360 138
359 139
358 140
358 141
357 142
356 143
356 144
355 144
354 145
353 146
352 147
352 148
351 149
351 150
350 151
349 152
348 153
347 154
347 155
346 156
346 157
346 158
346 159
346 160
345 160
344 160
343 161
342 161
341 162
340 162
339 163
338 164
337 164
336 165
335 165
334 166
333 167
332 167
332 168
331 168
330 169
329 170
328 170
328 171
327 171
326 172
325 172
324 173
323 174
322 175
321 175
320 176
319 176
318 177
318 176
317 177
316 177
315 177
314 177
313 178
312 179
311 180
310 181
309 182
308 182
river 2 Raab
54 545
53 545
52 546
51 547
50 547
50 548
49 548
49 549
48 549
48 550
47 551
47 552
46 553
46 554
45 555
45 556
45 557
44 558
44 559
43 560
43 561
43 562
43 563
44 563
45 563
45 564
46 564
45 565
46 565
46 566
46 567
46 568
46 569
47 569
47 570
47 571
48 571
48 572
48 573
49 573
49 574
50 574
51 574
52 574
52 575
53 575
53 576
53 577
54 577
river 2 Raab
68 577
69 577
70 576
71 576
72 575
73 575
74 574
75 573
76 572
77 572
78 571
79 571
80 570
81 570
82 569
83 568
84 567
85 566
86 565
87 564
87 563
88 563
88 562
89 561
90 560
91 559
92 558
93 557
93 556
94 555
95 554
96 553
96 552
97 552
97 551
98 551
98 550
99 550
99 549
100 549
100 548
101 548
102 547
103 547
104 546
105 545
106 545
107 545
108 545
109 545
110 545
111 545
112 545
113 544
114 544
114 543
115 542
116 541
116 540
117 539
117 538
118 537
119 536
120 535
121 534
122 533
123 532
124 532
125 531
126 531
127 530
128 530
129 529
130 528
131 527
132 526
133 525
134 525
135 524
136 524
137 524
138 523
139 523
river 2 Sarre
-241 487
-241 486
-241 485
-241 484
-241 483
-241 482
river 2 Sarre
-228 456
-227 456
-226 455
-225 454
-225 453
-224 452
-225 452
-225 451
river 2 Łyna
404 124
403 125
403 126
402 127
402 128
401 129
400 130
400 129
399 129
399 128
398 129
397 130
396 131
396 130
396 129
396 128
396 127
396 126
396 125
396 124
397 123
396 123
397 122
398 121
399 120
399 119
399 118
398 119
398 118
397 118
396 119
395 119
395 120
394 120
393 121
393 120
392 121
392 120
391 121
391 120
390 120
389 120
389 119
390 118
389 118
390 118
390 117
391 116
391 115
392 114
392 113
392 112
393 111
393 110
393 109
394 108
394 107
395 107
395 106
396 105
396 104
397 104
397 103
398 103
399 102
400 101
401 101
402 100
403 100
404 99
404 98
405 98
406 97
407 96
408 95
409 95
409 94
410 94
411 93
412 92
413 91
414 91
415 90
415 91
416 90
417 90
418 90
419 90
420 90
421 89
422 88
423 87
423 86
423 85
423 84
424 83
424 82
424 81
424 80
425 79
425 78
426 77
426 76
427 76
428 75
429 74
429 75
430 74
430 75
431 75
431 74
432 74
432 73
433 72
434 71
435 70
436 69
436 68
437 67
437 66
436 66
436 65
435 65
434 65
433 65
432 65
431 65
430 65
429 65
428 65
427 65
426 65
426 64
425 64
424 65
423 65
422 65
421 65
420 65
420 64
419 64
418 64
417 64
416 64
415 64
414 64
413 64
412 65
411 65
410 66
river 2 Bzura
307 252
306 252
305 252
304 252
303 253
302 253
301 253
300 253
300 252
300 251
300 250
301 249
301 248
302 248
302 247
303 247
303 246
304 245
304 244
304 243
304 242
305 241
304 241
304 240
303 240
304 239
305 238
306 238
307 237
308 236
309 236
310 235
311 235
312 235
313 234
314 234
315 233
316 233
317 233
318 233
319 233
320 233
320 234
321 233
321 234
322 234
323 234
324 234
325 233
325 234
326 233
327 233
328 232
329 232
330 232
331 232
332 232
333 232
334 232
335 231
336 231
337 230
338 230
339 229
340 228
341 227
342 226
343 225
344 224
345 223
346 222
347 221
347 220
348 219
348 218
348 217
348 216
348 215
347 215
river 2 Hornád
263 435
264 434
264 433
265 432
266 431
267 430
268 429
268 430
269 429
270 429
271 429
272 429
272 430
272 431
273 431
273 432
274 432
275 432
276 432
277 431
277 432
278 432
279 432
279 433
280 433
281 433
282 432
283 432
284 432
285 431
286 431
287 430
288 430
289 430
289 431
290 430
290 431
291 430
291 431
292 430
292 431
293 431
294 431
294 432
295 432
river 2 Uhlava
0 396
1 396
2 395
3 395
4 395
5 395
5 396
6 396
6 397
6 398
6 399
5 400
5 401
4 402
5 402
4 403
4 404
4 405
5 405
6 405
6 406
6 407
7 407
7 408
8 408
8 409
9 409
9 410
10 409
11 409
12 408
13 408
14 407
15 407
16 406
17 406
18 406
19 406
19 407
20 407
21 407
22 407
22 408
23 407
23 408
24 408
25 408
26 408
27 407
28 406
29 406
30 405
31 404
32 403
33 402
34 401
34 400
35 399
35 398
36 398
37 397
38 396
38 397
39 396
40 396
41 395
42 395
43 394
44 394
45 393
45 394
46 393
47 393
47 392
48 392
49 391
50 390
51 390
52 389
53 389
53 390
54 390
55 390
55 391
56 391
56 392
57 392
57 393
58 393
58 394
58 395
59 395
60 395
61 395
61 396
62 395
63 395
64 395
65 394
66 394
67 393
68 392
69 391
70 390
river 2 Regnitz
-94 433
-93 433
-93 434
-93 435
-93 436
-93 437
-93 438
-93 439
-93 440
-92 440
-92 441
-91 441
-91 442
-90 441
-90 442
-89 442
-88 442
-87 442
-87 443
-86 443
-85 443
-85 444
-84 444
-84 445
-84 446
-84 447
-84 448
-83 448
-82 448
-81 448
-80 448
-79 447
-78 446
-77 446
-77 445
-76 445
-76 444
-75 443
-75 442
-74 441
-74 440
-73 439
-74 439
-73 438
-73 437
-73 436
-73 435
-73 434
-72 433
-73 433
-72 432
-73 432
-72 431
-73 431
-72 430
-72 429
-71 428
-71 427
-71 426
-70 425
-70 424
-69 424
-69 423
-68 422
-68 421
-67 420
-66 419
-65 418
-64 417
-64 416
-63 416
-63 415
-62 414
-62 413
-61 412
-61 411
-61 410
-61 409
-61 408
-61 407
-62 407
-61 406
-62 406
-62 405
-62 404
-62 403
-62 402
-62 401
river 2 Zala
86 577
87 576
88 576
89 576
88 577
river 2 Warme Steinach
-26 394
-27 395
-27 396
-28 397
-29 398
-30 398
-31 398
-31 397
-32 397
-33 398
river 2 Pissa
467 87
468 86
469 85
river 2 Pissa
471 80
472 79
471 79
471 78
470 78
469 78
469 77
468 78
467 78
466 79
466 78
465 79
464 79
463 80
462 81
462 82
461 83
461 84
460 84
459 85
459 84
458 84
457 84
456 84
455 84
454 84
453 85
453 84
452 84
452 83
452 82
453 81
454 80
455 80
456 80
456 79
457 78
457 77
458 77
458 76
459 75
459 74
460 73
461 72
462 71
462 70
463 69
464 68
464 67
465 66
465 65
466 64
466 63
465 63
465 62
464 62
463 62
463 61
462 62
462 61
461 61
461 60
460 60
459 60
458 60
457 60
456 60
455 60
454 61
453 61
452 61
451 62
450 62
449 63
449 62
448 63
448 62
447 63
447 62
446 62
445 62
444 62
443 62
442 63
441 63
440 64
439 64
438 65
437 65
436 65
river 2 
206 221
205 222
206 222
206 223
206 224
207 224
208 224
209 224
209 225
210 225
210 226
210 227
211 227
211 228
211 229
210 230
210 231
210 232
210 233
210 234
210 235
210 236
210 237
210 238
211 238
210 239
209 240
209 241
209 242
208 243
208 244
208 245
207 246
207 247
206 247
205 248
204 248
203 248
202 249
201 249
200 250
199 250
198 250
197 251
196 251
195 252
194 252
193 253
192 253
191 253
190 253
189 253
189 252
188 253
188 252
187 252
186 252
186 251
185 251
185 250
185 249
185 248
186 247
186 246
186 245
187 244
188 243
188 242
189 241
189 240
189 239
190 238
190 237
191 236
191 235
191 234
191 233
191 232
191 231
191 230
190 231
189 231
189 230
188 230
188 229
187 229
187 228
186 228
185 228
184 229
183 229
182 229
181 229
181 228
180 228
180 227
180 226
179 226
179 225
180 224
180 223
180 222
181 222
182 221
183 220
river 2 Nysa Kłodzka
161 374
160 375
159 375
159 374
159 373
160 372
160 371
160 370
160 369
161 368
161 367
161 366
162 365
162 364
163 363
163 362
163 361
164 360
164 359
164 358
165 357
166 356
166 355
167 354
168 353
168 352
169 352
170 351
171 351
172 350
173 350
174 349
175 349
176 349
177 349
178 349
179 349
178 350
179 350
179 351
180 351
181 351
182 351
183 351
184 351
185 351
186 351
186 352
187 351
187 352
188 351
188 352
189 352
190 351
191 351
192 350
193 350
194 349
195 349
196 349
197 349
197 348
198 348
198 347
199 346
200 345
200 344
201 343
201 342
202 341
202 340
203 339
203 338
204 337
204 336
205 335
206 334
207 333
208 333
208 332
209 332
210 332
211 331
212 331
213 330
214 329
214 328
214 327
river 2 Neckar
-205 509
-204 509
-204 510
-204 511
-204 512
-204 513
-204 514
-204 515
-203 515
-202 515
-202 514
-201 514
-201 513
-200 512
-200 511
-200 510
-199 509
-199 508
-199 507
-198 506
-198 505
-198 504
-197 503
-197 502
-196 502
-196 501
-195 501
-194 500
-193 500
-192 499
-192 498
-192 497
-191 496
-190 496
-189 495
-188 495
-187 495
-186 495
-185 495
-184 495
-183 495
-182 495
-181 494
-180 494
-179 493
-178 493
-177 492
-176 492
-175 492
-174 491
-173 491
-172 490
-171 490
-170 490
-169 489
-168 489
-167 488
-167 489
-166 488
-165 487
-164 486
-163 485
-162 485
-161 484
-160 484
-159 483
-158 482
-157 481
-156 480
-155 479
-155 478
-156 478
-156 477
-157 477
-157 476
-158 476
-158 475
-158 474
-158 473
-158 472
-157 471
-156 470
-155 469
-154 468
-154 467
-153 466
-153 465
-153 464
-153 463
-154 463
-153 462
-153 461
-153 460
-153 459
-153 458
-152 457
-152 456
-151 456
-151 455
-151 454
-150 453
-149 452
-148 451
-147 450
-146 449
-146 448
-145 447
-145 446
-145 445
-146 445
-145 444
-145 443
-145 442
-145 441
-144 440
-145 440
-144 439
-145 439
-145 438
-144 437
-144 436
-144 435
-144 434
-144 433
-145 433
-145 432
-145 431
-145 430
-146 430
-147 430
-148 431
-149 431
-149 432
-150 432
-150 433
-151 433
-152 434
-153 434
-154 434
-154 433
-155 433
-155 432
-156 433
-156 432
-157 433
-157 432
-158 433
-158 432
-158 431
-158 430
-159 430
-159 429
-160 429
-161 429
-161 428
-162 428
-162 427
-163 427
-163 426
river 2 Spree
118 318
118 317
119 317
120 316
121 315
122 315
122 314
123 314
123 313
124 312
124 311
124 310
124 309
124 308
125 307
125 306
125 305
126 304
126 303
127 302
126 302
126 301
127 300
126 300
126 299
125 299
124 299
123 299
122 299
121 299
120 299
119 300
118 301
117 302
116 302
116 301
116 300
116 299
115 299
116 298
116 297
116 296
116 295
115 295
115 294
114 294
114 293
114 292
114 291
115 290
115 289
115 288
river 2 Spree
118 283
119 282
119 281
118 281
119 280
118 280
119 279
118 279
119 278
119 277
120 276
120 275
121 274
121 273
121 272
120 272
120 271
119 272
119 271
118 272
117 272
116 272
115 272
114 272
113 272
112 272
111 272
111 271
110 271
109 271
109 270
109 269
108 269
108 268
108 267
108 266
109 265
109 264
109 263
110 262
110 261
111 260
111 259
112 258
112 257
113 256
114 255
115 255
116 254
116 255
117 254
117 255
118 255
119 255
120 255
121 255
121 256
122 256
123 256
river 2 Spree
94 237
93 238
92 239
91 239
90 240
89 241
88 241
88 242
88 241
river 2 Spree
124 255
125 254
125 253
126 252
127 251
128 250
129 249
129 248
130 247
130 246
130 245
130 244
130 243
130 242
130 241
129 241
129 240
128 240
128 239
127 239
126 239
125 239
125 238
124 238
123 238
123 237
122 238
122 237
121 238
120 238
119 239
118 239
118 238
117 238
116 238
116 237
116 236
116 235
115 235
river 2 Spree
87 237
87 236
87 235
87 234
86 235
86 234
85 234
84 235
83 235
82 235
81 236
80 236
79 237
78 237
77 237
76 238
75 238
74 239
73 239
72 240
river 2 Spree
113 235
113 234
112 234
111 234
110 234
110 233
110 232
109 232
109 231
108 231
108 230
107 230
106 230
105 230
104 230
104 229
103 230
103 229
102 230
101 230
101 231
river 2 Spree
71 239
71 238
71 237
72 236
72 235
73 235
73 234
74 233
73 233
73 232
72 232
72 231
71 232
71 231
71 230
71 229
72 228
72 227
73 226
73 225
74 224
74 223
75 222
74 222
73 222
72 222
72 221
72 220
72 219
72 218
73 218
73 217
73 216
74 215
74 214
74 213
73 213
72 213
72 212
71 212
71 211
river 2 
240 286
239 286
239 285
238 285
239 284
238 284
239 283
238 283
239 282
239 281
239 280
239 279
238 279
239 278
238 278
238 277
237 277
236 277
235 278
234 278
233 279
232 279
231 279
230 280
229 280
228 280
227 280
226 280
225 280
224 280
223 280
222 281
221 281
220 281
219 282
218 282
217 283
216 284
215 284
215 285
214 285
213 285
212 286
212 285
211 286
210 286
209 286
208 286
207 287
207 286
206 287
205 287
204 287
204 286
203 286
202 286
202 285
201 286
201 285
200 286
200 285
199 285
199 284
198 284
198 283
198 282
197 282
197 281
196 281
196 280
195 280
194 280
193 280
193 279
192 279
191 279
191 278
190 278
189 278
189 277
188 277
188 276
187 276
186 276
185 277
river 2 Traun
-13 541
-14 541
-14 542
-15 542
-16 543
-17 543
-18 543
-19 544
-20 544
-21 544
-22 545
-23 545
-24 546
-25 546
-26 547
-27 548
-28 549
-29 549
-28 548
-29 548
-28 547
-28 546
-29 546
-28 545
-29 545
-28 544
-28 543
-28 542
-27 541
-27 540
-26 539
-25 538
-24 538
-23 537
-22 536
-21 535
-20 535
-20 534
-19 534
-18 533
-17 532
-16 531
river 2 Traun
-13 526
-13 525
-12 524
-12 523
-11 522
-11 521
-10 520
-10 519
-9 518
-8 517
-7 516
-6 515
-5 514
-4 514
-3 514
-2 513
-1 512
0 511
1 511
2 510
3 510
4 509
5 509
6 508
7 508
8 507
9 507
10 506
11 506
12 505
13 505
14 504
15 504
16 503
17 503
18 502
19 502
19 501
river 2 Dunajec
263 421
263 422
263 423
263 424
263 425
262 426
263 426
262 427
263 427
264 427
265 427
266 426
266 427
267 426
268 426
269 426
270 426
271 425
272 425
273 424
273 423
274 422
275 422
276 421
277 420
278 419
279 419
279 418
280 417
281 416
282 415
282 414
283 414
283 413
284 412
285 411
286 411
286 410
287 410
288 409
289 409
290 408
291 408
292 408
293 408
294 408
295 408
295 409
296 409
296 410
297 409
298 408
299 408
300 407
301 406
301 405
301 404
300 404
299 404
298 404
298 403
297 403
297 402
296 402
297 401
296 401
297 400
296 400
296 399
296 398
296 397
296 396
296 395
296 394
296 393
297 392
297 391
297 390
298 389
299 388
299 387
300 386
300 385
300 384
301 383
300 383
301 382
301 381
302 380
303 379
302 379
303 378
303 377
303 376
304 375
305 374
305 373
306 373
307 372
308 372
309 371
310 371
311 370
312 369
312 368
313 367
314 366
314 365
315 364
316 363
316 362
317 361
317 360
318 359
318 358
318 357
318 356
319 355
318 355
318 354
318 353
318 352
317 352
318 351
317 351
317 350
316 350
316 349
315 349
river 2 
493 36
493 35
493 34
492 34
491 35
490 36
489 36
488 37
488 36
487 36
487 35
487 34
486 34
485 35
484 35
483 35
483 34
482 34
481 35
480 35
479 36
479 35
480 34
480 33
480 32
river 2 Narew
435 153
435 152
435 151
435 150
435 149
434 149
434 148
433 148
432 148
431 148
430 149
429 149
428 150
427 150
426 151
425 151
425 152
424 152
423 153
422 154
421 154
421 155
420 155
420 156
419 156
419 157
418 157
418 158
417 158
416 159
415 160
414 161
413 161
413 162
412 163
411 164
411 165
410 166
409 167
408 168
408 169
407 170
406 171
405 172
404 173
404 174
403 175
404 175
403 176
404 176
403 177
404 177
403 178
404 178
403 179
403 180
402 181
401 181
400 181
399 181
398 181
397 182
396 182
395 183
394 183
393 183
392 184
392 183
391 184
391 183
390 184
390 185
389 186
388 187
388 188
387 189
387 190
386 191
386 192
386 193
386 194
386 195
385 196
384 197
384 198
383 199
383 200
383 201
river 2 Saale
-21 385
-20 384
-19 383
-18 382
-17 381
-16 381
-15 381
-14 380
-13 379
-13 378
-12 377
-12 376
-12 375
-11 374
-12 374
-11 373
-12 373
-12 372
-12 371
-12 370
-12 369
-13 369
-12 368
-13 368
-14 368
-15 368
-16 369
-16 368
-17 368
-16 367
-16 366
-15 365
-14 364
-13 363
-13 362
-12 361
-12 360
-11 359
-12 359
-11 358
-12 358
-12 357
-13 357
-13 356
-14 356
-15 356
-16 356
-16 355
-17 355
-18 356
-19 356
-19 355
-20 355
-21 355
-21 354
-21 353
-21 352
-21 351
-21 350
-20 349
-19 349
-18 348
-18 349
-17 348
-16 348
-15 347
-14 347
-13 346
-12 346
-11 345
-10 345
-10 344
-9 344
-8 343
-8 342
-7 341
-6 340
-6 339
-5 338
-6 338
-5 337
-5 336
-5 335
-4 335
-3 334
-2 333
-1 332
0 331
1 330
2 329
2 328
3 327
4 326
4 325
5 324
6 323
6 322
7 322
7 321
8 321
8 320
8 321
9 320
10 320
11 319
11 320
12 319
12 320
13 319
14 318
15 318
16 317
17 317
18 316
19 316
20 315
21 314
22 313
23 312
23 311
24 310
24 309
23 309
24 308
23 308
24 307
23 307
24 306
24 305
24 304
24 303
24 302
24 301
25 300
26 299
26 298
26 297
26 296
25 296
25 295
24 296
24 295
23 295
23 294
24 293
23 293
23 292
22 292
23 291
23 290
23 289
24 288
24 287
24 286
23 286
24 285
23 285
23 284
24 283
25 282
25 281
26 280
27 279
28 279
29 278
30 278
30 277
31 276
30 276
31 275
31 274
32 273
32 272
33 272
34 271
35 271
36 270
37 270
38 269
38 268
river 2 Aller
-34 305
-35 306
-36 306
-37 306
-38 306
-38 305
-39 306
-39 305
-40 306
-41 306
-42 307
-43 307
-44 307
-45 307
-46 307
-47 307
-47 306
-47 305
-48 305
-47 304
-48 304
-47 303
-47 302
-46 301
-46 300
-45 299
-45 298
-44 297
-44 296
-43 295
-43 294
-42 293
-42 292
-41 291
-40 290
-40 289
-39 288
-38 287
-37 286
-37 285
-37 284
-36 283
-36 282
-36 281
-35 280
-36 280
-35 279
-34 278
-34 277
-33 276
-33 275
-32 274
-32 273
-32 272
-32 271
-32 270
-33 270
-32 269
-33 269
-33 268
-33 267
-33 266
-33 265
-33 264
-33 263
-32 262
-32 261
-31 260
-31 259
-30 258
-30 257
-29 256
-28 255
-27 254
-26 253
-26 252
-25 251
-25 250
-24 249
-24 248
-24 247
-24 246
-24 245
-24 244
-24 243
-24 242
-25 242
-25 241
-25 240
-26 241
-26 240
-27 241
-27 240
-28 240
-29 240
-29 239
-30 239
-29 238
-30 238
-29 237
-29 236
-29 235
-28 234
-28 233
-27 233
-27 232
-26 231
-25 231
-24 230
-23 229
-22 229
-21 228
-21 227
-20 226
-20 225
-19 224
-18 223
-18 222
-17 221
-17 220
-16 219
-16 218
-16 217
-17 217
-17 216
-18 217
-19 217
-20 217
-20 216
-21 217
-21 216
-22 216
-22 215
-23 215
-22 214
-22 213
-22 212
-22 211
-22 210
-22 209
-22 208
-23 208
-23 207
-23 206
river 2 Zagyva
231 488
230 489
230 490
230 491
230 492
231 492
231 493
232 493
231 494
230 495
229 496
228 496
227 496
226 496
225 497
224 498
223 498
222 499
221 500
220 501
219 502
218 503
218 504
217 505
217 506
216 507
216 508
216 509
215 510
215 511
214 512
215 512
214 513
214 514
213 515
213 516
212 517
213 517
212 518
212 519
212 520
211 521
212 521
211 522
211 523
211 524
211 525
211 526
211 527
212 527
213 527
213 528
214 528
215 528
216 528
217 527
218 526
219 526
220 526
219 527
220 527
220 528
220 529
219 530
220 530
219 531
220 531
219 532
220 531
220 532
220 533
220 534
221 534
221 535
220 536
220 537
219 538
220 538
219 539
220 539
219 540
220 540
220 541
220 542
219 543
219 544
220 544
221 544
221 545
221 546
221 547
220 548
river 2 Aare
-282 577
-281 577
-280 576
-279 576
-278 575
-277 575
-277 574
-276 574
-275 574
-274 574
-273 573
-272 573
-271 572
-270 572
-269 572
-268 572
-267 572
-266 572
-265 572
-264 571
-263 571
-262 570
-261 570
-260 570
-260 569
-259 569
-258 568
-257 567
-256 566
-255 565
-254 564
-254 565
-253 564
-252 564
-251 564
-250 563
-249 563
-248 562
-247 562
-246 561
-245 561
-244 561
-243 560
-242 559
-241 558
-240 557
-239 556
-238 556
-238 555
-237 554
-236 553
-236 552
-235 551
-234 550
-235 550
-234 549
-234 548
river 2 Pilica
277 342
278 341
279 340
280 340
281 339
282 339
283 338
284 338
285 338
286 338
287 338
288 337
289 336
288 336
289 335
289 334
289 333
290 332
290 331
291 330
291 329
291 328
290 328
290 327
291 326
290 326
290 325
290 324
289 324
289 323
288 323
289 322
288 322
289 321
289 320
289 319
290 318
291 317
291 316
292 316
292 315
293 314
294 313
295 312
296 311
297 310
298 309
299 308
299 307
300 306
300 305
301 304
302 303
302 302
303 301
303 300
304 299
304 298
305 297
306 296
306 295
307 294
307 293
308 292
308 291
308 290
309 289
309 288
309 287
310 286
310 285
310 284
311 283
310 283
311 282
310 282
311 281
310 281
311 280
311 279
river 2 Pilica
317 274
318 273
318 272
319 272
319 271
320 270
321 269
322 269
323 268
324 268
325 268
325 269
326 268
326 269
327 268
327 269
328 268
329 268
330 267
331 266
332 265
333 265
334 264
335 264
336 263
337 262
338 262
339 261
339 262
340 261
341 261
342 261
343 261
344 261
345 260
346 260
347 260
348 259
349 259
350 259
351 258
352 258
353 257
354 256
355 256
356 256
357 256
358 255
358 256
359 255
360 254
361 253
362 252
363 252
364 251
365 250
366 250
366 249
367 249
367 248
368 248
369 247
370 246
371 246
372 245
373 244
374 243
374 242
river 2 Noteć
303 222
302 222
301 222
300 223
299 223
298 223
297 224
296 224
295 224
294 224
294 223
294 222
295 221
294 221
294 220
293 220
294 219
293 219
293 218
292 218
291 219
290 219
289 220
288 220
288 219
287 219
286 219
285 220
284 221
284 220
283 220
283 219
284 218
283 218
284 217
284 216
284 215
river 2 Noteć
287 205
287 204
287 203
287 202
286 202
287 201
286 201
286 200
285 200
284 200
284 199
283 199
283 198
282 198
282 197
282 196
282 195
282 194
281 194
280 194
279 194
278 194
277 194
276 194
276 193
276 192
277 191
278 190
279 189
280 188
281 187
282 187
282 186
283 186
284 185
284 184
284 183
283 183
282 183
281 183
280 183
280 182
279 182
279 181
278 181
277 181
276 181
276 180
275 180
275 179
274 179
273 179
273 178
272 179
272 178
271 179
270 179
269 180
268 180
267 181
266 181
265 181
264 182
263 182
262 182
261 183
261 182
260 183
259 183
258 183
257 183
256 183
255 183
254 184
253 184
252 184
251 184
250 185
249 185
248 186
248 185
247 186
246 186
245 186
244 186
243 186
242 186
241 186
240 187
240 186
239 187
238 187
237 187
236 188
235 188
234 189
233 190
233 191
232 191
232 192
231 193
231 194
230 195
230 196
229 197
228 198
227 198
226 198
225 198
224 198
223 198
222 198
221 199
221 198
220 199
220 198
219 199
218 199
217 199
216 199
215 199
214 199
213 200
212 201
211 201
210 201
209 202
209 201
208 202
207 202
206 202
205 203
205 202
204 203
204 202
203 203
203 202
202 203
202 202
201 203
200 203
199 204
199 205
198 205
198 206
197 206
196 207
195 208
194 208
193 208
192 209
191 209
190 209
189 210
188 210
187 211
186 211
185 212
river 2 Váh
249 409
249 410
249 411
248 412
248 413
247 414
246 414
245 414
245 415
244 416
243 417
242 418
241 418
240 418
239 418
238 419
237 420
236 420
236 421
235 421
234 422
233 422
232 423
231 423
230 424
229 424
229 425
228 425
227 426
226 427
225 428
224 429
223 429
222 430
221 430
220 430
220 429
219 430
219 429
218 429
218 428
218 427
218 426
218 425
217 425
216 425
216 424
215 424
215 423
214 423
213 423
213 422
212 422
211 422
210 423
209 424
208 424
207 425
206 425
205 426
204 427
203 428
202 429
201 430
201 431
200 431
199 431
199 430
198 430
198 431
197 431
196 432
195 432
195 433
194 434
193 435
193 436
192 437
191 438
190 439
189 440
188 440
187 441
186 442
185 442
184 443
183 444
182 444
182 445
181 445
181 446
180 447
179 447
178 448
177 449
176 449
175 450
175 451
174 451
174 452
173 452
172 453
171 454
170 455
169 456
168 457
167 458
167 459
167 460
167 461
166 462
166 463
165 464
165 465
164 465
164 466
163 467
163 468
162 469
161 470
161 471
160 472
160 473
159 474
159 475
158 476
157 477
157 478
156 479
156 480
155 481
154 482
154 483
153 484
152 485
152 486
151 487
151 488
151 489
151 490
152 490
152 491
152 492
152 493
152 494
152 495
152 496
153 496
153 497
154 497
153 498
153 499
153 500
153 501
153 502
153 503
153 504
153 505
152 506
153 506
152 507
153 507
153 508
152 509
152 510
152 511
152 512
151 513
152 513
151 514
151 515
151 516
151 517
152 517
152 518
153 518
153 519
153 520
152 521
river 2 Váh
233 415
233 414
234 413
235 412
236 411
236 412
237 411
238 411
239 411
239 412
240 411
241 411
242 411
243 410
244 410
245 410
246 409
247 408
248 408
river 2 Svitava
123 453
123 452
123 451
123 450
123 449
123 448
122 448
123 447
123 446
123 445
123 444
122 444
122 443
121 443
120 443
120 442
119 442
118 443
118 442
117 443
117 442
116 443
116 442
115 443
115 442
114 443
114 442
113 443
113 442
112 442
111 442
111 441
111 440
110 440
110 439
109 439
109 438
108 438
108 437
107 437
107 436
106 436
105 436
104 436
103 436
103 435
102 435
101 435
102 434
101 434
101 433
101 432
101 431
102 430
102 429
102 428
102 427
101 427
101 426
100 426
100 425
99 425
98 425
98 424
97 425
97 424
96 425
95 425
94 426
94 427
93 427
93 428
92 428
92 429
91 429
90 430
89 431
88 431
87 431
86 432
85 433
84 434
83 434
83 435
82 436
81 437
80 438
80 439
79 440
78 441
77 442
76 442
75 443
74 443
73 443
72 444
72 445
71 445
71 446
70 447
69 448
68 449
67 450
66 451
65 452
64 452
64 453
63 454
62 454
61 455
60 456
59 456
58 456
58 455
58 454
58 453
58 452
58 451
57 451
57 450
57 449
57 448
57 447
58 446
57 446
58 445
58 444
58 443
58 442
59 441
59 440
60 439
60 438
60 437
61 436
60 436
61 435
62 434
62 433
63 432
63 431
63 430
63 429
63 428
63 427
62 427
61 428
61 427
60 428
59 428
59 429
58 429
57 430
56 431
55 432
54 433
54 434
53 435
52 436
51 436
50 437
49 438
48 439
47 440
river 2 Isar
-122 565
-122 564
-123 565
-123 564
-124 565
-124 564
-125 565
-125 564
-126 565
-126 564
-127 564
-126 563
-127 563
-126 562
-126 561
-125 560
-124 559
-124 558
-123 557
-122 556
-121 555
-120 554
-119 554
-118 553
-117 553
-116 553
-115 552
-114 552
-113 552
-112 552
-111 551
-110 551
-109 550
-108 549
-107 548
-107 547
-106 546
-106 545
-106 544
-105 543
-106 543
-105 542
-105 541
-104 540
-104 539
-104 538
-104 537
-103 536
-103 535
-103 534
-103 533
-103 532
-103 531
-103 530
-103 529
-103 528
-102 527
-101 526
-100 525
-100 524
-99 524
-99 523
-98 522
-97 521
-96 520
-95 519
-94 518
-93 517
-93 516
-92 516
-91 515
-90 514
-89 513
-89 512
-88 512
-88 511
-87 511
-87 510
-86 510
-86 509
-85 508
-84 507
-83 506
-83 505
-82 505
-82 504
-81 503
-80 502
-80 501
-79 500
-78 499
-77 498
-76 497
-76 498
-75 497
-74 497
-73 497
-72 497
-71 496
-70 496
-69 495
-68 494
-67 493
-66 492
-65 491
-64 491
-63 491
-62 490
-61 490
-60 490
-59 489
-58 489
-57 488
-56 487
-55 487
-55 486
-54 486
-53 485
-52 485
-51 484
-50 484
-49 484
-48 483
-47 483
-46 483
-45 482
-44 482
-43 482
-42 482
-41 481
-40 481
-39 481
-38 480
-37 480
-36 480
-35 479
-34 479
-33 479
-32 478
-31 478
-30 478
-29 477
-28 477
-27 477
-27 476
-26 476
-25 475
-25 474
-24 474
-24 473
-23 473
-22 472
-21 472
-20 471
-19 471
-18 471
river 2 Zala
121 577
122 576
123 576
123 575
124 575
125 575
126 575
river 2 Spree
123 256
124 255
river 2 Spree
115 235
114 235
114 234
113 235
river 2 Spree
88 241
87 241
88 240
87 240
88 239
88 238
87 238
88 237
87 237
river 2 Spree
72 240
72 239
71 240
71 239
river 2 Spree
101 231
100 232
99 233
99 234
98 235
97 236
96 236
95 236
river 2 Spree
115 288
116 287
116 286
117 285
118 284
118 283
river 2 Traun
-16 531
-15 530
-15 529
-14 528
-14 527
-13 526
river 2 Pilica
311 279
312 278
313 277
314 276
315 275
316 275
316 274
317 274
river 2 Noteć
284 215
285 214
285 213
285 212
286 211
286 210
286 209
286 208
287 207
286 207
287 206
287 205
river 2 Váh
248 408
249 408
249 409
river 2 Svitava
123 454
123 453
river 1 
236 7
235 8
234 9
234 10
233 11
233 12
233 13
233 14
river 1 
236 0
235 1
235 2
235 3
235 4
river 1 Eger
-21 389
-20 388
-19 388
-18 388
-18 389
-17 389
-16 389
-16 388
-15 388
-15 387
-14 387
-13 386
-12 386
-11 386
-10 386
-9 386
-9 387
-8 387
-7 387
-7 388
-6 388
-5 388
-4 388
-3 388
-3 389
-2 388
-1 388
0 387
1 387
2 386
2 387
3 386
3 387
4 386
5 385
6 385
7 384
8 384
9 383
10 382
11 382
12 381
13 381
14 381
15 381
16 380
17 380
18 379
19 379
20 378
21 378
22 377
22 378
23 378
24 378
25 377
26 376
27 375
27 374
28 374
28 373
29 373
29 372
30 372
30 371
31 371
32 370
33 369
34 369
35 369
36 368
37 368
38 368
39 368
39 369
40 368
40 369
41 369
42 369
42 370
43 369
44 369
45 369
46 369
47 369
47 370
48 370
48 371
49 370
50 370
50 371
51 370
52 370
53 369
53 370
54 369
55 369
56 368
57 368
58 368
59 368
60 368
61 367
62 367
63 367
64 366
65 366
66 365
66 366
67 365
68 365
69 365
70 365
71 364
72 364
73 363
74 362
74 361
75 360
75 359
76 358
76 357
river 1 Salzach
-98 577
-98 576
-97 575
-98 575
-97 574
-96 573
-95 572
-94 572
-93 571
-93 572
-92 571
-91 571
-90 570
-89 570
-88 570
-87 569
-86 569
-85 569
-84 569
-83 569
-82 569
-81 569
-80 569
-79 569
-78 568
-78 569
-77 568
-77 569
-76 568
-76 569
-75 568
-74 568
-73 568
-72 568
-71 568
-70 568
-69 568
-68 568
-67 568
-66 568
-65 567
-64 567
-63 567
-62 567
-61 566
-61 567
-60 566
-60 567
-59 566
-58 566
-57 566
-56 565
-55 565
-54 564
-53 563
-52 562
-52 561
-51 560
-51 559
-50 558
-50 557
-50 556
-49 555
-50 555
-49 554
-50 554
-49 553
-49 552
-49 551
-48 550
-48 549
-48 548
-47 547
-48 547
-47 546
-47 545
-47 544
-47 543
-47 542
-47 541
-47 540
-46 539
-47 539
-46 538
-46 537
-45 536
-46 536
-45 535
-46 535
-45 534
-46 534
-45 533
-46 533
-45 532
-46 532
-47 532
-47 531
-47 530
-47 529
-47 528
-47 527
-47 526
-48 526
-47 525
-48 525
-48 524
-48 523
-48 522
-48 521
-48 520
-49 520
-48 519
-49 519
-49 518
-49 517
-49 516
-48 515
-47 514
-46 514
-45 513
-44 512
-43 512
-42 511
-41 510
-40 509
-39 508
-39 509
-38 509
river 1 Wkra
374 148
375 147
375 148
376 147
376 148
377 148
378 148
379 148
378 149
379 149
379 150
378 151
377 152
377 153
376 153
376 154
375 155
374 156
373 157
373 158
372 159
371 159
370 159
369 159
368 160
367 160
366 161
365 162
364 162
363 162
362 162
361 162
360 162
359 162
358 162
357 162
356 163
355 163
355 164
354 165
354 166
353 167
352 168
351 169
351 170
352 170
352 171
352 172
352 173
351 174
352 174
351 175
351 176
351 177
350 178
351 178
350 179
351 179
351 180
352 180
353 180
354 179
355 179
356 178
357 178
357 179
358 179
359 179
360 179
361 179
361 180
362 180
362 181
363 181
362 182
363 182
362 183
363 183
362 184
361 185
360 186
360 187
361 187
361 188
362 188
362 189
363 189
363 190
364 190
364 191
364 192
364 193
365 193
365 194
365 195
366 195
366 196
366 197
367 197
367 198
368 198
367 199
368 199
368 200
369 200
369 201
368 202
368 203
368 204
369 204
369 205
369 206
369 207
river 1 Gwda
263 130
264 130
265 129
266 129
266 130
266 131
266 132
266 133
266 134
266 135
266 136
267 136
268 135
268 136
269 136
269 137
270 137
270 138
270 139
269 140
269 141
268 142
267 143
266 144
265 144
264 145
263 146
262 147
261 148
261 149
261 150
261 151
261 152
261 153
261 154
260 155
260 156
259 157
258 158
258 159
257 160
256 161
255 162
254 163
254 164
253 164
253 165
252 166
251 167
250 168
250 169
249 170
249 171
248 172
248 173
247 174
247 175
246 176
245 177
245 178
244 179
243 180
243 181
243 182
242 183
242 184
241 185
240 186
river 1 Mosoni-Duna
63 520
62 521
61 522
60 523
59 524
58 525
58 526
58 527
58 528
58 529
58 530
58 531
59 531
59 532
59 533
60 533
60 534
61 534
62 534
63 534
64 534
65 534
66 534
67 533
68 532
69 532
70 531
71 531
72 531
73 531
74 530
74 531
75 530
76 530
77 529
78 528
79 527
80 526
80 525
81 525
82 524
83 523
84 522
85 521
86 520
87 519
88 519
89 518
90 517
91 517
92 516
93 516
94 515
95 514
96 513
97 512
98 511
99 511
100 510
101 510
102 510
103 510
104 510
105 509
105 510
106 509
107 509
108 508
109 508
110 507
111 506
111 507
112 506
112 507
113 507
113 508
114 508
114 509
114 510
115 510
114 511
115 511
115 512
116 512
116 513
117 513
117 514
118 514
119 514
119 515
120 515
121 515
121 516
121 517
122 517
121 518
122 518
121 519
122 518
123 518
123 519
124 519
124 520
125 520
125 521
126 520
127 520
127 521
128 521
128 522
127 523
128 523
128 524
129 523
129 524
129 525
130 525
130 526
130 527
131 527
river 1 Oder
176 379
175 380
175 381
175 382
176 382
175 383
176 383
176 384
177 384
177 385
178 384
178 385
179 384
179 385
180 385
181 385
182 385
183 385
184 384
184 385
185 384
185 385
185 386
186 385
186 386
187 386
187 387
187 388
188 388
188 389
188 390
189 390
190 389
190 390
191 390
191 391
192 390
192 391
193 390
194 390
194 389
195 389
195 388
196 388
196 387
197 386
198 385
199 384
200 384
200 383
201 383
202 382
202 383
203 382
204 382
205 382
205 383
206 383
207 383
208 383
208 384
209 384
209 385
209 386
210 386
210 387
river 1 Usha
457 23
458 22
457 22
458 21
458 20
458 19
458 18
457 19
457 18
456 19
456 18
455 19
454 19
river 1 Zwickauer Mulde
25 367
25 366
24 367
24 366
23 367
23 366
22 366
22 365
22 364
23 363
24 362
25 361
26 360
26 359
27 358
27 357
26 357
27 356
26 356
26 355
25 355
26 354
26 353
26 352
25 352
24 352
23 352
23 351
22 351
22 350
21 350
21 349
22 348
22 347
22 346
23 345
23 344
24 343
25 342
26 341
27 340
28 339
29 338
30 338
31 337
32 337
32 336
33 336
34 335
35 334
36 333
37 333
38 332
38 331
39 331
39 330
40 329
41 328
42 327
42 326
43 325
43 324
44 323
45 322
45 321
45 320
45 319
46 318
46 317
46 316
46 315
46 314
47 313
48 312
48 311
49 310
49 309
49 308
49 307
49 306
49 305
49 304
49 303
49 302
49 301
49 300
50 299
50 298
50 297
50 296
51 295
51 294
51 293
51 292
51 291
50 291
50 290
49 290
48 290
47 290
47 289
46 289
46 288
46 287
45 288
45 287
44 287
45 286
44 286
45 285
44 285
45 284
45 283
46 282
46 281
46 280
47 279
46 279
47 278
46 278
47 277
47 276
47 275
47 274
river 1 Sázava
118 409
118 410
117 411
117 412
116 413
115 413
114 414
114 413
113 414
112 414
111 414
110 414
109 414
108 414
108 413
107 413
107 412
106 412
105 412
104 412
103 412
102 412
101 412
101 411
100 411
100 410
100 409
99 409
98 409
97 409
96 409
95 409
95 408
95 407
94 407
93 407
92 407
92 406
91 406
91 405
90 405
89 405
88 405
88 404
87 404
87 403
86 403
86 402
85 402
86 401
85 401
86 400
85 400
86 399
85 399
86 398
86 397
85 397
84 397
84 396
83 397
83 396
82 397
81 397
80 397
79 397
78 398
77 399
76 399
75 399
74 399
73 399
72 399
71 399
70 399
70 398
69 398
68 398
67 398
river 1 Schwarze Elster
100 318
101 317
101 316
101 315
101 314
102 313
102 312
103 311
103 310
104 310
104 309
104 308
105 307
105 306
105 305
106 304
106 303
107 302
107 301
107 300
107 299
106 299
106 298
106 297
105 297
106 296
105 296
105 295
104 295
103 295
103 294
102 294
101 294
101 293
100 294
99 294
98 295
97 295
96 296
95 297
94 297
93 297
92 297
91 297
90 297
89 297
88 298
88 297
87 298
87 297
86 298
86 297
85 298
84 298
83 298
82 298
81 298
80 298
80 297
79 297
79 296
78 296
78 295
78 294
78 293
78 292
78 291
78 290
78 289
77 289
78 288
77 288
78 287
77 287
78 286
77 286
78 285
77 285
78 284
78 283
77 283
78 282
77 282
77 281
76 281
76 280
75 280
75 279
74 279
74 278
73 278
72 278
71 278
70 278
70 277
69 278
69 277
68 277
67 277
67 276
river 1 Vecht
-117 265
-116 265
-115 264
-114 263
-113 262
-113 261
-113 260
-113 259
-113 258
-112 257
-112 256
-112 255
-111 254
-111 253
-111 252
-110 251
-110 250
-109 249
-110 249
-110 248
-110 247
-109 246
-110 246
-110 245
-110 244
-110 243
-110 242
-110 241
-109 240
-110 240
-110 239
-110 238
-111 238
-110 237
-111 237
-110 236
-111 236
-111 235
-111 234
-111 233
-111 232
-112 232
-112 231
-112 230
-111 229
-111 228
-111 227
-111 226
-111 225
-112 225
river 1 Enns
-47 566
-46 565
-47 565
-46 564
-46 563
-45 562
-44 561
-43 560
-43 561
-42 560
-42 561
-41 560
-40 560
-39 560
-38 559
-38 560
-37 559
-37 560
-36 560
-35 560
-34 559
-34 560
-33 559
-32 559
-31 558
-30 558
-29 558
-28 557
-28 558
-27 557
-26 557
-25 557
-24 557
-23 556
-22 556
-21 555
-20 555
-19 554
-18 553
-17 553
-17 552
-16 552
-15 551
-14 551
-13 550
-12 550
-11 549
-10 548
-10 549
-9 548
-8 548
-7 547
-7 548
-6 547
-5 547
-4 547
-3 546
-2 546
-1 546
0 545
0 546
1 545
1 546
2 545
3 545
4 545
5 545
6 545
7 545
8 545
9 545
10 544
10 545
11 544
12 544
13 544
14 543
15 542
16 541
16 540
16 539
15 539
15 538
15 537
15 536
14 536
14 535
15 534
15 533
16 532
16 531
16 530
17 529
17 528
17 527
17 526
16 526
15 526
14 526
14 525
13 525
12 525
12 524
11 524
11 523
10 523
9 523
9 522
10 521
10 520
11 520
11 519
12 519
13 518
14 517
14 516
15 516
15 515
16 515
16 514
17 514
17 513
18 512
19 511
19 510
19 509
20 508
21 507
21 506
22 505
22 504
23 504
24 503
river 1 Elbe
155 361
155 362
155 363
155 364
155 365
156 365
155 366
156 366
156 367
156 368
157 368
156 369
157 369
156 370
157 370
156 371
156 372
156 373
155 374
155 375
154 376
154 377
153 378
152 379
151 379
151 378
150 378
149 378
148 378
147 378
146 379
145 379
144 379
144 378
143 378
143 377
142 377
141 377
140 377
139 377
138 377
138 376
137 376
137 375
136 375
135 375
135 374
135 373
134 373
134 372
133 372
132 372
131 372
130 372
river 1 
-14 283
-14 284
-13 284
-13 285
-12 285
-12 286
-11 286
-10 285
-9 284
-8 283
-7 283
-6 283
-5 282
-4 282
-4 283
-3 283
-2 283
-2 284
-1 283
-1 284
0 283
1 283
2 282
3 282
4 282
5 281
6 280
7 280
8 279
9 278
10 278
10 277
11 277
11 276
12 276
12 275
12 274
11 274
12 273
11 273
12 272
13 271
13 270
14 269
14 268
15 267
15 266
16 266
17 265
18 265
18 266
19 265
19 266
20 266
21 266
21 267
22 267
22 268
22 269
23 269
23 270
24 270
24 271
24 272
23 273
23 274
23 275
24 275
25 275
26 275
27 275
28 275
28 276
29 276
30 276
river 1 Hron
260 440
259 441
258 441
257 441
257 440
256 440
255 440
254 440
254 439
253 440
253 439
252 440
251 440
250 440
249 440
248 441
247 441
246 442
245 442
244 443
243 443
242 444
241 444
240 444
239 445
238 445
237 445
236 445
235 446
235 445
234 445
233 445
232 446
231 446
230 446
229 447
228 448
227 448
226 449
225 449
224 450
223 450
222 451
221 452
220 452
219 452
218 453
217 454
216 455
216 456
216 457
215 458
215 459
215 460
214 460
214 461
213 462
212 463
211 464
210 464
209 465
209 464
208 464
207 464
207 463
206 464
206 463
205 464
205 463
204 464
203 464
202 464
201 465
200 466
199 466
198 467
197 468
196 468
196 469
195 470
195 471
194 472
193 473
192 474
191 475
190 476
189 476
189 477
188 477
187 478
186 479
185 480
185 481
184 481
184 482
183 483
182 484
182 485
181 486
181 487
180 488
181 488
180 489
180 490
179 491
180 491
180 492
181 492
181 493
181 494
181 495
181 496
182 496
182 497
181 498
182 498
181 499
181 500
181 501
180 502
179 503
179 504
178 505
178 506
177 507
177 508
176 509
177 509
176 510
176 511
177 511
176 512
177 512
177 513
178 513
178 514
179 514
river 1 Prosna
251 314
251 313
251 312
251 311
251 310
250 311
250 310
249 310
248 310
249 309
249 308
250 307
249 307
250 306
249 306
250 305
249 305
250 304
249 304
250 303
249 303
248 303
247 303
246 303
246 302
245 302
244 302
243 302
242 302
243 301
243 300
244 299
244 298
245 297
245 296
245 295
245 294
245 293
246 292
246 291
247 290
248 289
248 288
249 287
250 286
250 285
250 284
250 283
249 283
249 282
249 281
250 280
251 279
252 278
252 277
253 276
253 275
252 275
252 274
251 274
251 273
251 272
252 271
253 270
253 269
254 269
254 268
254 267
254 266
255 265
254 265
255 264
254 264
254 263
253 263
253 262
253 261
254 260
254 259
253 259
254 258
253 258
253 257
253 256
253 255
253 254
252 254
253 253
252 253
252 252
252 251
251 251
251 250
251 249
250 249
250 248
249 248
249 247
248 247
248 246
248 245
248 244
249 243
248 243
249 242
river 1 
277 123
277 124
277 125
277 126
278 126
278 127
279 126
279 127
280 127
280 128
280 129
280 130
279 131
278 132
278 133
277 134
277 135
277 136
276 137
276 138
275 138
275 139
274 140
275 140
276 139
277 138
278 138
279 137
279 138
280 137
281 137
282 136
283 135
284 135
284 136
285 135
285 136
286 135
287 134
288 133
288 132
289 132
289 131
290 131
290 132
291 132
292 132
292 133
293 133
292 134
293 134
293 135
293 136
294 136
294 137
295 137
295 138
296 138
295 139
296 139
295 140
295 141
296 141
296 142
297 142
297 143
298 143
297 144
298 144
297 145
297 146
296 147
295 148
295 149
294 149
294 150
293 151
293 152
292 153
292 154
292 155
291 156
292 156
291 157
292 157
292 158
292 159
292 160
292 161
292 162
292 163
291 164
291 165
290 166
289 167
289 168
288 169
287 170
287 171
287 172
287 173
286 174
287 174
286 175
286 176
286 177
287 177
288 177
289 177
290 177
291 177
river 1 Crisul Alb
232 559
231 560
230 561
229 561
228 562
227 562
226 563
225 563
224 563
224 562
223 562
222 562
221 562
220 563
219 564
218 565
217 566
216 567
215 568
214 569
213 570
212 571
211 572
211 573
210 574
210 575
209 576
209 577
river 1 Ill
-277 557
-277 556
-276 555
-276 554
-276 553
-276 552
-275 551
river 1 Ill
-272 544
-271 543
-271 544
-270 544
-269 543
-268 543
-267 542
-266 541
-265 541
-265 540
-264 540
-264 539
-263 539
-263 538
-262 537
-261 537
-261 536
-260 536
-260 535
-259 534
-259 533
-258 532
-258 531
-258 530
-257 530
-257 529
-256 528
-255 527
-254 526
-254 525
-253 525
-253 524
-252 523
-251 522
-251 521
-250 520
-250 519
-249 518
-250 518
-249 517
-249 516
-248 515
-247 514
-246 513
-245 512
-245 511
-244 510
-243 509
-242 508
-241 507
-240 506
-239 505
-238 505
-238 504
-237 504
-237 503
-236 502
-235 501
-234 500
-233 500
-232 499
-231 499
-231 498
-230 498
-229 497
-228 496
-227 495
-226 494
-225 493
-225 492
-224 492
-224 491
-223 490
-222 489
-222 488
-221 488
-221 487
-220 487
-220 486
-219 486
-219 485
-218 485
-218 484
-217 483
-216 483
-215 482
-214 481
-213 481
river 1 Glan
-205 428
-205 429
-205 430
-205 431
-204 431
-204 432
-203 432
-202 432
-202 431
-201 430
-201 429
-200 429
-200 428
-199 427
-199 426
-198 425
-198 424
-197 424
-197 423
-196 422
-196 421
-196 420
-195 420
-194 419
-193 419
-192 419
-191 418
-190 418
-190 417
-189 417
-188 416
-187 415
-186 415
-185 414
-184 413
-183 412
-182 411
-181 410
-181 409
-180 409
-180 408
-179 408
-178 407
-177 407
-176 406
-175 406
-174 406
-173 405
-172 404
-171 403
-170 402
-169 401
-169 400
-168 399
-168 398
-168 397
river 1 Ruhr
-104 317
-104 316
-104 315
-103 314
-103 313
-102 312
-102 311
-101 310
-101 309
-100 308
-101 308
-100 307
-101 307
-102 307
-103 307
-104 307
-105 307
-106 308
-106 307
-107 308
-108 308
-109 308
-110 308
-110 307
-110 306
-110 305
-111 305
-112 305
-113 305
-113 304
-113 303
-114 303
-114 302
-114 301
-115 301
-114 300
-115 300
-115 299
-115 298
-116 298
-117 298
-118 299
-119 299
-120 299
-121 299
-122 299
-123 299
-124 299
-125 300
-126 300
-127 301
-128 301
-129 302
-130 302
-131 303
-131 302
-132 303
-133 303
-134 303
-135 304
-136 304
-137 304
-137 303
-137 302
-137 301
-138 301
-139 302
-140 302
-141 302
-142 302
-143 302
-144 303
-144 302
-144 301
-145 302
-146 302
-147 303
-148 303
-149 303
-150 304
-151 304
-152 305
river 1 Dyje
126 456
127 456
126 457
127 457
127 458
128 458
129 458
129 459
130 459
130 460
130 461
130 462
129 463
129 464
129 465
129 466
129 467
129 468
128 469
128 470
128 471
128 472
river 1 Dyje
58 474
58 473
59 473
60 472
61 471
62 470
63 470
63 469
64 469
65 468
65 469
66 469
67 468
68 467
69 466
69 465
70 464
71 463
71 462
71 461
72 460
73 459
73 458
74 458
74 457
75 457
76 456
76 457
77 457
76 458
77 458
76 459
77 459
77 460
77 461
78 461
79 461
79 462
80 462
81 462
82 461
83 460
84 459
85 458
86 458
87 457
88 457
89 456
90 455
91 455
92 455
92 456
93 456
93 457
93 458
93 459
94 459
94 460
95 460
95 461
96 461
97 460
98 460
99 459
100 459
100 460
101 459
101 460
102 459
103 459
103 460
104 460
104 461
104 462
105 462
105 463
106 463
106 464
107 464
107 465
108 465
109 465
110 464
111 464
112 463
113 462
114 461
115 460
116 459
117 458
117 457
118 457
118 456
river 1 
435 122
435 123
435 124
435 125
434 126
434 127
434 128
434 129
434 130
434 131
433 132
434 132
433 133
433 134
433 135
432 136
431 137
430 138
429 139
428 140
429 140
428 140
428 141
428 142
428 143
428 144
428 145
428 146
429 146
429 147
429 148
428 149
428 150
river 1 
412 126
412 125
412 124
412 123
412 122
412 121
413 120
414 119
415 119
415 118
416 117
417 117
417 118
417 119
418 119
417 120
417 121
417 122
416 123
416 124
416 125
416 126
417 126
417 127
417 128
418 128
418 129
418 128
419 128
419 127
420 126
420 125
421 124
422 123
423 123
422 124
422 125
423 125
424 124
425 123
426 122
426 121
427 120
427 119
427 120
428 119
429 119
river 1 Luzicka Nisa
120 337
121 337
120 338
121 338
120 339
119 340
118 341
117 341
117 340
116 340
116 339
116 338
115 338
115 337
114 338
114 337
114 336
113 336
112 336
112 335
111 335
111 334
111 333
111 332
112 331
113 331
113 330
114 330
114 329
115 328
116 327
117 326
117 325
118 325
118 324
119 323
120 322
121 321
121 320
122 319
122 318
123 317
124 316
124 315
125 314
125 313
126 312
127 311
128 310
128 309
129 308
129 307
129 306
129 305
129 304
129 303
129 302
130 301
129 301
130 300
130 299
131 298
131 297
132 296
131 296
131 295
131 294
130 295
130 294
129 294
128 294
128 293
127 293
127 292
126 292
125 292
125 291
126 290
126 289
127 288
128 287
129 286
129 285
130 284
129 284
130 283
130 282
129 282
129 281
129 280
128 280
128 279
129 278
129 277
129 276
129 275
129 274
129 273
130 272
131 271
132 270
133 269
134 268
135 267
136 266
136 265
137 264
137 263
138 262
138 261
139 261
139 260
140 259
141 258
141 257
142 257
143 256
river 1 
136 171
135 172
134 172
133 173
132 173
131 173
131 172
132 171
133 170
134 169
134 168
134 167
134 166
134 165
134 164
133 164
133 163
134 162
134 161
134 160
135 159
136 158
137 157
137 156
137 155
138 154
139 153
140 152
141 151
142 150
142 149
142 148
142 147
142 146
141 146
141 145
141 144
140 144
140 143
140 142
139 142
138 142
137 142
137 141
138 140
139 139
140 139
140 138
141 138
142 137
142 138
143 137
144 137
145 137
146 137
147 137
147 138
148 138
147 139
148 139
148 140
149 140
150 140
151 140
151 141
152 141
152 142
153 142
154 142
154 143
155 142
155 143
156 143
157 143
158 143
159 143
160 143
161 143
river 1 
188 559
188 558
188 557
188 556
187 557
186 557
185 557
185 556
184 557
183 557
183 556
183 555
183 554
183 553
183 552
182 552
182 551
181 552
180 553
181 553
180 554
180 555
180 556
179 557
179 558
179 559
179 560
179 561
178 562
177 563
177 564
176 565
175 566
175 567
175 568
175 569
175 570
174 571
174 572
174 573
173 574
173 575
172 576
172 577
river 1 Limmat
-218 577
-219 577
-219 576
-219 575
-219 574
-220 574
river 1 Limmat
-231 565
-230 564
-231 564
-231 563
-232 563
-232 562
-233 562
-234 562
-234 561
-234 560
-235 560
-235 559
-236 559
-236 558
-236 557
-236 556
-237 557
-237 556
-238 556
river 1 Reuss
-243 577
-242 576
-242 575
-241 574
-240 573
-240 572
-239 571
-240 571
-239 570
-239 569
-239 568
-239 567
-239 566
-239 565
-239 564
-239 563
-239 562
-239 561
-240 561
-239 560
-239 559
-239 558
-239 557
-239 556
river 1 
429 119
430 118
431 118
432 117
432 118
433 118
433 119
433 120
434 120
434 121
434 122
435 122
river 1 
235 4
236 4
236 5
236 6
236 7
river 1 Dyje
123 454
124 454
125 454
126 454
126 455
127 455
126 456
river 1 Dyje
118 456
119 456
119 455
120 455
121 454
121 455
122 454
122 455
123 454
river 1 Limmat
-220 574
-221 574
-222 575
-222 574
-223 575
-224 575
-225 575
-226 575
-226 574
-227 574
-228 574
-229 574
-229 573
-229 572
-230 572
-230 571
-231 571
-231 570
-231 569
-231 568
-231 567
-231 566
river 0 Svratka
121 407
121 406
122 405
123 404
124 404
124 405
125 405
125 406
126 405
127 405
128 405
128 406
129 406
129 407
128 408
129 408
128 409
128 410
128 411
129 411
129 412
130 412
130 413
130 414
130 415
129 416
129 417
128 418
128 419
128 420
128 421
128 422
128 423
127 424
128 424
128 425
127 426
128 426
127 427
127 428
127 429
127 430
128 430
127 431
128 431
128 432
128 433
129 433
129 434
129 435
130 435
130 436
131 436
131 437
130 438
130 439
129 440
129 441
128 442
128 443
127 444
127 445
127 446
128 446
128 447
128 448
127 449
126 450
125 450
125 451
124 451
124 452
123 453
river 0 
201 441
201 442
200 443
201 443
200 444
201 444
200 445
201 445
201 446
201 447
201 448
200 449
200 450
199 451
198 452
197 453
196 454
195 455
194 456
193 457
192 458
192 459
191 459
191 460
190 460
190 461
189 461
188 462
187 463
186 463
185 464
184 464
183 465
182 465
181 465
180 466
179 466
178 467
177 468
176 468
175 469
175 470
174 470
174 471
173 472
172 473
171 474
170 475
170 476
169 476
169 477
168 478
168 479
167 479
167 480
166 480
166 481
165 481
165 482
164 482
164 483
164 484
164 485
165 485
165 486
165 487
165 488
166 488
166 489
166 490
166 491
166 492
166 493
166 494
166 495
166 496
165 497
165 498
164 499
164 500
163 501
163 502
162 503
161 504
160 505
159 506
158 507
157 508
156 509
156 510
155 511
155 512
155 513
154 514
154 515
154 516
154 517
153 518
153 519
river 0 Weisse Elster
-2 377
-1 376
0 375
0 374
1 373
1 372
1 371
1 370
1 369
0 369
0 368
0 367
-1 367
-2 367
-2 366
-2 365
-1 364
0 364
1 363
2 362
3 362
3 361
4 360
4 359
5 358
5 357
6 356
7 355
7 354
8 353
9 352
9 351
9 350
10 349
9 349
10 348
10 347
10 346
10 345
9 345
9 344
9 343
10 342
10 341
10 340
11 339
11 338
11 337
12 336
11 336
11 335
11 334
11 333
11 332
12 331
12 330
13 330
14 329
15 329
15 328
16 328
17 327
18 327
19 326
20 325
21 325
21 324
22 324
23 323
24 322
25 321
26 320
27 319
28 318
29 317
29 316
29 315
30 314
31 313
32 312
33 311
34 310
34 309
35 308
35 307
35 306
34 306
35 305
34 305
33 305
32 305
31 305
30 305
29 305
28 305
28 304
27 304
26 304
26 303
25 303
25 302
24 302
river 0 Lippe
-84 299
-84 298
-83 297
-84 297
-84 296
-85 296
-86 297
-87 297
-88 297
-89 297
-89 296
-90 296
-90 295
-90 294
-89 293
-88 293
-87 292
-86 291
-85 291
-84 290
-83 290
-83 289
-82 288
-81 287
-81 286
-80 285
-80 284
-79 283
-79 282
-80 282
-81 282
-82 282
-83 283
-84 283
-85 284
-86 284
-87 285
-88 285
-89 285
-90 285
-91 286
-92 286
-93 286
-94 287
-95 287
-96 287
-97 287
-98 287
-99 288
-99 287
-100 288
-100 287
-101 287
-102 288
-102 287
-103 287
-104 288
-104 287
-105 288
-105 287
-106 287
-106 286
-106 285
-107 285
-107 284
-108 285
-108 284
-109 285
-110 285
-111 285
-112 285
-113 286
-114 286
-115 286
-116 287
-117 287
-118 287
-119 288
-120 288
-121 288
-122 289
-123 289
-124 290
-124 289
-125 289
-125 288
-125 287
-126 287
-126 286
-127 286
-127 285
-127 284
-128 284
-128 283
-129 283
-129 282
-130 282
-131 282
-132 282
-133 282
-134 283
-135 283
-136 284
-137 284
-138 285
-139 285
-140 285
-141 285
-142 286
-142 285
river 0 Unstrut
-44 347
-43 346
-43 345
-43 344
-42 343
-41 342
-40 342
-40 341
-39 341
-38 340
-37 340
-37 339
-36 339
-36 338
-35 338
-34 337
-33 337
-32 337
-31 337
-30 337
-29 337
-28 336
-27 336
-26 336
-26 335
-25 334
-24 333
-23 332
-23 331
-23 330
-23 329
-23 328
-23 327
-23 326
-22 325
-22 324
-21 323
-21 322
-20 322
-19 321
-18 321
-17 321
-16 321
-15 321
-14 320
-13 319
-12 318
-12 317
-11 316
-11 315
-10 314
-9 313
-8 312
-7 311
-6 310
-5 309
-4 308
-3 308
-2 307
-1 306
0 306
0 307
1 307
0 308
1 308
1 309
1 310
1 311
1 312
1 313
1 314
2 313
3 313
4 313
5 312
5 313
6 312
7 311
7 312
8 312
8 313
8 314
8 315
8 316
9 316
9 317
10 316
10 317
11 317
11 318
11 319
river 0 Ohm
-102 360
-102 359
-102 358
-103 358
-104 358
-104 357
-104 356
-105 356
-105 355
-104 354
-104 353
-103 352
-103 351
-102 350
-102 349
-103 349
-103 348
-103 347
-103 346
-102 345
-103 345
-102 344
-103 344
-102 343
-103 343
-103 342
-104 342
-104 341
-104 340
-105 340
-106 340
-107 341
-107 342
-108 343
-109 344
-110 345
-110 346
-111 347
-112 348
-113 349
-114 350
-114 351
-115 352
-116 353
-116 354
-117 354
-117 355
-118 356
-119 357
-120 357
-121 358
-122 358
-123 358
-124 358
-125 358
-126 359
-127 359
-128 359
-129 359
-130 360
-130 359
-131 360
-131 359
-132 360
-133 360
-134 361
-135 361
-135 362
-136 363
-137 364
-138 365
-138 366
-139 367
-140 368
-141 369
-141 368
-142 369
-143 369
-143 368
-144 369
-144 368
-145 368
-146 369
-147 369
-148 369
-149 370
-150 370
-150 371
-151 371
-151 372
-152 372
-153 372
-154 373
-155 373
-156 374
-157 374
-158 374
-159 374
-159 373
-160 373
-161 373
-162 373
-163 373
-164 374
-165 374
-166 374
river 0 Slana
260 444
261 443
262 442
262 443
263 442
263 443
264 443
265 443
266 442
266 443
267 442
268 442
268 443
268 444
268 445
267 446
268 446
268 447
269 447
270 447
270 448
270 449
270 450
269 451
268 452
267 453
267 454
266 455
265 456
264 456
264 457
263 457
262 458
262 459
261 459
261 460
260 461
259 462
258 463
257 464
256 465
256 466
255 467
255 468
254 469
254 470
254 471
254 472
254 473
253 474
253 475
254 475
255 475
256 475
257 475
258 474
258 475
259 474
259 475
260 474
261 474
262 474
263 474
264 474
265 474
265 475
266 475
266 476
267 476
267 477
268 477
268 478
269 478
269 479
268 480
269 480
268 481
269 481
269 482
269 483
269 484
river 0 Bóbr
144 339
145 339
146 339
147 339
147 340
148 340
149 340
150 339
149 339
150 338
150 337
151 336
152 335
153 334
154 333
154 332
154 331
153 331
153 330
153 329
152 329
151 329
150 329
149 329
148 330
148 329
147 329
147 328
146 328
145 328
145 327
144 327
144 326
143 326
144 325
143 325
144 324
144 323
145 323
145 322
146 321
146 320
147 319
147 318
147 317
147 316
146 316
146 315
146 314
146 313
145 313
146 312
146 311
146 310
146 309
146 308
147 307
147 306
148 306
148 305
149 305
149 304
150 303
150 302
151 301
152 300
152 299
153 298
153 297
154 296
154 295
155 294
155 293
156 292
157 291
157 290
157 289
157 288
157 287
156 287
156 286
155 287
155 286
154 287
154 286
153 287
153 286
152 286
151 286
151 285
150 285
150 284
150 283
150 282
150 281
151 280
151 279
151 278
151 277
151 276
152 275
151 275
152 274
152 273
152 272
152 271
152 270
152 269
152 268
152 267
152 266
152 265
152 264
152 263
152 262
152 261
152 260
152 259
152 258
153 257
river 0 Ipel
235 458
236 458
236 459
235 460
235 461
234 462
233 463
233 464
233 465
233 466
233 467
234 467
234 468
234 469
233 470
232 471
231 472
232 472
232 473
232 474
232 475
232 476
231 477
230 477
229 478
228 478
228 479
227 479
226 480
225 480
225 481
224 481
224 482
223 482
222 483
221 484
220 485
220 484
219 485
218 486
217 487
217 488
216 489
215 490
215 491
214 492
213 493
212 493
211 494
211 493
210 494
209 494
208 494
207 494
206 494
205 495
204 496
203 496
202 496
201 496
200 496
199 496
198 496
197 497
196 497
195 497
194 497
193 498
193 497
192 498
191 498
190 499
189 499
188 499
187 500
186 501
185 502
184 503
183 503
182 504
182 505
182 506
181 507
180 508
180 509
180 510
179 511
180 511
180 512
181 512
181 513
river 0 
73 540
74 540
74 541
75 541
74 542
75 542
74 543
75 543
75 544
74 545
75 545
74 546
74 547
75 547
75 548
76 548
77 547
78 546
79 545
79 546
80 546
80 547
80 548
81 548
82 548
83 548
84 547
85 546
86 546
86 547
86 548
86 549
86 550
87 550
87 551
87 552
88 552
89 552
90 552
91 552
92 551
93 551
94 550
95 549
96 548
97 548
98 547
99 546
100 546
100 545
101 545
101 544
102 543
102 542
102 541
103 540
103 539
103 538
103 537
103 536
103 535
103 534
103 533
103 532
104 532
105 531
106 531
107 530
108 530
109 530
110 530
111 529
111 530
112 529
113 529
114 528
115 528
116 527
117 527
118 527
119 527
120 527
121 527
122 527
122 528
123 527
123 528
124 528
125 528
126 528
127 528
128 527
129 527
129 526
130 526
river 0 Aller
-15 279
-15 278
-16 278
-16 277
-15 276
-14 275
-14 274
-13 273
-12 272
-11 271
-10 270
-9 269
-8 269
-7 269
-7 268
-7 267
-7 266
-7 265
-6 264
-5 263
-5 262
-4 262
-4 261
-3 260
-3 259
-3 258
-2 257
-3 257
-2 256
-3 256
-2 255
-2 254
-2 253
-1 252
-1 251
0 250
0 249
0 248
0 247
0 246
0 245
0 244
0 243
0 242
0 241
1 240
1 239
1 238
0 238
1 237
0 237
1 236
2 235
2 234
3 233
2 233
3 232
2 232
2 231
2 230
1 230
1 229
0 229
-1 229
-2 229
-2 228
-3 228
-3 227
-3 226
-4 226
-5 226
-5 225
-6 225
-6 224
-7 224
-7 223
-8 223
-9 223
-10 223
-11 223
-12 224
-12 223
-13 224
-13 223
-14 223
-14 222
-15 222
-15 221
-16 222
-16 221
-17 221
-16 220
-17 220
river 0 Fulda
-123 333
-122 332
-121 331
-120 331
-120 330
-119 329
-118 328
-117 327
-116 327
-116 328
-115 328
-114 328
-114 329
-113 329
-112 329
-111 329
-111 330
-110 330
-110 331
-109 330
-109 331
-108 330
-107 329
-106 328
-106 329
-105 329
-104 329
-103 329
-102 328
-101 328
-100 327
-99 327
-98 326
-97 325
-96 324
-95 324
-94 323
-93 322
-92 321
-92 320
-91 319
-90 319
-89 319
-89 320
-88 319
-87 319
-86 319
-86 320
-85 320
-84 320
-83 320
-83 321
-83 322
-82 322
-82 323
-81 323
-80 323
-79 323
-78 323
-77 323
-76 323
-75 323
-74 322
-73 321
-72 320
-72 319
-71 318
-70 317
-70 316
-69 315
-68 314
-67 313
-67 312
-66 311
-65 311
-65 310
-64 310
-63 309
-63 308
-62 308
-62 307
-61 306
-60 306
-59 306
-58 305
-58 304
