136 154
-1 -1 -1 -1 -1 -1 -1 -1 -1 -1 -1 -1 -1 -128 20 27 18 13 13 14 15 15 12 6 4 15 15 7 13 0 0 -1 -37 -128 -61 -12 -1 -1 -1 -1 -1 -1 -1 -1 -1 -1 -1 -96 -112 -1 -128 18 25 21 24 19 12 3 9 6 14 15 19 24 19 35 0 0 -75 -1 -1 -1 -1 -1 -1 -1 -1 -1 -1 -1 -1 -1 -1 -1 -1 -1 -1 -1 -1 -1 -1 -1 -1 -1 -1 -1 -1 -1 -1 -1 -1 -1 -1 -1 -1 -1 -1 -1 -1 -1 -1 -1 -32 -1 -1 -1 -1 -1 -1 -1 -1 -63 -128 25 20 15 2 4 3 3 6 10 16 18 16 15
-1 -1 -1 -1 -1 -1 -1 -1 -1 -1 -1 -1 -1 -64 0 20 15 13 19 15 15 13 13 4 7 13 18 12 16 13 0 -1 -1 -35 -1 -1 -1 -1 -1 -1 -1 -1 -1 -1 -1 -32 -65 25 13 0 -91 6 20 24 15 15 10 8 4 3 12 3 21 25 21 0 -7 -128 -1 -1 -1 -1 -1 -1 -1 -1 -1 -1 -1 -1 -1 -1 -1 -1 -1 -1 -1 -1 -1 -1 -1 -1 -1 -1 -1 -1 -1 -1 -1 -1 -1 -1 -1 -1 -1 -1 -1 -1 -1 -1 -1 -1 -125 -1 -1 -1 -1 -1 -1 -1 -1 -128 -128 29 26 24 13 7 2 3 4 7 9 13 9 8
-1 -1 -1 -1 -1 -1 -1 -1 -1 -1 -1 -1 -1 -102 -1 0 13 14 20 13 12 14 13 4 2 10 15 20 15 0 0 -61 -1 -1 -1 -1 -1 -1 -1 -1 -1 -1 -1 -1 -1 -100 30 21 19 20 -128 -77 9 10 10 7 8 10 7 6 2 6 10 10 20 0 -1 -1 -1 -1 -1 -1 -1 -1 -1 -1 -1 -1 -1 -1 -1 -1 -1 -1 -1 -1 -1 -1 -1 -1 -1 -1 -1 -1 -1 -1 -1 -1 -1 -1 -1 -1 -1 -1 -1 -1 -1 -1 -1 -1 -1 -1 -1 -1 -1 -1 -1 -1 -1 -1 -1 -1 -128 8 29 24 16 13 9 6 4 3 4 9 9 2
-1 -1 -1 -1 -1 -1 -1 -1 -1 -1 -1 -1 -1 -1 -105 22 20 18 20 16 16 15 10 3 7 3 15 15 27 0 0 -1 -1 -110 -1 -1 -1 -1 -1 -128 -82 -21 -1 -1 -111 7 24 21 19 0 -1 -49 12 13 8 6 4 6 3 9 18 14 18 12 -128 -1 -1 -1 -1 -1 -1 -1 -1 -1 -1 -1 -1 -1 -1 -1 -1 -1 -1 -1 -1 -1 -1 -1 -1 -1 -1 -1 -1 -1 -1 -1 -1 -1 -1 -1 -1 -1 -1 -1 -1 -1 -1 -1 -1 -1 -1 -1 -70 -1 -1 -1 -1 -1 -1 -1 -1 -120 -1 15 26 25 22 12 9 4 4 1 2 3 3 7
-1 -1 -1 -1 -1 -1 -1 -1 -1 -1 -1 -1 -1 -70 -1 -121 26 25 21 20 20 14 13 10 6 4 10 7 8 0 0 -46 -1 -121 -1 -1 -1 -1 -1 -1 -1 -128 10 -49 -1 -128 12 26 18 10 -1 -1 -126 12 10 9 2 9 14 12 18 24 12 18 -91 -1 -1 -1 -1 -1 -1 -1 -1 -1 -1 -1 -1 -1 -1 -1 -1 -1 -1 -1 -1 -1 -1 -1 -1 -1 -1 -1 -1 -1 -1 -1 -1 -1 -1 -1 -1 -1 -1 -1 -1 -1 -1 -1 -1 -1 -1 -1 -1 -122 -1 -1 -1 -1 -1 -1 -1 -1 -128 -128 22 30 25 22 16 14 9 9 12 13 13 15
-1 -1 -1 -1 -1 -1 -1 -1 -1 -1 -1 -1 -1 -69 -128 27 25 25 24 20 18 15 9 4 3 8 13 0 -128 -128 -55 -1 -1 -128 -1 -1 -1 -1 -1 -1 -100 29 -58 -1 -1 -128 22 26 14 8 -1 -1 -110 4 20 16 8 4 10 12 21 22 13 -128 -1 -1 -1 -1 -1 -1 -1 -1 -1 -1 -1 -1 -1 -1 -1 -1 -1 -1 -1 -1 -1 -1 -1 -1 -1 -1 -1 -1 -1 -1 -1 -1 -1 -1 -1 -1 -1 -1 -1 -1 -1 -1 -1 -1 -1 -1 -1 -1 -1 -1 -1 -1 -1 -1 -1 -1 -1 -128 -1 0 27 25 20 19 14 12 13 12 14 14 19 14
-1 -1 -1 -1 -1 -1 -1 -1 -1 -1 -1 -1 -1 -1 10 20 22 19 19 20 16 15 13 2 1 8 13 15 0 -128 -1 -1 -1 -128 -1 -1 -1 -1 -1 -1 -128 20 0 -47 -86 0 -101 20 16 18 0 -1 -1 -128 15 24 19 13 3 8 12 20 14 6 -1 -1 -1 -1 -1 -1 -1 -1 -1 -1 -1 -1 -1 -1 -1 -1 -1 -1 -1 -1 -1 -1 -1 -1 -1 -1 -1 -1 -1 -1 -1 -1 -1 -1 -1 -1 -1 -1 -1 -1 -1 -1 -1 -1 -1 -1 -1 -1 -1 -106 -1 -1 -1 -1 -1 -1 -1 -128 -46 -9 -89 33 29 24 22 20 15 14 19 21 21 16
-1 -1 -1 -1 -1 -1 -1 -1 -1 -1 -1 -1 -1 10 26 21 19 19 18 19 14 13 4 6 2 6 10 10 0 -1 -1 -1 -1 -128 -1 -1 -27 -4 -1 -128 24 29 1 -44 -45 -119 13 29 21 15 -40 -1 -1 -110 15 16 15 16 10 7 3 9 7 0 -35 -1 -1 -1 -1 -1 -1 -1 -1 -1 -1 -1 -1 -1 -1 -1 -1 -1 -1 -1 -1 -1 -1 -1 -1 -1 -1 -1 -1 -1 -1 -1 -1 -1 -1 -1 -1 -1 -1 -1 -1 -1 -1 -1 -1 -1 -1 -1 -1 -1 -1 -1 -1 -1 -1 -1 -102 -91 91 -94 -128 0 29 24 20 21 24 18 22 18 14 16
-1 -1 -1 -1 -1 -1 -1 -1 -1 -1 -1 -1 -1 -21 26 27 19 19 19 20 14 13 8 4 9 0 -128 0 -128 -128 -1 -1 -1 -1 -1 -1 -1 -128 -49 18 21 26 25 -68 -97 -128 -128 27 29 21 -128 -1 -1 -1 -16 27 21 6 15 21 7 1 6 9 0 -6 -1 -1 -1 -1 -1 -1 -1 -1 -1 -1 -1 -1 -1 -1 -1 -1 -1 -1 -1 -1 -1 -1 -1 -1 -1 -1 -1 -1 -1 -1 -1 -1 -1 -1 -1 -1 -1 -1 -1 -1 -1 -1 -1 -1 -1 -1 -1 -1 -1 -1 -1 -1 -1 -1 -1 -93 -40 -126 0 26 0 0 24 27 22 19 20 22 19 14
-1 -1 -1 -1 -1 -1 -1 -1 -1 -1 -1 -1 -1 8 18 26 24 24 19 19 12 9 13 13 7 0 -128 -1 -1 -1 -16 -1 -1 -1 -1 -1 -1 -77 15 24 18 15 18 18 16 27 19 0 -128 -67 -86 -1 -1 -128 26 24 24 13 9 19 12 8 1 7 0 -128 -1 -1 -1 -1 -1 -1 -1 -1 -1 -1 -1 -1 -1 -1 -1 -1 -1 -1 -1 -1 -1 -1 -1 -1 -1 -1 -1 -1 -1 -1 -1 -1 -1 -1 -1 -1 -1 -1 -1 -1 -1 -1 -1 -1 -1 -1 -1 -4 -1 -1 -1 -1 -1 -1 -47 -1 -1 -128 26 27 33 25 18 0 0 0 0 0 19 0
-1 -1 -1 -1 -1 -1 -1 -1 -1 -1 -1 -1 -1 -122 -121 4 25 24 20 22 14 9 13 9 9 0 0 -1 -1 -128 -87 0 -128 -1 -128 -1 -1 -1 -36 19 22 20 20 14 7 9 22 6 -1 -1 -88 -1 -1 -86 14 24 16 13 9 8 4 10 12 4 0 0 -1 -1 -1 -1 -1 -1 -1 -1 -1 -1 -1 -1 -1 -1 -1 -1 -1 -1 -1 -1 -1 -1 -1 -1 -1 -1 -1 -1 -1 -1 -1 -1 -1 -1 -1 -1 -1 -1 -1 -1 -1 -1 -1 -1 -1 -1 -1 -1 -1 -1 -1 -1 -1 -2 -128 -1 -1 -1 -75 27 27 32 27 21 20 12 21 26 25 24
-1 -1 -1 -1 -1 -1 -1 -1 -1 -1 -1 -1 -1 -128 -56 7 13 15 21 21 13 13 16 16 0 -79 -100 -128 -69 26 20 15 -128 -58 -128 -1 -1 -13 -53 25 19 21 20 16 10 13 14 -1 -1 -1 -1 -1 -1 -128 20 15 6 10 12 0 2 0 12 0 -128 -1 -1 -1 -1 -1 -1 -1 -1 -1 -1 -1 -1 -1 -1 -1 -1 -1 -1 -1 -1 -1 -1 -1 -1 -1 -1 -1 -1 -1 -1 -1 -1 -1 -1 -1 -1 -1 -1 -1 -1 -1 -1 -1 -1 -1 -1 -1 -1 0 -1 -1 -1 -1 -17 -128 -1 -1 -1 -13 14 26 26 25 26 24 20 21 20 20 15 16
-1 -1 -1 -1 -1 -1 -1 -1 -1 -1 -1 -1 -1 -1 -1 -128 -128 0 25 24 16 15 16 15 9 -60 -120 9 15 0 20 25 0 -111 -128 -1 -1 -1 -1 19 25 19 16 18 19 18 16 1 -1 -1 -1 -1 -1 -128 -75 12 6 9 3 -116 -41 -1 -16 -128 -91 -1 -1 -1 -1 -1 -1 -1 -1 -1 -1 -1 -1 -1 -1 -1 -1 -1 -1 -1 -1 -1 -1 -1 -1 -1 -1 -1 -1 -1 -1 -1 -1 -1 -1 -1 -1 -1 -1 -1 -1 -1 -1 -1 -1 -1 -1 -1 -1 -1 97 -1 -1 -1 -1 -84 -1 -1 -1 -1 -128 25 26 30 27 25 21 20 18 19 19 18
-1 -1 -1 -1 -1 -1 -1 -1 -1 -1 -1 -1 -1 -1 -1 -69 -1 -61 24 22 18 16 12 12 0 -11 -1 25 29 12 12 22 25 27 -105 -1 -1 -1 -128 24 13 13 20 18 19 18 25 2 -92 -17 -1 -1 -1 -27 -73 -128 -112 -128 -1 -1 -1 -1 -1 -1 -1 -1 -1 -1 -1 -1 -1 -1 -1 -1 -1 -1 -1 -1 -1 -1 -1 -1 -1 -1 -1 -1 -1 -1 -1 -1 -1 -1 -1 -1 -1 -1 -1 -1 -1 -1 -1 -1 -1 -1 -1 -1 -1 -1 -1 -1 -1 -1 -1 -68 -1 -1 -1 -128 -128 -128 -128 -20 -44 -105 26 29 26 30 30 21 18 16 20 18 18 14
-1 -1 -1 -1 -1 -1 -1 -1 -1 -1 -1 -1 -1 -1 -1 -1 -1 -97 26 24 22 20 14 15 18 -108 -1 -128 14 0 7 10 21 24 25 -73 -1 -1 -128 21 24 16 21 19 16 19 18 21 25 -69 -1 -1 -1 -1 -1 -1 -1 -1 -1 -1 -1 -1 -1 -1 -1 -1 -1 -1 -1 -55 -117 -1 -1 -1 -1 -1 -1 -1 -1 -1 -1 -1 -1 -1 -1 -1 -1 -1 -1 -1 -1 -1 -1 -1 -1 -1 -1 -1 -1 -1 -1 -1 -1 -1 -1 -1 -1 -1 -1 -1 -1 -1 -1 -1 -128 -101 0 12 30 24 26 10 9 27 29 29 25 27 26 24 18 14 16 16 15 12
-1 -1 -1 -1 -1 -1 -1 -1 -1 -1 -1 -1 -1 -1 -1 -1 -1 -83 29 24 21 16 14 14 8 -128 -1 -128 21 6 15 15 15 13 9 -128 -1 -1 -111 7 14 20 16 19 22 12 13 12 0 -108 -1 -1 -1 -1 -1 -1 -1 -1 -1 -1 -1 -1 -1 -1 -1 -1 -1 -1 -126 2 0 -63 -1 -1 -1 -1 -1 -1 -1 -1 -1 -1 -1 -1 -1 -1 -1 -1 -1 -1 -1 -1 -1 -1 -1 -1 -1 -1 -1 -1 -1 -1 -1 -1 -1 -1 -1 -1 -1 -1 -1 -1 -1 29 16 16 16 18 25 24 26 29 27 27 27 25 22 26 22 20 15 20 14 16 10 10
-1 -1 -1 -1 -1 -1 -1 -1 -1 -1 -1 -1 -1 -1 -1 -1 -1 -81 27 20 20 24 19 13 13 12 -128 -1 -128 0 15 22 18 10 7 0 -1 -1 -1 -128 6 0 13 7 12 13 0 0 -18 -1 -1 -1 -1 -1 -1 -1 -1 -1 -1 -1 -1 -1 -1 -1 -1 -1 -1 -1 -39 7 7 0 -86 -1 -1 -1 -1 -1 -1 -1 -1 -1 -1 -1 -1 -1 -1 -1 -1 -1 -1 -1 -1 -1 -1 -1 -1 -1 -1 -1 -1 -1 -1 -1 -1 -1 -1 -1 -1 -1 -1 -1 -1 -1 0 22 15 10 15 21 25 25 26 24 26 22 22 24 20 21 19 20 13 14 13 14
-1 -1 -1 -1 -1 -1 -1 -1 -1 -1 -1 -1 -1 -1 -1 -78 -128 -115 25 25 18 13 19 7 -28 -1 -1 -1 -128 -128 6 24 16 4 0 -115 -128 -1 -1 -1 -1 -1 -1 -128 25 0 -128 -1 -1 -1 -1 -1 -1 -1 -1 -1 -1 -1 -1 -1 -1 -1 -1 -1 -1 -1 -1 -1 -44 -128 0 0 -1 -1 -1 -1 -1 -1 -1 -1 -1 -1 -1 -1 -1 -1 -1 -1 -1 -1 -1 -1 -1 -1 -1 -1 -1 -1 -1 -1 -1 -1 -1 -1 -1 -1 -1 -1 -1 -1 -1 -1 -1 -128 0 26 22 20 20 26 25 25 26 24 24 24 24 24 22 21 19 18 14 14 10 13
-1 -1 -1 -1 -1 -1 -1 -1 -1 -1 -1 -1 -1 -1 -1 -58 -128 -86 32 32 22 16 9 12 0 -1 -9 -1 -1 -122 -81 -74 10 8 0 -128 -128 -1 -1 -1 -1 -1 -1 -128 -92 22 6 -112 -16 -1 87 -1 -1 -1 -1 -1 -1 -1 -1 -1 -1 -1 -1 -1 -1 -1 -1 -1 -1 -1 -1 -116 -102 -1 -1 -1 -1 -1 -1 -1 -1 -1 -1 -1 -1 -1 -1 -1 -1 -1 -1 -1 -1 -1 -1 -1 -1 -72 -128 -117 -128 -8 -1 -1 -1 -1 -1 -1 -1 -1 -1 -1 -1 -1 -64 10 4 -79 0 24 30 27 27 24 29 26 24 21 20 19 19 16 10 12 6 9
-1 -1 -1 -1 -1 -1 -1 -1 -1 -1 -1 -1 -1 -1 -98 -58 -1 -44 25 24 22 19 20 4 -128 -128 -49 -93 -1 -1 -1 -107 -128 -128 -22 -16 -40 -1 -1 -1 -1 -1 -1 -53 -114 8 -60 -1 -114 -128 -1 -1 -1 -1 -1 -1 -1 -1 -1 -1 -1 -1 -1 -1 -1 -1 -1 -1 -1 -1 -1 -1 -1 -1 -1 -1 -1 -1 -1 -1 -1 -1 -1 -1 -1 -1 -1 -1 -1 -1 89 -1 -1 -1 -45 0 26 24 16 25 -128 -117 -56 -1 -1 -1 -1 -1 -1 -1 -1 -1 -1 -64 -1 -128 -1 -128 21 20 19 16 20 21 20 22 21 18 18 18 19 14 8 8 4 14
-1 -1 -1 -1 -1 -1 -1 -1 -1 -1 -1 -1 -1 -1 -60 -31 32 -119 24 22 27 24 18 16 15 7 -119 -119 1 -128 -1 -1 -1 -1 -1 -102 -103 -1 -1 -1 -1 -1 -1 -13 -32 -128 -128 -128 -74 -119 -124 -1 -1 -1 -1 -1 -1 -1 -1 -1 -1 -1 -1 -1 -1 -1 -1 -1 -1 -1 -1 -1 -1 -1 -1 -1 -1 -1 -1 -1 -1 -1 -1 -1 -1 -1 -1 -1 -1 -1 -1 -1 -81 -114 18 24 24 16 16 10 9 -126 -1 -54 -128 -1 -1 -1 -1 -1 -1 -1 -1 -98 -30 -1 -128 21 27 32 24 21 19 18 19 25 21 21 18 19 16 10 6 8 7 18
-1 -1 -1 -1 -1 -1 -1 -1 -1 -1 -1 -1 -1 -17 -122 -11 -54 -102 32 29 22 24 21 18 0 -91 -128 -55 -61 -1 -128 -60 -1 -1 -128 -92 -1 -128 0 0 -1 -1 -1 -105 9 -128 -78 -128 -1 -1 -1 -1 -1 -1 -1 -1 -1 -1 -1 -1 -1 -1 -1 -1 -1 -1 -1 -1 -1 -1 -1 -1 -1 -1 -1 -1 -1 -1 -1 -1 -1 -1 -1 -1 -1 -1 -1 -1 -1 -1 -87 19 25 29 25 9 10 6 13 12 8 -128 -1 -1 -56 -1 -1 -1 -1 -1 -1 -1 -125 -8 -106 26 26 22 22 21 19 19 18 22 20 24 24 20 25 10 0 0 0 0 0 0
-1 -1 -1 -1 -1 -1 -1 -1 -1 -1 -1 -1 -1 -1 -128 -128 -89 -128 0 0 0 30 30 14 0 -101 -70 -7 -128 -128 -1 -72 -35 -102 -128 -75 -1 -26 -50 20 0 -89 -27 -119 0 19 8 -128 -1 -1 -1 -1 -1 -1 -1 -1 -1 -1 -1 -1 -1 -1 -1 -1 -1 -1 -1 -1 -1 -1 -1 -1 -1 -1 -1 -1 -1 -1 -1 -1 -1 -1 -1 -1 -1 -1 -1 -1 -1 -120 0 27 27 29 32 19 9 8 8 6 10 18 0 -1 -1 -1 -1 -1 -1 -1 -1 -1 -128 -83 -128 0 12 9 10 15 22 26 6 0 0 0 0 0 0 0 2 10 8 6 19 35
-1 -1 -1 -1 -1 -1 -1 -1 -1 -1 -1 -1 -1 -114 -1 -1 -1 -58 31 30 18 0 9 0 -128 -128 -128 -96 -1 -1 -1 -81 -30 -1 -64 -1 -1 -117 27 25 14 19 19 0 -75 9 -128 -1 -1 -1 -1 -1 -1 -1 -1 -1 -1 -1 -1 -1 -1 -1 -1 -1 -1 -1 -1 -1 -1 -1 -1 -1 -1 -1 -1 -1 -1 -1 -1 -1 -1 -1 -1 -1 -1 -1 -1 -1 -102 30 30 24 27 16 25 13 16 12 6 13 15 12 -53 -1 -1 -1 -1 -1 -1 -1 -1 -117 -51 -120 0 0 0 0 0 0 0 0 4 14 19 19 20 14 12 3 7 2 2 7 31 43
-1 -1 -1 -1 -1 -1 -1 -1 -1 -1 -1 -1 -1 -1 -65 -45 -102 -17 19 29 26 30 26 0 0 18 19 -128 -128 -128 -1 -1 -1 -1 -117 -21 -1 -40 -124 18 24 25 27 27 -55 0 -128 -1 -1 -1 -1 -1 -1 -1 -1 -1 -1 -1 -1 -1 -1 -1 -1 -1 -1 -1 -1 -1 -1 -1 -1 -1 -1 -1 -1 -1 -1 -1 -1 -1 -1 -1 -1 -1 -1 -1 -1 -128 0 29 24 16 22 13 22 18 24 19 15 19 31 25 1 -1 -1 -1 -1 -1 -1 -1 -70 -81 -1 0 32 25 15 7 12 20 15 4 4 12 14 18 16 13 13 3 6 4 9 24 25 31
-1 -1 -1 -1 -1 -1 -1 -1 -1 -1 -1 -1 -1 -1 -35 -116 -65 -11 14 27 26 27 21 19 19 18 15 7 -128 -1 -1 -1 -1 -1 -1 -1 -1 -1 -12 -128 22 21 12 3 -128 -108 -1 -1 -1 -1 -1 -1 -1 -1 -1 -1 -128 -128 -1 89 -1 -1 -1 -1 -1 -1 -1 -1 -1 -1 -1 -1 -1 -1 -1 -1 -1 -1 -1 -1 -1 -1 -1 -1 -112 0 30 26 20 30 16 12 9 8 16 10 15 21 25 27 32 18 0 -128 -1 -1 -1 -49 -128 -74 -128 -26 0 21 20 0 0 1 9 8 6 2 10 15 16 20 16 7 3 0 -128 2 9 25 16 22
-1 -1 -1 -1 -1 -1 -1 -1 -1 -1 -1 -1 -1 -1 -60 -2 -1 -1 -1 0 21 26 21 22 19 14 19 21 16 -128 -1 -1 -1 -1 -1 -1 -1 -1 -1 -1 -1 -98 -1 -1 -1 -126 -1 -1 -1 -1 -1 -1 -1 -1 -1 -65 -37 -128 -128 -128 -128 -1 -1 -1 -1 -1 -1 -1 -1 -1 -1 -1 -1 -1 -1 -1 -1 -1 -1 -1 -1 -1 -1 -1 -88 24 22 24 21 18 19 2 7 3 8 14 20 30 39 32 27 18 14 0 21 16 13 19 32 0 -1 -116 9 14 19 15 3 3 1 7 3 9 1 4 7 9 8 12 8 1 -69 -128 13 12 15 13
-1 -1 -1 -1 -1 -1 -1 -1 -1 -1 -1 -1 -1 -1 -1 -1 -1 -55 -1 -124 25 30 26 24 20 18 21 29 0 -1 -1 -1 -1 -1 -1 -1 -1 -1 -1 -1 -1 -1 -1 -1 -1 -7 -1 -1 -1 -1 -1 -1 -1 -1 -1 -111 -100 -110 -3 0 -27 -1 -1 -1 -1 -1 -1 -1 -1 -1 -1 -1 -1 -1 -1 -1 -1 -1 -1 -1 -1 -1 -1 -128 29 24 25 18 13 18 15 9 3 9 16 20 30 42 33 33 25 30 4 13 27 27 0 33 27 -82 0 21 7 13 14 14 7 8 6 3 6 8 7 8 7 8 8 7 8 0 0 0 13 12 12 10
-1 -1 -1 -1 -1 -1 -1 -1 -1 -1 -1 -1 -1 -1 -1 -1 -16 -128 -51 -128 0 24 22 25 29 25 25 16 0 -120 -1 -1 -1 -1 -1 -1 -1 -1 -115 -128 -1 -1 -1 -1 -1 -1 -1 -1 -1 -1 -40 -1 -1 -1 -1 -128 -1 27 9 -79 -1 -1 -1 -1 -1 -1 -1 -1 -1 -1 -1 -1 -1 -1 -1 -1 -1 -1 -1 -1 -1 -1 -1 -128 29 24 22 24 15 14 13 3 4 6 9 12 29 35 29 31 39 38 35 3 22 26 12 22 25 24 30 22 6 2 12 14 21 12 2 4 3 4 6 18 13 6 6 7 15 12 16 12 14 15 18 10
-1 -1 -1 -1 -1 -1 -1 -1 -1 -1 -1 -1 89 -1 -1 -1 -1 -1 -96 -120 26 24 24 27 22 19 21 -128 -103 -67 -65 -11 -1 -1 -1 -1 -1 -128 4 -128 -1 -1 -1 -1 -1 -1 -1 -1 -1 -1 -40 -128 -128 -128 -60 -1 0 30 20 -89 -92 -1 -1 -1 -1 -1 -1 -1 -1 -1 -1 -1 -1 -1 -1 -1 -1 -1 -1 -1 -1 -1 -102 31 26 27 14 15 15 9 4 10 3 6 13 25 26 29 31 41 39 42 9 6 24 6 13 26 26 33 27 20 18 16 12 18 13 7 2 7 8 7 12 21 25 20 19 14 19 7 6 1 10 19 13 14
-1 -1 -1 -1 -1 -1 -1 -1 -1 -1 -1 -1 -1 -1 -1 -1 -1 -128 -111 0 27 31 25 26 26 24 20 20 26 0 -128 -112 -122 -58 -1 -1 -1 -23 -56 -91 -64 -1 -1 -1 -1 -1 -1 -1 -1 -1 -128 -110 -128 -103 0 -125 -128 27 22 0 -128 -34 -1 -1 -1 -1 -1 -1 -1 -1 -1 -1 -1 -1 -1 -1 -1 -1 -1 -1 -98 -128 -107 35 19 13 19 18 14 7 2 7 9 13 15 30 27 25 25 30 30 26 22 6 7 16 0 27 27 27 31 31 30 25 10 18 0 9 3 8 3 18 16 16 19 22 22 20 19 10 4 9 9 7 9 12
-1 -1 -1 -1 -1 -1 -1 -1 -1 -1 -1 -1 -1 -1 -1 -1 -128 7 18 14 31 27 29 27 24 26 22 24 29 0 -60 32 9 0 -1 -18 -40 -74 -1 -1 -1 -1 -1 -1 -1 -1 -1 -1 -1 -128 -54 19 27 20 19 -128 2 3 -128 -1 -128 -1 -1 -1 -1 -1 -1 -1 -1 -1 -1 -1 -1 -1 -1 -1 -1 -1 -128 21 24 30 25 16 16 10 10 10 6 6 7 20 16 21 27 26 24 20 20 20 18 18 8 4 13 0 13 24 26 27 29 29 16 8 14 19 14 8 12 7 18 15 14 15 18 21 18 18 18 0 0 0 0 4 10 13
-1 -1 -1 -1 -1 -1 -1 -1 -1 -1 -1 -1 -1 -1 -1 -1 -1 -128 -128 -128 20 29 26 32 26 24 21 25 29 0 26 24 18 18 0 -86 21 21 -128 -1 -1 -1 -1 -1 -1 -1 -1 -1 -84 -59 8 27 31 25 22 19 -60 -128 -128 -1 -1 -1 -1 -1 -1 -1 -1 -1 -1 -1 -1 -1 -1 -1 -1 -1 -82 -89 16 24 24 26 18 20 22 8 6 8 13 9 19 25 29 30 25 21 22 22 19 14 12 10 10 1 2 6 0 18 21 21 15 25 7 6 6 7 0 7 2 12 7 12 13 12 15 21 19 19 18 22 0 -70 -67 0 6 12
-1 -1 -1 -1 -1 -1 -1 -1 -1 -1 -1 -1 -1 -1 -1 -1 -1 -1 -125 21 30 27 29 30 20 29 30 20 22 19 18 20 15 22 16 6 24 7 -1 -1 -1 -1 -1 -1 -1 -1 -1 -64 27 21 25 25 22 22 24 26 10 -128 -1 -1 -6 -32 -1 -1 -1 -1 -1 -1 -1 -1 -1 -1 -1 -3 -128 19 25 25 24 24 20 19 19 18 7 8 9 22 18 22 30 25 27 20 20 20 24 16 14 13 8 10 0 3 12 13 0 13 18 14 14 2 2 6 4 4 0 3 10 6 9 10 7 18 24 19 16 12 13 2 -128 -125 0 0 12 14
-1 -1 -1 -1 -1 -1 -1 -1 -1 -1 -1 -1 -1 -1 -1 -1 -1 -1 -83 -107 16 26 19 26 25 25 26 21 25 0 18 18 18 19 14 16 4 -128 -1 -1 -1 90 -1 -128 -128 -107 26 0 30 20 15 16 25 24 21 24 24 24 16 -98 25 -59 -105 -100 -1 -1 -1 -1 -1 -1 -1 -69 -128 27 21 25 25 19 18 21 18 21 14 10 7 8 13 15 26 35 24 26 21 19 16 13 14 15 14 13 13 13 8 2 10 15 12 15 13 4 7 3 6 6 3 3 14 6 8 10 7 12 16 16 18 16 21 20 21 14 10 15 0 6 8 20
-1 -1 -1 -1 -1 -1 -1 -1 -1 -1 -1 -1 -1 -1 -1 -1 -1 -1 -1 -1 19 25 21 20 26 25 14 25 26 22 18 18 24 18 8 0 -81 -1 -1 -1 -1 -1 -128 14 4 27 22 35 24 15 18 20 30 25 21 24 22 25 24 33 30 -128 -116 -128 -1 -1 -1 -1 -1 -122 16 22 19 26 20 20 20 20 12 20 21 20 15 14 6 20 19 26 26 24 24 19 15 12 12 14 14 14 12 13 9 7 2 3 10 14 0 15 4 7 1 0 0 0 1 3 0 8 15 14 15 21 16 9 13 20 19 18 14 8 15 9 7 6 15 22
-1 -1 -1 -1 -1 -1 -1 -1 -1 -1 -1 -1 -1 -1 -1 -1 -1 -1 -39 -128 15 27 24 26 15 22 19 20 27 0 15 18 16 20 12 0 -1 -1 -1 -1 -1 -49 -92 29 26 13 12 12 24 16 20 21 19 22 27 26 19 18 22 19 19 1 -128 -128 -111 -106 -1 -1 -128 12 20 27 32 25 21 25 20 18 14 14 15 15 10 8 7 4 16 16 20 22 20 15 13 15 13 12 12 12 13 7 7 4 6 0 4 4 2 19 9 6 3 4 2 -119 1 2 14 0 14 22 19 18 19 14 15 20 16 14 12 15 9 7 9 6 6 19
-1 -1 -1 -1 -1 -1 -1 -1 -1 -1 -1 -1 -1 -1 -1 -1 -1 -1 -120 7 32 25 27 19 26 21 14 29 32 16 18 16 15 18 20 0 -25 -121 6 -83 -128 -128 22 16 12 15 22 22 18 18 19 20 22 29 26 27 29 26 21 20 19 9 -128 6 16 -102 -128 -128 12 21 31 27 26 16 21 19 18 15 10 9 7 4 7 12 9 8 15 16 18 15 15 12 18 16 12 15 14 13 10 7 8 4 1 2 3 0 0 19 7 3 3 4 0 0 2 9 20 26 21 22 19 18 15 18 13 12 14 13 12 9 7 6 3 7 13 13
-1 -1 -1 -1 -1 -1 -1 -1 -1 -1 -1 -1 -1 -1 -1 -1 -1 -1 -1 -110 4 18 22 25 27 22 24 25 20 0 15 15 16 22 14 19 10 26 15 1 0 -128 22 15 2 12 24 20 18 18 15 19 20 18 21 25 27 27 26 26 22 22 -128 -105 -128 -128 -61 -122 -128 -128 24 25 29 19 20 18 15 12 7 4 4 7 10 7 8 7 10 14 12 15 14 16 15 22 21 19 19 12 7 9 8 4 3 2 4 0 0 12 3 4 3 3 6 4 4 13 37 0 32 24 21 20 15 15 12 14 12 8 10 9 7 4 3 4 3 13
-1 -1 -1 -1 -1 -1 -1 -1 -1 -1 -1 -1 -1 -1 -1 -1 -114 -128 -1 -1 -128 -128 0 21 25 30 29 24 29 18 16 19 15 14 21 27 22 29 16 16 12 21 24 16 10 15 25 21 20 20 19 16 21 19 22 20 24 26 22 26 24 18 -128 -1 -1 -1 -1 -1 -1 0 20 25 18 18 18 15 16 7 2 3 6 20 16 13 14 20 15 14 16 15 18 24 19 20 20 18 9 7 9 6 7 6 2 1 4 2 0 1 4 3 2 3 3 3 10 16 33 29 30 29 26 24 21 14 13 10 9 9 8 7 4 6 6 6 8 14
-1 -1 -1 -1 -1 -1 -1 -1 -1 -1 -22 -1 -1 -1 -1 -1 -61 20 0 0 2 20 6 -128 16 25 25 21 25 0 21 20 19 14 22 22 21 24 25 21 18 13 24 16 16 7 22 24 25 21 15 13 29 22 29 16 19 13 25 25 26 25 24 16 -128 -72 -128 -1 -1 -59 26 24 21 21 15 15 13 6 1 2 4 14 22 25 25 21 20 16 19 16 15 19 19 19 19 16 16 10 7 3 6 7 3 2 3 9 0 13 8 6 6 4 6 4 7 13 27 0 25 30 31 29 27 14 12 9 9 8 8 8 3 4 3 4 3 2
-1 -1 -1 -9 -55 -22 -128 -116 -89 -1 -1 -1 -8 -1 -1 -115 27 26 22 24 29 29 -83 -128 27 27 29 24 25 14 20 22 22 16 26 29 16 20 16 14 13 8 14 19 15 21 20 27 24 18 20 15 14 22 14 18 12 16 20 20 22 29 24 18 16 7 -124 -128 -126 13 18 22 19 19 15 10 10 6 2 2 8 13 16 14 19 15 15 18 15 14 10 14 16 16 16 12 10 10 3 3 4 1 1 3 10 0 0 7 7 6 6 2 4 8 10 14 22 0 24 25 25 33 21 15 13 8 8 4 3 6 4 3 3 2 6 4
-1 -81 -128 -11 -114 -128 -128 -124 -128 0 0 -128 -50 -1 -1 -22 27 26 29 32 29 25 30 0 -128 25 25 25 22 0 22 16 19 13 20 16 16 18 13 8 10 9 0 15 21 20 18 14 14 19 14 8 20 24 14 18 8 16 25 20 21 25 27 25 25 25 0 18 0 -128 15 25 19 16 12 7 6 2 9 6 7 13 12 13 15 16 14 18 19 13 13 15 16 14 13 12 10 8 4 2 2 2 2 9 6 0 0 14 4 6 6 4 7 6 10 12 19 21 24 21 21 26 26 19 21 10 9 6 6 4 3 4 3 2 3 9
-1 -1 -1 -68 30 32 29 27 31 26 30 -128 -1 -128 -1 -61 27 25 29 25 25 24 26 24 -128 13 20 25 26 19 15 12 13 12 20 19 16 15 10 16 13 4 10 15 18 10 14 12 10 12 10 10 10 16 14 10 8 22 10 14 19 8 19 12 30 25 0 37 24 0 25 24 15 10 8 7 4 7 8 6 4 6 12 18 13 12 10 14 9 6 9 8 7 8 9 6 7 8 3 3 2 0 10 0 2 6 3 0 2 2 3 3 6 7 7 14 15 0 18 20 20 20 18 15 18 12 10 6 4 6 1 1 2 3 6 10
-1 -1 -1 -91 27 27 25 24 26 25 29 15 -128 -97 0 -117 9 29 24 25 29 29 27 20 18 -128 -128 7 14 0 20 15 16 14 12 15 15 15 12 15 15 14 12 13 15 13 10 10 13 12 6 8 2 6 13 2 14 12 19 10 8 3 8 14 22 24 27 0 25 0 0 26 20 13 12 8 7 7 9 6 6 6 14 14 15 12 9 10 6 3 3 3 4 7 6 4 6 8 7 2 3 1 2 0 0 3 3 1 3 3 4 3 6 10 7 15 21 18 0 19 15 15 16 18 19 15 8 4 3 6 3 2 3 3 4 4
-1 -1 -115 22 26 29 25 24 26 25 30 0 -7 0 19 -128 27 27 25 22 29 29 25 25 16 14 -61 -128 0 19 20 20 13 16 19 20 18 18 18 16 15 12 16 14 13 10 9 13 12 13 9 9 0 7 0 9 18 10 9 4 6 1 10 24 13 21 31 0 20 0 27 21 19 15 14 8 6 6 4 3 4 9 13 13 14 9 6 2 3 3 3 4 4 3 4 4 4 3 3 3 1 0 0 7 8 1 0 7 2 6 4 1 7 12 14 14 15 16 15 15 12 15 14 15 18 9 7 4 4 2 3 2 1 6 4 6
0 -7 -128 19 30 27 27 22 30 24 26 3 -128 -1 9 0 22 29 25 25 24 27 24 22 20 16 31 20 0 0 16 24 8 18 18 22 14 19 20 14 15 18 19 16 16 13 13 14 12 10 3 7 -125 -128 1 10 12 15 7 6 4 2 8 15 16 12 22 27 14 0 12 21 24 19 16 13 12 6 2 2 6 7 6 6 12 7 6 4 2 2 1 1 2 2 2 3 1 2 2 2 4 0 0 7 4 7 6 2 3 3 7 6 6 9 9 8 12 9 0 8 6 10 9 13 18 12 6 4 4 6 3 3 3 3 4 7
0 -1 -105 18 24 25 25 26 24 24 26 22 0 26 18 7 26 25 24 25 27 25 21 25 19 15 22 10 6 0 14 0 0 10 20 20 18 15 18 20 19 16 18 16 14 14 15 10 4 4 6 2 -8 0 9 8 3 8 7 4 1 6 12 19 18 8 25 0 0 15 9 16 25 21 18 14 13 7 4 2 3 3 2 3 9 10 9 8 0 3 4 2 2 1 1 1 2 4 4 6 9 0 0 13 6 7 1 7 3 4 3 6 8 7 8 6 7 7 4 8 6 8 14 13 12 6 4 6 4 2 3 3 3 7 8 13
26 3 -77 -92 -128 0 27 31 29 22 29 29 29 30 27 1 18 22 26 19 22 26 21 21 21 18 15 8 10 0 9 4 12 0 0 0 24 21 16 21 21 14 20 16 14 10 13 14 10 6 6 4 0 0 7 6 9 3 4 6 1 3 9 20 14 12 19 22 0 0 18 15 24 24 19 20 16 13 10 4 3 2 0 2 8 12 8 8 6 8 2 0 2 2 7 4 3 8 9 9 10 3 0 3 7 3 0 10 8 3 2 4 7 9 6 3 4 4 7 7 3 6 6 8 4 6 3 4 3 2 3 2 7 7 6 6
26 22 -128 -39 -36 0 25 29 26 25 26 24 26 31 31 0 24 22 21 21 25 21 24 20 18 19 18 8 14 13 22 25 27 25 8 0 18 25 21 18 13 20 18 18 16 8 7 9 6 4 8 7 13 12 3 9 7 6 3 2 3 8 10 19 9 27 22 0 0 15 18 22 27 20 18 15 13 13 7 2 4 3 4 3 4 10 6 3 8 6 2 4 6 12 16 13 9 7 10 10 4 1 0 0 0 0 0 10 7 4 3 7 8 9 7 3 6 8 8 8 4 3 7 6 3 3 4 0 1 7 7 4 1 4 7 0
26 30 27 14 30 15 0 29 27 29 26 22 22 25 30 24 21 21 18 26 24 19 24 21 21 19 16 6 14 0 12 20 22 24 19 13 0 19 21 19 19 20 21 18 18 18 9 13 7 1 6 6 3 4 7 10 10 9 7 6 3 6 3 15 7 14 18 26 0 16 16 18 18 24 22 16 16 14 9 6 2 3 4 3 4 4 3 6 13 15 10 13 15 13 9 4 1 6 7 7 9 10 3 8 7 4 1 0 2 0 3 2 6 4 7 4 6 6 7 9 4 2 4 4 6 4 4 4 2 4 2 0 3 3 0 0
22 29 29 0 26 0 27 25 26 26 25 25 26 26 24 0 0 10 29 25 26 18 18 19 18 16 15 9 12 3 8 15 19 14 10 18 3 0 0 10 22 20 19 16 18 14 14 12 7 3 8 10 7 3 9 7 3 8 8 10 10 8 8 13 16 24 21 0 7 10 9 10 9 7 7 13 10 6 6 8 8 8 8 8 6 3 6 13 3 2 6 3 4 3 3 2 2 7 6 3 0 2 9 0 9 6 4 0 0 4 6 3 4 4 4 7 7 10 0 7 1 2 3 2 2 8 9 4 3 0 2 3 0 0 0 3
31 24 25 36 25 0 14 26 26 29 26 25 27 27 27 26 20 0 9 26 27 26 19 19 22 20 15 7 4 0 12 10 7 14 16 9 3 4 6 0 0 12 21 16 18 19 14 15 2 4 10 10 9 4 4 9 7 10 10 14 12 9 6 2 13 19 10 0 3 16 9 6 9 9 7 8 3 2 4 6 9 10 9 8 7 9 12 10 8 3 1 3 6 4 6 6 2 3 3 1 6 4 6 4 9 6 7 6 0 0 2 0 2 4 2 1 8 8 12 13 6 0 3 1 0 1 8 8 6 7 3 2 0 0 0 4
27 25 30 0 0 14 26 24 26 25 26 25 25 26 22 20 22 15 0 20 25 26 20 18 20 18 9 7 8 2 3 6 4 12 14 12 0 6 22 16 0 0 0 13 24 16 16 7 6 7 13 13 8 4 8 9 9 15 15 12 12 6 9 9 12 16 0 0 24 14 10 9 13 8 7 4 1 4 2 7 9 9 13 18 12 13 16 16 2 8 7 6 2 1 1 3 3 1 3 2 2 3 6 6 3 4 6 3 2 0 0 7 1 3 6 4 13 4 0 7 4 2 3 2 3 3 3 0 0 0 0 0 0 0 3 4
26 24 29 33 19 0 24 25 27 27 26 26 24 24 21 18 20 26 20 0 2 18 19 16 13 16 10 4 8 0 6 3 4 6 16 13 8 1 18 24 24 15 13 0 0 0 16 18 14 12 14 14 12 10 8 12 13 14 12 15 13 8 7 6 13 13 0 0 22 13 10 3 7 10 12 7 2 7 8 3 0 4 14 19 15 14 13 8 2 8 6 7 4 9 4 3 3 3 3 3 2 2 6 6 7 6 6 6 0 4 0 0 0 0 0 0 6 9 10 0 13 9 4 4 2 4 0 0 0 0 0 0 0 6 7 7
20 26 29 0 0 18 22 24 20 22 22 22 20 21 18 18 16 22 25 16 0 0 15 12 13 10 8 13 10 4 4 8 10 13 15 10 3 12 20 21 22 19 21 18 12 4 14 16 14 13 16 16 15 15 14 15 14 10 12 16 10 9 8 9 12 18 0 15 13 9 7 8 9 10 6 9 7 6 13 16 19 16 16 14 13 10 4 3 6 13 4 12 7 7 3 3 3 2 4 4 2 1 3 7 7 4 4 4 2 6 6 3 0 0 0 0 2 4 9 6 8 7 10 2 1 0 0 0 0 1 6 1 0 8 12 18
20 20 31 0 0 7 24 16 19 18 19 20 19 16 19 19 19 21 18 20 21 1 0 15 18 13 9 9 8 0 9 6 2 12 14 16 4 15 18 20 24 25 21 21 21 16 0 0 14 16 18 18 18 15 15 15 16 12 14 16 16 15 18 14 18 20 0 0 16 12 8 9 13 10 9 12 9 8 16 21 22 16 12 13 9 0 0 0 0 10 10 12 7 8 0 4 3 3 7 6 3 2 3 3 7 4 3 3 4 3 6 8 6 1 0 0 0 0 0 0 7 3 7 1 0 0 -102 0 7 6 3 1 3 2 15 22
22 26 0 22 0 15 18 14 18 19 18 15 14 14 15 16 13 16 16 19 15 0 20 19 12 15 9 3 10 9 6 6 7 7 9 9 10 19 18 20 22 19 19 16 20 16 8 4 15 19 18 18 19 18 19 18 13 15 16 16 14 15 14 9 19 16 14 0 0 21 10 13 15 12 6 3 0 15 20 19 15 15 9 9 0 0 0 0 0 0 0 7 6 0 1 3 2 4 4 6 1 3 2 3 6 2 4 3 4 4 4 4 7 6 8 7 0 0 0 0 0 0 0 0 0 0 0 0 0 0 1 6 6 15 24 27
25 19 0 26 0 20 19 19 18 19 18 16 16 16 15 19 19 16 13 13 22 0 16 25 21 20 14 8 13 0 9 4 4 7 6 8 6 13 16 16 18 18 19 20 19 24 22 0 16 21 22 21 20 19 18 18 16 15 19 15 13 12 8 8 7 10 21 22 0 0 19 16 10 10 7 1 0 0 0 15 4 0 0 0 0 6 8 2 6 1 0 0 0 9 2 3 3 6 6 7 2 7 3 2 2 4 2 4 6 2 6 7 9 9 6 6 2 1 2 0 0 0 0 0 2 8 3 0 0 0 2 0 7 13 15 27
24 30 31 16 9 21 20 20 21 20 19 19 19 16 16 16 14 15 15 15 9 0 21 20 19 20 18 14 14 15 8 6 3 2 6 7 2 13 16 19 16 15 19 20 19 19 18 0 22 20 16 19 19 19 19 18 14 19 15 13 8 8 8 2 1 6 27 26 14 0 20 14 0 0 0 0 21 0 0 0 0 1 8 3 6 3 1 4 9 6 2 0 1 7 2 4 4 6 4 6 3 2 2 1 7 4 3 3 3 6 8 7 8 6 4 4 3 3 2 0 0 0 7 10 6 6 4 0 0 0 6 2 8 13 22 22
0 0 30 25 0 20 19 26 18 20 20 19 20 19 18 18 18 16 18 16 14 0 6 16 15 22 19 15 19 0 10 10 9 8 6 9 4 7 6 15 9 19 18 14 14 18 9 0 9 16 19 15 18 20 16 18 20 20 16 15 14 10 9 8 4 2 10 18 24 30 24 -128 4 19 21 15 14 10 14 12 13 10 6 3 3 2 2 3 3 2 4 0 0 4 0 3 7 3 4 4 3 2 3 6 3 6 2 7 6 2 4 10 7 4 7 3 2 3 2 2 0 6 8 4 3 6 6 4 2 0 0 0 7 13 10 19
19 22 26 14 16 24 21 21 8 16 19 21 15 18 18 16 15 19 19 21 8 0 15 14 18 20 18 18 20 18 15 13 10 8 14 6 4 8 9 6 10 16 13 14 16 22 0 10 13 15 18 15 19 15 16 19 21 16 18 16 18 14 13 9 9 9 14 12 18 30 0 9 15 12 10 8 9 8 13 13 10 9 6 2 6 4 4 4 4 2 4 0 0 1 2 6 3 3 2 2 2 0 2 4 9 2 2 6 6 6 3 10 7 6 2 2 2 3 4 6 6 7 4 6 4 6 7 3 4 2 0 0 6 10 16 13
16 18 24 19 0 18 16 18 10 3 8 15 8 10 19 21 16 19 14 15 1 0 14 14 18 19 12 16 18 0 18 15 15 14 12 12 12 9 12 15 8 12 15 4 9 13 13 0 19 15 18 19 16 16 19 20 15 2 0 18 18 14 15 14 15 15 9 8 14 14 0 6 4 10 4 6 12 14 3 7 8 12 10 6 6 2 2 7 3 4 3 2 0 7 2 3 2 0 0 0 4 1 0 0 0 0 0 0 0 6 7 8 9 6 1 1 2 2 3 4 0 9 3 3 6 8 12 12 7 6 4 0 0 8 15 14
0 25 22 16 0 8 19 18 13 10 14 15 16 18 16 16 16 18 18 10 0 21 15 18 18 15 15 12 16 16 18 15 14 14 13 12 8 14 13 12 10 9 4 3 9 14 0 15 14 20 18 16 20 19 19 14 13 0 9 14 20 13 15 14 14 12 10 12 12 0 3 7 8 4 2 9 13 8 4 8 2 6 12 6 6 3 4 8 3 7 2 0 0 8 4 4 2 3 1 1 0 0 0 0 0 0 0 0 0 6 4 7 7 4 1 1 1 1 3 7 6 4 4 9 14 20 20 15 7 7 7 0 0 7 8 18
33 0 22 20 7 0 15 20 20 18 10 16 16 15 10 8 15 16 15 7 0 13 8 14 20 9 13 14 13 0 13 12 14 13 12 13 9 12 12 10 12 8 3 1 1 15 7 0 15 19 20 19 20 21 18 18 20 15 18 15 16 19 18 15 20 14 15 15 18 13 0 7 14 8 8 9 8 4 1 3 6 8 8 10 8 8 4 7 8 4 6 1 0 4 9 6 7 2 0 0 0 0 0 0 6 7 4 2 0 4 2 1 2 3 4 3 3 6 4 9 0 3 7 10 16 27 27 26 13 7 9 8 0 0 9 14
25 0 24 21 0 9 21 16 14 12 9 4 12 18 18 14 13 14 15 0 12 16 9 16 13 8 14 13 16 15 10 10 12 8 7 3 4 7 12 7 8 9 8 4 8 2 0 16 18 16 16 16 16 19 14 16 14 16 16 15 19 14 15 18 14 10 13 14 14 9 0 6 13 2 2 4 3 4 0 2 4 7 10 12 8 6 4 8 9 8 8 0 0 1 4 6 0 0 0 0 4 6 3 1 7 9 8 0 0 0 2 3 2 6 8 7 8 9 15 19 16 10 13 16 26 31 29 24 14 13 10 1 0 0 10 19
24 20 22 16 6 0 3 13 8 10 10 7 3 4 15 14 16 13 10 0 9 25 15 19 19 12 10 8 10 0 9 10 10 10 4 7 3 9 7 13 8 12 6 3 8 1 0 18 13 19 19 18 19 12 15 10 8 15 18 16 16 15 14 18 20 14 8 1 14 20 12 -126 0 12 8 6 2 2 2 1 6 4 8 12 9 8 2 4 9 9 8 6 3 0 0 0 0 0 2 4 3 3 1 4 7 7 10 3 0 0 3 6 4 8 16 14 16 18 20 29 30 19 19 14 24 26 25 24 20 16 13 4 2 0 0 10
26 0 21 12 13 0 4 10 3 7 10 7 7 10 7 9 3 3 0 0 18 53 13 33 15 3 13 13 9 3 8 7 6 8 3 16 8 9 14 15 7 4 10 15 0 7 14 13 8 13 13 9 14 14 9 12 16 16 18 16 16 15 15 18 18 19 3 13 18 10 9 0 4 8 10 4 6 3 7 6 2 4 12 12 10 7 12 12 12 8 4 3 1 0 0 0 1 2 1 4 8 6 4 7 8 15 12 7 0 0 12 9 13 21 25 26 26 27 26 32 0 21 21 20 22 24 25 21 20 9 4 9 7 0 0 1
0 20 16 13 9 15 10 0 14 13 8 16 12 6 1 8 7 10 3 0 0 0 0 32 14 12 0 13 13 0 8 4 3 9 4 6 33 29 9 20 12 9 7 13 0 0 10 9 3 1 8 15 10 7 12 16 16 18 15 14 15 10 15 16 13 13 14 14 14 4 6 3 0 0 0 0 0 0 0 0 0 0 18 13 8 9 12 12 3 7 6 6 7 4 4 3 7 6 9 7 6 3 3 7 9 8 13 10 7 0 12 9 16 16 26 29 44 42 39 33 30 25 21 16 18 20 21 19 12 9 8 13 14 12 6 0
16 19 10 10 12 10 4 0 9 7 10 12 8 10 9 7 6 13 27 27 21 21 0 0 27 35 0 31 18 19 12 10 7 10 9 13 15 2 7 20 10 6 2 7 0 15 12 9 1 4 13 19 6 9 15 14 15 13 18 14 15 9 12 12 16 15 14 15 15 0 3 8 14 0 0 0 0 0 4 4 0 0 10 10 13 4 12 6 3 1 7 7 7 6 6 8 10 12 10 12 10 6 7 6 8 10 12 7 0 8 10 14 13 22 27 29 36 38 33 37 0 25 24 15 18 16 15 10 12 13 13 13 14 13 8 4
18 13 10 6 0 10 12 0 0 14 10 12 7 1 21 7 0 4 20 33 50 35 15 0 10 14 8 18 35 0 18 15 32 4 1 3 1 3 4 7 15 2 1 3 0 0 13 1 4 1 9 18 13 6 8 7 3 10 9 12 14 7 14 13 13 14 14 14 14 13 3 8 0 8 6 8 9 9 3 9 12 0 0 15 9 10 7 7 6 2 4 0 4 6 9 8 9 13 15 18 18 12 8 10 8 9 9 12 0 0 13 15 20 21 25 25 31 32 32 32 30 2 27 25 20 16 15 14 26 21 16 13 10 8 16 21
16 15 2 4 10 12 7 1 0 2 12 6 10 9 9 10 7 6 13 16 38 30 18 0 3 31 37 54 22 13 24 29 29 14 12 30 15 7 6 4 6 6 4 6 3 0 0 8 8 2 6 9 21 14 4 3 8 6 4 9 8 12 14 13 14 15 10 13 6 6 7 0 16 12 9 7 9 6 8 3 1 0 0 3 9 8 3 2 3 4 2 2 4 7 9 6 8 15 21 18 15 14 9 6 7 9 13 9 0 14 19 24 24 27 25 26 35 32 26 27 16 29 27 20 18 20 19 25 24 20 15 10 15 18 22 22
14 10 4 3 7 3 7 12 12 0 0 0 0 0 8 1 27 35 14 29 31 45 29 41 0 16 56 13 47 0 24 42 39 43 26 19 10 33 38 4 1 6 12 1 3 7 0 0 9 7 4 4 13 8 9 4 2 4 3 1 6 8 12 9 13 15 14 13 8 10 8 12 0 12 10 7 3 4 6 4 9 10 0 3 0 6 3 6 7 6 4 4 2 4 6 4 4 9 14 13 13 12 13 9 12 9 13 16 12 0 12 18 25 24 29 35 41 42 38 32 24 0 22 19 24 24 20 20 19 18 20 22 18 22 20 25
14 10 9 8 8 10 12 12 12 10 2 4 0 0 4 4 14 35 43 33 24 60 30 0 22 58 59 47 33 30 58 76 79 59 58 39 26 15 1 2 30 14 7 7 8 14 0 0 0 0 0 0 0 0 3 7 3 3 2 4 7 8 9 12 12 15 15 15 12 12 13 0 12 14 9 6 6 8 10 8 6 2 0 8 8 3 3 4 3 7 6 1 2 4 3 3 6 14 12 13 10 14 12 7 10 15 21 24 16 0 0 29 27 25 30 35 38 39 30 31 26 27 29 26 25 26 26 21 22 24 29 26 27 26 22 22
10 7 12 13 10 10 14 10 15 9 10 4 8 0 0 0 0 0 43 60 20 26 52 26 0 61 45 29 42 0 45 96 105 93 108 81 50 37 24 14 6 12 10 8 7 14 14 2 0 0 3 0 4 1 0 0 6 7 4 8 6 12 6 9 14 13 13 12 12 10 13 0 8 2 4 8 8 1 6 8 12 10 0 0 0 0 0 0 6 4 8 4 4 3 3 1 6 14 13 10 7 8 13 9 9 13 21 31 21 15 0 0 21 29 26 31 33 35 36 32 26 0 37 30 31 41 48 48 25 21 22 30 31 22 22 18
13 10 6 15 10 15 9 10 6 6 7 8 0 0 0 0 0 9 49 53 42 48 30 0 90 49 32 15 25 33 58 99 97 110 95 78 88 47 15 12 10 7 9 6 7 8 9 9 9 8 10 8 9 6 0 1 8 6 2 0 7 6 2 8 8 6 7 8 9 7 7 0 9 12 18 18 14 8 12 14 16 10 14 8 0 0 0 0 1 2 6 6 3 1 3 6 9 10 4 6 12 15 22 13 10 16 20 24 24 24 0 16 22 29 27 35 36 36 26 26 31 0 36 29 29 47 52 44 36 29 26 27 27 25 22 20
15 12 15 12 15 12 13 4 7 3 4 3 3 4 7 0 2 7 42 59 39 39 44 0 54 68 64 45 18 0 41 44 97 99 74 81 82 84 59 44 41 24 16 13 8 9 3 3 8 7 7 3 13 16 3 0 6 10 8 2 9 2 0 4 14 9 3 7 6 3 6 10 0 19 14 21 21 12 7 10 12 12 14 8 20 21 7 0 0 0 12 2 6 6 3 0 6 12 4 8 14 16 20 24 14 15 19 22 25 19 7 0 16 20 29 36 38 38 38 27 29 33 30 30 33 36 48 54 50 39 37 32 30 29 30 25
15 15 8 3 12 14 12 14 9 12 12 9 6 4 4 18 25 39 59 61 35 50 18 0 12 33 54 20 27 25 19 44 70 83 84 85 94 84 68 64 55 50 38 25 14 7 6 4 7 6 7 4 4 8 0 0 0 6 3 6 7 1 3 13 13 8 6 8 7 8 14 12 0 19 16 21 14 8 8 12 10 15 20 15 19 20 19 9 0 7 14 4 4 3 1 19 29 12 16 24 20 29 31 22 15 20 24 25 25 24 0 24 20 20 24 30 38 36 33 37 29 0 35 39 38 45 54 60 62 50 41 42 37 36 32 31
14 14 13 12 13 6 12 10 10 4 9 9 8 13 30 39 56 60 56 66 43 42 41 18 3 27 48 37 20 0 26 26 47 60 60 49 72 87 84 76 65 58 47 35 22 14 10 7 6 3 6 7 8 7 3 6 0 0 4 6 3 4 2 4 12 10 3 6 2 4 10 10 16 0 16 19 15 12 10 14 14 15 19 19 14 14 22 13 0 0 9 8 8 2 6 2 14 25 31 38 31 25 35 27 22 20 26 26 24 25 13 0 22 30 30 26 38 37 35 41 37 33 0 39 39 48 50 59 60 59 49 52 48 42 36 35
18 18 18 10 6 9 13 18 20 20 25 37 41 60 65 66 66 66 70 56 39 33 42 44 42 9 49 31 43 42 27 39 52 49 43 52 50 54 78 68 56 50 43 25 22 7 6 3 4 4 2 0 2 4 4 3 0 0 0 8 6 2 0 4 4 2 6 3 2 8 8 7 14 10 0 20 16 14 15 22 20 20 16 18 18 18 6 2 0 0 4 19 16 19 18 21 31 29 31 31 26 31 27 25 18 25 27 25 30 25 0 26 31 32 32 32 33 39 43 41 33 38 43 45 45 50 53 53 59 56 64 56 45 42 36 32
8 12 8 9 9 13 16 22 31 37 44 55 61 67 72 77 73 78 62 53 43 37 44 32 64 0 33 48 29 0 49 42 83 67 47 43 29 27 32 30 25 32 37 33 10 7 4 6 3 4 4 6 8 6 2 10 15 14 0 0 2 8 3 4 4 6 10 13 7 7 10 8 12 19 26 8 26 24 22 25 26 25 22 20 18 18 16 10 0 0 9 6 3 18 25 29 24 18 21 26 21 24 25 31 24 24 26 27 37 31 14 0 30 38 36 38 41 39 41 44 42 43 0 44 45 54 52 58 60 67 66 59 52 50 44 33
12 14 15 19 22 20 35 42 55 58 49 64 85 84 87 79 82 72 66 58 39 58 44 43 47 0 38 43 55 58 58 68 71 59 60 54 42 36 39 27 13 21 32 25 19 9 6 1 1 3 10 8 9 7 15 15 20 8 0 0 0 7 7 9 8 14 16 16 12 13 13 14 16 25 26 32 31 30 32 31 30 30 31 27 14 10 12 4 0 0 0 0 0 2 7 12 13 13 18 26 21 24 32 29 24 30 29 33 39 13 0 0 0 25 25 22 32 39 49 42 37 45 0 47 45 48 56 54 64 64 65 66 53 52 45 42
10 26 31 39 41 41 47 60 78 64 62 68 68 76 76 93 96 83 74 61 50 52 67 58 41 49 0 0 32 0 67 68 66 62 81 71 64 48 39 36 12 12 38 35 31 25 7 2 6 6 6 7 7 20 9 15 20 14 8 0 0 6 7 13 22 20 27 25 20 18 16 19 24 25 26 0 37 39 38 33 36 37 39 35 22 15 10 7 7 0 0 3 8 0 0 1 10 13 13 20 24 16 20 29 29 29 33 36 32 35 27 29 24 8 0 0 0 16 38 43 37 38 41 43 43 48 48 48 52 53 55 62 72 60 61 48
20 30 47 47 64 62 65 67 61 73 76 78 77 97 100 107 93 84 61 61 64 66 79 32 31 67 82 0 7 73 78 68 82 79 61 54 54 53 33 15 26 16 31 29 30 12 7 2 3 7 6 9 13 14 16 24 33 15 7 0 0 14 12 16 26 30 44 35 26 22 22 21 35 36 36 0 39 47 41 36 39 44 47 39 27 20 12 14 10 15 9 13 4 0 0 0 7 6 19 15 18 20 24 22 27 30 37 37 38 42 41 42 42 37 39 41 15 0 42 39 37 43 0 48 50 44 50 54 52 52 58 62 61 58 54 49
3 15 48 55 71 71 66 66 61 81 88 81 73 93 100 107 89 77 68 66 72 62 65 38 27 73 88 68 48 0 58 74 64 49 52 50 47 39 30 19 24 53 27 31 24 32 16 9 6 8 4 6 16 15 20 30 37 27 21 19 9 3 22 19 26 32 55 61 48 38 38 37 38 42 49 0 38 50 48 47 48 39 53 48 47 44 30 25 22 20 21 15 12 14 7 0 0 1 10 16 14 18 19 21 22 26 30 42 44 44 41 44 45 43 43 47 43 0 29 43 39 43 48 49 48 48 45 43 47 43 49 54 56 55 50 48
8 27 43 61 64 72 85 85 68 60 66 87 83 100 101 84 70 67 68 68 53 48 38 31 61 72 76 66 50 0 53 77 47 33 36 47 33 22 15 18 21 42 49 44 39 20 19 24 21 13 10 14 22 24 25 37 41 36 35 31 33 0 0 31 43 48 54 55 70 78 66 70 58 58 53 27 45 61 56 66 72 59 71 65 70 71 38 42 33 30 24 15 10 12 6 9 1 0 7 13 16 21 21 25 29 29 38 45 47 47 49 52 52 50 25 0 19 42 50 44 42 52 45 47 45 44 43 50 50 53 53 52 45 43 45 44
0 12 33 44 55 62 76 79 68 70 72 84 95 101 96 91 74 67 64 83 60 50 35 33 58 70 65 62 52 0 0 0 64 47 31 31 35 20 18 24 25 24 31 37 35 27 32 36 30 24 19 15 20 26 36 35 54 42 49 47 49 49 39 0 0 32 48 53 72 88 68 68 68 66 53 0 21 52 67 71 76 79 65 90 76 82 64 47 44 37 33 27 14 14 16 10 15 9 0 0 16 19 19 24 27 29 38 44 50 48 47 49 54 53 39 0 49 55 55 45 45 50 49 49 47 49 47 42 44 45 48 44 43 42 37 32
7 6 33 38 45 59 62 76 76 94 85 101 96 88 87 72 70 60 74 83 66 45 27 68 48 61 65 54 59 68 47 0 64 72 49 42 43 26 19 25 42 45 43 36 36 47 42 44 33 29 27 26 27 35 35 49 48 56 58 59 59 61 55 19 0 20 49 56 77 2 0 60 64 62 22 0 60 0 89 94 85 73 74 81 87 88 66 54 49 38 33 49 32 22 18 15 14 16 9 0 0 4 20 20 29 37 36 44 47 48 48 50 56 54 37 0 65 66 52 53 49 49 55 53 49 47 42 33 38 45 37 36 38 37 29 26
0 0 19 30 41 38 47 67 72 73 71 89 91 89 81 73 59 56 64 56 70 45 36 58 71 56 53 61 56 0 44 0 45 66 54 55 62 58 37 32 52 61 48 49 53 54 56 54 41 49 41 35 30 39 48 49 58 58 61 67 70 73 73 61 45 19 0 7 45 0 73 15 65 58 42 15 41 88 0 106 108 93 72 73 89 93 89 70 68 49 39 53 56 27 19 19 18 16 24 15 2 0 0 12 16 24 30 37 39 44 49 50 53 55 53 31 42 65 65 62 56 50 54 0 49 45 43 36 35 39 39 38 29 26 26 22
0 2 18 24 53 49 58 71 71 64 65 93 90 81 79 64 55 64 56 60 55 41 74 87 81 67 50 62 66 0 0 59 59 60 64 58 54 53 50 62 61 49 55 43 41 56 58 41 53 56 44 41 45 49 55 58 59 64 81 82 76 84 78 77 67 48 47 0 0 0 77 58 76 64 0 84 100 102 0 88 95 102 94 94 102 85 96 83 81 62 45 49 44 30 27 35 29 21 19 22 18 15 0 0 25 29 29 37 38 47 52 54 56 60 58 44 2 55 65 62 55 54 54 55 50 44 42 32 33 43 45 45 33 32 22 0
3 0 6 20 42 38 52 65 61 62 60 73 89 85 67 65 52 47 49 47 60 45 47 91 81 56 50 73 68 0 43 54 93 78 64 66 56 50 49 79 72 70 62 56 39 48 61 61 43 54 49 49 50 49 60 68 58 62 73 90 91 90 97 100 87 88 87 87 0 7 56 89 88 0 0 85 76 97 78 74 0 3 77 99 93 87 91 99 107 93 89 52 54 43 52 35 36 31 24 21 25 22 29 8 0 26 31 36 39 43 47 47 53 53 54 58 48 0 42 70 73 59 60 0 55 56 47 54 39 32 32 33 27 25 16 0
0 4 7 21 39 37 54 49 53 65 70 77 81 74 71 62 54 38 42 52 55 53 64 76 58 48 60 66 50 19 41 74 105 104 76 67 73 58 66 71 70 77 68 42 47 61 64 55 48 60 58 52 53 64 77 67 77 72 82 95 93 105 108 113 105 99 0 37 0 59 82 67 58 58 72 91 77 93 88 89 66 32 0 31 70 99 94 96 96 107 81 70 60 56 47 48 38 33 25 22 27 25 29 13 14 30 32 39 42 47 50 52 54 55 56 53 54 44 44 74 74 64 60 39 55 53 44 50 44 21 25 25 7 0 9 12
6 0 8 16 25 30 38 48 53 67 73 83 67 67 84 66 48 45 38 39 55 64 52 73 67 56 54 66 60 0 0 0 56 89 97 100 87 78 76 77 74 72 62 45 59 67 68 67 53 59 64 58 56 65 70 76 84 83 88 90 101 105 107 110 91 0 66 71 0 82 68 50 56 56 61 76 72 88 84 74 89 81 32 47 0 0 25 0 0 88 79 88 61 50 56 45 50 50 32 24 29 30 29 30 0 36 47 48 47 47 52 52 55 58 54 55 59 67 56 67 64 73 68 43 59 58 54 45 33 39 24 0 0 7 10 21
19 2 4 29 45 55 53 59 87 89 99 64 56 68 60 47 38 45 54 56 56 59 71 64 53 62 71 68 62 76 64 0 50 82 110 110 83 87 77 78 59 49 54 54 61 76 74 66 64 61 66 64 64 77 87 101 95 89 107 100 102 72 0 0 22 39 29 25 68 89 59 50 58 54 66 67 61 62 70 81 79 64 53 65 76 0 89 93 0 66 79 72 62 47 50 50 53 37 29 27 33 29 31 16 0 37 47 48 42 45 47 50 55 55 58 60 60 59 61 64 74 82 66 0 56 50 50 39 32 27 0 1 20 26 25 26
31 29 0 41 41 45 45 68 79 81 93 87 76 60 55 55 37 38 58 59 61 73 76 65 65 61 62 82 79 0 88 85 0 74 85 93 88 104 91 84 78 70 59 71 90 88 82 73 77 70 70 76 76 85 81 106 114 94 102 110 48 0 67 43 22 47 56 0 70 65 49 60 58 58 64 52 49 54 62 74 81 83 67 0 82 85 66 83 81 79 74 60 60 72 68 49 38 38 42 48 47 41 37 32 27 0 0 27 35 42 43 43 48 52 55 50 50 49 50 70 77 79 77 60 37 42 37 37 31 22 0 14 24 29 38 42
49 35 0 25 45 55 59 68 79 77 79 72 62 43 37 29 27 42 53 54 78 99 71 64 60 64 61 88 100 99 91 64 0 71 85 87 91 100 97 94 101 73 83 89 77 83 85 84 77 67 78 82 94 104 93 102 102 106 111 2 91 59 24 39 54 87 50 0 8 31 60 59 64 62 55 44 49 59 61 61 70 72 62 0 73 71 70 72 94 89 79 61 72 33 0 0 9 56 54 58 50 43 39 33 30 16 0 27 35 45 44 43 47 52 54 48 52 56 66 81 74 72 67 33 56 43 39 9 0 0 25 29 29 36 41 41
62 59 32 0 38 60 56 54 61 67 58 59 45 39 36 39 26 38 32 38 72 99 91 76 64 55 64 89 104 0 87 82 61 0 66 87 88 99 95 110 111 84 87 96 94 81 93 90 84 72 83 89 110 107 111 104 108 111 81 24 78 52 32 43 53 84 50 19 0 0 10 49 64 61 58 44 41 49 60 56 54 60 62 58 0 35 52 77 0 59 101 70 76 89 9 97 67 0 70 72 60 53 38 42 36 35 31 0 22 41 44 45 48 52 53 55 49 54 56 62 59 55 49 47 0 38 26 0 4 24 31 36 32 22 0 0
84 89 43 16 12 33 52 58 56 47 37 41 36 48 49 42 36 24 25 37 72 94 82 79 65 59 70 110 106 81 70 66 62 0 0 72 87 97 105 100 95 97 102 100 90 95 100 85 74 78 100 111 116 113 110 112 35 53 74 67 56 53 47 47 53 49 36 29 18 0 0 36 52 52 48 42 43 54 49 50 47 52 56 53 26 21 52 74 106 0 94 71 87 108 48 99 99 76 0 0 0 0 42 45 48 48 42 0 38 44 49 50 58 52 44 47 47 44 56 55 60 50 41 27 0 0 0 10 0 0 0 33 37 43 56 55
90 93 74 47 0 0 13 67 59 44 27 29 39 53 68 68 39 26 13 24 49 66 79 81 72 65 85 110 105 0 59 58 59 67 62 0 65 68 32 81 87 94 96 101 100 88 89 97 81 82 95 113 101 85 7 0 0 48 56 56 55 49 52 44 33 37 44 54 47 39 32 0 25 45 49 39 37 50 42 41 49 47 47 47 30 2 47 59 70 93 1 79 71 113 88 10 87 99 111 100 90 82 0 59 49 44 50 0 30 41 44 48 52 54 48 41 38 0 10 33 38 36 0 0 0 0 41 36 47 53 55 56 53 67 55 58
83 73 58 29 32 0 33 70 52 31 26 36 60 64 70 44 26 14 21 32 58 65 68 65 76 90 94 93 89 62 50 56 65 56 77 52 0 60 74 73 84 87 91 97 96 99 89 90 96 97 97 97 0 18 70 60 66 70 94 77 56 52 37 45 56 59 62 49 38 31 0 0 24 47 41 38 42 32 32 44 47 41 50 47 0 49 67 64 76 90 74 87 83 36 0 100 56 119 71 84 97 0 58 50 45 43 38 0 49 52 53 54 55 54 49 7 0 0 0 4 0 0 0 52 0 61 49 52 54 56 55 50 44 59 72 73
89 73 61 55 31 0 0 54 37 49 45 37 48 78 79 61 60 13 13 24 36 55 59 52 48 79 72 84 90 0 58 52 58 59 68 66 60 55 66 61 61 73 85 88 104 94 91 91 87 56 90 99 49 89 90 79 68 83 105 72 62 52 58 59 77 74 67 55 53 39 21 25 0 9 26 30 27 24 27 36 42 42 47 50 0 39 52 60 58 82 88 32 37 0 48 78 84 100 68 82 89 83 47 55 54 37 33 13 2 0 0 0 0 39 38 37 0 43 54 52 62 47 52 56 58 55 61 53 66 73 71 58 71 72 58 60
88 79 52 31 0 10 60 59 67 65 49 65 58 100 87 41 14 13 15 22 38 70 43 84 67 61 83 81 66 55 56 61 64 61 61 56 60 65 68 65 70 70 81 99 102 97 91 90 0 0 87 9 95 89 73 71 93 110 106 89 76 65 71 83 84 84 74 61 55 56 0 38 9 0 0 0 0 0 30 38 41 41 49 44 0 48 54 58 68 79 72 89 0 95 1 82 87 41 52 87 87 84 0 0 0 0 0 32 0 44 45 47 42 0 0 0 53 61 61 58 67 72 68 88 0 79 73 79 96 82 56 61 77 71 68 65
73 70 15 0 56 67 56 37 72 82 71 77 74 64 53 29 6 6 16 13 19 27 62 85 73 54 64 64 50 0 62 58 61 64 66 70 64 58 59 50 38 65 78 81 91 93 101 108 102 0 0 60 77 79 89 111 101 111 97 87 79 70 77 74 68 72 77 73 74 71 59 0 39 54 42 36 31 26 0 20 27 13 4 0 0 33 45 54 27 0 0 0 0 26 61 0 77 105 81 93 93 95 81 62 53 55 44 48 0 12 0 3 50 0 61 67 91 89 104 107 83 81 99 106 89 94 97 113 89 97 83 62 84 72 66 84
66 0 0 64 88 87 1 31 61 72 72 64 47 38 8 0 0 0 0 12 38 73 82 85 62 53 49 45 47 65 62 65 70 55 66 60 64 54 0 0 0 41 64 74 88 102 102 93 90 0 79 79 78 100 107 99 101 94 91 89 96 87 95 76 76 70 64 72 74 70 36 15 55 66 72 61 42 1 0 0 0 0 0 0 42 49 58 56 70 85 73 78 85 84 37 66 87 94 94 96 106 90 82 71 87 74 62 27 0 48 50 53 52 55 94 101 94 82 99 89 87 82 95 95 93 97 102 108 107 82 78 61 82 96 85 90
61 22 64 74 83 88 77 12 27 73 73 25 9 16 0 0 0 3 0 0 35 54 66 72 71 49 47 55 62 0 47 53 61 66 50 78 59 53 0 74 81 65 0 70 74 99 113 97 93 84 0 90 84 96 104 93 99 100 97 84 81 88 85 74 33 0 0 0 0 0 0 0 32 72 84 76 68 64 68 54 38 38 70 68 61 53 52 78 64 70 93 90 64 81 65 0 77 50 84 95 93 94 90 83 83 70 61 22 8 55 60 24 68 56 84 111 70 62 79 110 123 111 110 82 96 90 106 112 93 87 68 53 78 101 105 93
18 0 65 82 38 25 0 0 0 0 0 0 -128 0 0 0 0 0 0 0 37 33 54 59 48 0 22 55 53 50 31 0 15 0 41 47 25 0 30 30 21 4 0 0 0 0 0 0 0 0 0 0 0 0 8 24 53 61 76 84 77 82 66 62 66 83 82 62 67 64 26 43 83 78 77 71 72 82 76 58 52 54 88 96 76 76 82 83 73 73 89 88 72 96 72 0 43 44 84 91 99 101 88 85 66 54 35 0 55 66 67 16 20 0 99 93 83 88 107 112 120 65 82 94 106 116 106 62 96 79 79 87 113 112 105 106
0 41 87 78 70 71 101 55 31 0 18 38 13 0 0 1 10 25 12 8 0 25 61 79 70 10 22 32 53 0 26 0 42 44 43 0 47 37 16 91 85 81 87 20 33 88 93 89 96 104 85 88 0 106 97 93 95 87 91 94 88 70 64 64 82 94 58 48 71 66 81 0 56 62 62 77 73 90 90 82 72 71 68 88 102 95 94 104 100 88 97 89 85 74 84 54 0 30 41 53 83 91 85 0 24 42 24 32 65 68 85 102 89 0 33 117 74 102 116 87 0 48 79 108 108 0 71 62 95 88 114 96 83 100 93 104
77 96 90 72 70 89 52 30 1 35 24 24 9 0 3 12 25 21 16 26 0 68 83 84 0 50 39 47 71 48 0 39 59 79 61 43 0 0 81 90 77 72 81 59 0 88 81 95 94 83 89 88 0 96 87 89 84 83 83 81 74 74 65 91 88 78 68 64 99 78 49 0 64 62 77 76 70 82 87 93 85 90 88 87 97 101 112 116 96 102 94 93 77 66 65 64 0 10 27 60 90 93 79 58 0 0 48 76 89 94 112 99 91 0 91 89 108 105 0 66 9 91 101 97 91 95 88 87 78 87 89 71 90 84 93 0
85 88 105 71 66 59 60 27 22 16 22 21 15 0 1 7 37 36 27 48 10 0 54 82 55 0 42 0 37 0 29 6 45 65 72 70 44 53 47 87 81 78 79 85 0 71 87 83 90 83 95 96 97 25 82 88 90 84 79 72 72 68 62 77 90 89 97 89 89 68 70 35 64 71 73 76 73 67 73 82 90 89 95 95 99 102 106 102 99 101 102 82 88 78 83 95 67 35 0 30 65 87 88 56 45 50 67 82 82 107 101 97 102 93 0 58 105 101 0 66 88 0 101 107 112 0 114 119 104 77 0 0 0 35 87 0
89 105 74 61 47 42 39 37 30 27 33 18 20 0 0 30 56 37 55 48 0 24 43 13 0 44 53 0 26 48 2 35 66 77 61 60 58 53 54 71 81 79 87 83 84 82 76 85 90 87 94 113 12 97 91 89 78 76 81 67 62 64 76 77 95 107 100 88 71 72 0 21 83 81 89 76 83 79 76 82 84 83 90 93 104 104 105 108 96 105 93 79 89 78 97 73 59 32 9 7 59 62 45 54 55 70 81 108 107 100 97 0 0 78 110 0 96 0 96 88 106 0 0 95 119 30 107 88 0 113 82 91 89 30 87 97
111 102 67 68 60 59 55 54 48 56 48 29 22 3 0 3 62 66 48 55 64 0 10 2 32 50 59 58 22 0 29 0 70 81 65 58 56 59 59 61 71 94 89 79 82 87 81 76 78 74 88 97 0 93 94 88 89 82 82 62 65 66 71 81 94 113 91 88 89 74 9 59 82 87 95 83 90 89 90 87 97 87 83 83 91 97 97 94 96 94 91 90 70 84 110 99 66 52 39 0 49 44 47 60 62 68 70 84 94 101 94 0 89 94 88 81 0 0 78 99 111 99 118 20 102 99 107 45 70 77 78 104 116 111 96 73
76 65 78 79 64 50 65 58 79 43 37 22 0 0 4 33 59 52 67 66 64 61 55 70 59 44 52 58 54 0 29 59 62 67 64 58 58 54 54 76 83 90 89 76 83 74 82 82 74 76 95 95 0 87 87 85 87 78 72 71 71 84 85 96 107 100 81 87 78 0 89 89 89 97 84 95 107 93 87 89 94 95 94 85 96 100 93 88 88 88 90 72 62 102 99 81 64 35 29 0 31 43 67 89 96 73 105 100 88 72 33 97 93 71 99 102 112 93 52 81 111 96 106 0 71 0 0 45 0 90 106 102 72 74 99 83
84 76 96 85 48 56 64 65 58 48 42 25 10 0 0 6 48 55 79 70 77 64 76 68 60 50 55 58 58 0 59 55 72 62 61 55 66 58 55 60 67 79 85 81 87 89 82 79 87 81 90 94 93 16 83 89 78 82 77 76 76 73 91 83 100 99 88 83 76 9 70 104 100 95 91 97 102 90 88 89 97 102 100 89 94 102 99 96 93 84 72 83 66 73 95 91 79 61 41 36 0 33 49 95 96 85 88 89 94 7 65 73 73 74 90 100 113 97 91 81 107 107 83 41 3 0 0 16 0 56 102 111 53 78 88 90
67 72 65 53 65 62 65 56 64 60 47 8 1 0 0 19 62 82 70 79 84 72 76 66 67 59 58 65 62 62 64 70 61 65 67 67 64 58 58 66 71 68 83 87 85 74 82 81 82 74 91 96 97 70 90 84 72 72 77 81 76 91 91 83 89 85 88 84 78 0 88 84 83 87 84 97 95 100 97 99 108 102 84 88 97 95 89 91 93 74 62 62 79 87 91 76 67 42 39 31 0 22 59 66 72 91 95 108 0 84 79 67 65 68 78 100 72 43 111 111 67 81 62 0 3 33 0 27 71 97 107 83 72 76 74 76
62 58 64 64 48 54 44 54 61 68 60 19 3 2 0 0 58 74 59 64 88 83 70 60 66 65 54 64 64 0 70 74 60 60 83 70 66 60 55 59 67 66 66 79 90 89 73 77 93 83 82 91 90 99 61 89 82 87 82 88 91 83 90 91 100 94 82 79 74 70 0 85 85 83 83 85 96 105 104 96 106 99 94 96 89 94 90 81 94 83 76 50 65 71 85 89 58 44 49 56 39 0 24 54 59 78 93 87 0 84 74 70 90 89 96 105 30 48 94 93 55 89 100 97 91 89 0 84 91 96 89 84 85 72 77 66
64 56 66 49 49 50 56 60 67 64 59 7 3 0 0 18 73 58 50 70 70 62 56 59 67 65 60 65 77 74 78 68 71 78 68 68 68 66 54 61 72 79 94 93 95 79 72 73 71 70 82 85 90 85 0 105 94 83 96 88 73 94 101 89 84 88 89 90 81 58 60 78 82 87 74 91 94 100 99 104 96 97 97 95 88 94 84 79 87 85 77 58 61 58 67 59 54 71 65 59 71 4 58 76 91 88 81 0 89 61 64 95 91 105 85 61 87 120 93 89 117 122 118 122 120 97 81 95 107 93 95 88 82 83 87 77
56 56 56 44 68 68 73 79 82 70 58 16 2 0 0 0 31 44 56 58 49 45 56 58 64 62 62 78 77 0 81 78 82 85 83 72 66 71 68 65 67 77 78 95 93 88 85 77 79 71 74 81 87 84 88 0 68 84 91 87 79 99 104 91 85 79 87 77 82 65 74 39 70 87 76 82 89 97 93 96 104 105 99 102 94 83 81 78 73 83 79 65 58 41 52 45 50 49 60 62 74 42 0 62 68 76 73 25 85 60 60 77 89 108 84 45 88 116 108 88 93 105 88 61 81 82 55 67 72 62 84 107 100 111 111 94
55 53 48 60 59 67 77 85 68 81 44 4 0 0 0 7 29 26 35 44 45 49 49 56 64 68 76 83 85 78 74 87 82 81 79 76 77 68 65 66 74 81 84 93 90 87 79 77 76 68 74 76 84 84 87 65 2 0 105 105 114 108 93 90 93 85 73 74 71 73 67 16 76 77 72 82 87 90 94 99 97 89 97 96 91 87 85 76 72 66 59 58 49 37 42 42 56 64 60 73 32 0 50 53 66 81 85 6 54 66 99 105 116 85 67 74 111 101 67 102 68 15 7 20 41 25 0 6 31 58 83 74 94 94 91 107
54 62 50 48 55 61 66 73 72 59 45 14 3 0 0 6 16 32 41 45 43 31 37 49 56 66 65 73 84 0 79 83 84 79 82 79 76 73 73 65 71 78 81 84 93 91 88 82 74 71 74 72 73 72 68 74 84 102 19 100 110 105 102 102 101 102 97 90 89 76 76 62 0 82 76 78 82 87 90 99 100 91 90 94 89 85 79 79 71 60 54 50 41 31 33 43 59 50 44 47 43 0 12 48 59 87 0 31 42 77 100 108 90 81 78 76 110 100 60 71 48 43 37 47 49 95 94 90 68 61 78 76 65 85 85 77
53 58 59 0 61 70 54 53 53 35 16 8 0 0 0 21 33 44 43 43 38 33 49 50 64 73 70 78 76 81 91 84 87 81 79 76 83 77 71 72 76 76 76 88 88 89 89 72 68 73 84 83 85 88 90 84 89 94 99 16 79 85 95 111 85 101 102 91 79 79 71 67 67 81 81 81 79 94 104 106 90 85 88 87 88 76 71 68 60 53 50 35 31 32 38 47 35 37 35 30 0 27 68 83 94 0 58 49 78 95 99 91 79 83 95 104 96 66 76 62 91 97 100 104 108 37 12 67 53 65 78 79 78 72 88 73
0 0 0 21 0 65 56 55 59 39 19 7 6 0 4 12 26 37 42 43 37 32 48 60 79 90 61 71 81 0 89 85 83 83 84 83 79 82 79 81 81 82 85 87 87 90 82 87 74 73 81 85 99 99 94 95 95 94 94 55 0 32 79 104 77 91 111 105 94 96 72 68 35 89 84 78 82 90 96 99 88 89 85 83 78 81 71 66 61 48 47 36 29 26 37 37 41 32 32 22 0 36 62 95 95 0 49 53 76 56 68 83 71 52 83 96 100 59 74 73 91 111 76 108 112 77 77 0 56 58 76 89 59 62 76 35
49 59 66 66 0 0 60 60 45 20 10 0 0 3 13 37 38 44 56 44 37 56 77 93 85 70 68 76 85 81 91 84 83 83 83 88 81 77 85 93 90 89 88 84 84 85 83 78 74 66 81 89 90 96 81 106 94 91 100 67 90 8 76 74 67 100 82 99 106 94 76 64 59 90 85 78 84 0 0 0 0 0 85 79 73 72 73 59 41 38 42 36 31 31 31 21 31 30 0 0 37 85 10 0 52 39 49 94 52 53 61 76 50 89 100 108 83 55 84 90 111 81 88 89 61 81 84 58 78 60 60 82 81 55 0 0
44 56 58 65 54 49 41 0 0 1 18 7 0 0 14 32 41 54 67 61 42 52 55 76 76 82 73 81 79 0 88 89 83 85 81 81 97 74 82 100 96 90 82 82 81 84 87 83 68 0 0 0 43 74 71 79 93 89 100 91 101 102 0 12 49 72 61 84 83 106 102 88 36 85 87 87 83 0 96 95 79 88 62 0 58 76 78 62 52 41 37 29 29 38 55 32 19 30 0 19 58 20 25 60 53 49 35 100 64 39 44 61 44 67 97 83 82 74 66 68 93 76 33 88 59 81 71 6 59 42 49 48 62 0 0 41
54 50 65 56 52 48 32 25 22 0 0 0 0 37 42 60 59 52 48 43 45 42 60 59 74 78 78 82 82 82 88 91 90 83 78 88 93 84 96 94 91 87 83 93 87 81 87 67 0 52 49 52 0 0 62 68 78 81 95 105 104 78 61 0 2 0 73 93 90 94 88 55 72 85 89 84 84 10 95 90 88 91 84 88 10 0 0 52 41 35 26 0 0 0 31 24 20 0 7 44 55 55 70 58 41 27 61 78 49 32 37 50 61 93 72 54 76 74 65 68 70 60 89 68 76 70 73 60 56 41 47 32 59 43 26 41
49 55 61 49 37 37 31 20 13 15 7 0 12 42 66 55 65 65 59 52 47 48 53 59 70 91 91 83 78 0 89 91 88 81 74 73 94 90 91 90 85 83 81 87 81 77 68 7 0 65 71 62 58 41 0 0 39 59 78 76 99 89 90 91 85 0 43 0 74 64 94 65 0 95 95 90 88 0 94 94 90 94 93 93 87 85 78 6 0 0 0 0 33 64 27 0 0 0 15 33 33 33 49 68 55 22 32 73 47 36 29 54 68 101 71 49 78 93 74 97 95 89 85 67 59 54 61 56 39 53 37 45 61 47 42 43
58 54 55 44 38 33 18 13 16 14 0 15 58 81 81 83 82 81 72 66 56 52 66 72 78 81 81 82 82 89 106 101 89 78 74 77 88 93 88 82 74 77 79 78 72 53 0 58 67 71 71 71 68 58 48 13 0 0 52 79 89 81 87 97 91 36 68 13 58 90 87 0 96 104 102 44 0 96 95 95 96 94 90 81 78 72 49 42 47 37 31 33 48 42 36 33 0 0 24 32 38 38 62 58 24 21 53 43 36 30 59 83 96 70 66 73 99 91 97 107 102 96 65 56 37 42 48 41 39 35 27 0 44 33 36 32
54 55 59 39 31 26 25 10 9 0 0 31 49 83 108 110 89 85 83 73 67 55 64 71 66 68 68 79 94 0 102 97 95 91 78 78 87 90 87 81 81 68 70 71 55 39 1 64 77 77 76 73 71 73 70 64 58 45 24 47 71 74 78 79 91 100 0 0 0 74 100 15 78 102 108 13 93 102 106 101 99 94 88 76 58 62 60 48 49 54 39 53 47 45 35 33 27 0 15 35 43 48 61 45 35 16 35 31 29 33 73 83 76 90 70 82 100 88 94 91 94 79 87 48 37 39 38 52 36 42 25 0 50 35 25 20
60 68 64 33 22 27 15 21 0 0 18 81 84 110 102 97 83 89 81 83 67 59 73 77 76 74 81 106 112 97 96 95 93 88 87 88 82 59 41 44 18 2 0 0 0 61 76 77 77 83 81 78 78 76 67 62 62 55 42 62 70 79 73 94 104 107 44 44 31 0 64 0 95 113 105 82 104 105 100 94 90 89 79 82 56 72 50 53 44 50 62 65 45 38 42 31 0 0 25 35 45 79 32 29 15 24 44 24 26 68 64 50 90 66 74 99 81 81 88 96 78 67 71 33 30 35 55 0 35 33 0 33 31 29 13 14
78 88 93 50 41 26 20 0 0 9 36 108 102 99 95 100 82 93 84 85 74 71 61 65 70 76 83 112 102 0 89 90 81 85 85 62 0 47 62 78 70 71 68 70 74 76 82 84 87 87 83 78 68 68 72 79 73 67 67 55 0 55 60 64 78 90 0 90 0 0 6 56 0 68 0 68 82 95 104 106 108 102 100 95 70 56 70 49 54 47 43 52 49 43 36 36 0 0 25 30 78 85 44 21 19 13 30 26 21 56 35 27 39 41 72 53 77 65 55 77 85 58 50 42 33 52 56 61 41 0 47 60 59 66 55 27
100 105 71 48 22 19 0 0 16 33 88 88 104 89 89 83 88 87 89 84 72 64 74 79 104 108 107 102 96 93 89 83 85 73 33 0 77 76 83 79 71 76 79 78 78 88 84 87 85 82 73 76 82 83 79 76 76 73 70 67 52 9 0 0 0 0 96 87 91 96 47 15 96 94 81 85 87 94 102 104 101 102 82 74 45 35 39 44 45 38 32 45 48 38 35 21 0 20 33 53 89 42 22 13 13 20 25 26 31 35 30 29 38 32 37 49 53 43 71 85 54 42 39 0 0 0 84 0 0 62 54 66 96 100 53 18
106 105 58 48 35 19 15 0 3 37 72 97 89 95 94 90 87 85 76 78 73 68 78 106 112 113 106 101 97 0 89 83 74 61 0 64 83 84 85 82 73 77 81 85 84 87 85 87 83 76 77 87 85 81 79 82 78 81 73 76 72 71 73 0 89 83 36 81 89 97 97 96 93 89 94 85 88 82 90 96 95 94 83 52 0 0 0 15 19 26 20 0 26 26 29 25 0 0 21 55 67 25 21 13 8 10 16 24 26 18 22 21 33 29 25 37 35 33 52 74 49 29 35 4 45 43 36 38 0 65 53 68 104 76 87 37
95 83 97 55 20 14 0 0 43 74 89 93 96 96 95 87 87 81 67 68 77 93 114 116 101 95 100 96 89 87 76 65 0 29 88 82 83 78 84 79 88 88 90 83 91 87 87 81 73 77 87 85 84 87 83 81 82 78 76 77 76 64 0 70 87 88 0 0 79 87 100 85 83 82 90 95 89 91 91 82 81 84 0 33 30 19 0 0 0 0 0 0 20 15 19 20 0 0 41 90 12 19 13 7 7 8 9 18 16 9 22 25 26 18 21 24 22 31 65 29 25 21 0 30 38 53 59 56 55 38 61 68 68 83 37 20
100 90 78 71 16 12 0 4 22 67 100 110 89 87 94 91 81 85 78 83 96 104 113 111 108 91 97 91 90 0 49 0 9 81 87 88 93 85 85 87 85 89 93 87 87 83 82 78 78 87 89 87 87 85 83 78 82 77 73 79 67 62 0 0 61 78 77 76 0 56 71 66 60 66 76 89 93 93 87 71 77 76 16 58 65 49 42 35 27 47 71 41 0 12 15 14 20 0 4 55 14 3 6 6 2 6 4 7 8 9 9 14 29 26 15 15 18 15 32 0 0 0 0 30 50 49 45 47 0 42 44 49 53 61 39 15
88 81 64 31 19 18 0 30 65 74 93 99 94 94 93 89 88 85 96 107 111 108 108 110 90 94 97 88 66 31 61 85 91 90 79 89 87 85 87 90 91 89 87 87 85 81 77 77 81 88 87 85 87 83 78 82 87 85 82 87 65 0 0 73 67 78 71 65 0 0 0 0 47 55 65 84 84 81 76 78 64 42 43 77 53 44 49 45 61 76 64 29 0 9 10 14 12 0 30 24 7 6 9 6 4 4 1 4 6 6 7 27 32 19 13 12 24 0 25 27 38 32 48 67 61 41 56 79 0 38 36 38 39 30 13 3
91 95 73 61 19 21 0 20 64 64 90 84 99 93 101 95 95 91 101 116 105 97 101 95 95 93 89 79 24 0 87 93 88 90 85 84 90 87 85 89 94 88 90 87 87 83 81 81 82 87 87 83 84 83 81 83 77 77 84 0 0 0 54 67 79 73 68 71 59 50 47 33 15 0 0 45 50 31 0 70 10 0 20 52 53 49 56 60 73 78 73 39 32 0 0 0 0 0 0 0 0 7 8 6 3 3 4 3 1 4 7 6 30 31 19 8 0 19 96 43 32 39 45 59 50 29 88 99 89 83 41 30 30 21 10 2
105 85 65 20 19 0 24 66 82 78 81 111 100 108 97 102 104 105 110 99 94 99 96 97 84 72 71 0 79 94 93 89 94 91 99 99 96 90 94 89 93 91 87 85 85 85 87 90 90 89 84 81 76 66 54 0 0 0 0 19 54 79 84 85 90 79 70 66 64 53 55 59 39 26 0 0 0 42 19 16 33 52 55 60 67 83 97 90 87 84 77 27 24 25 10 13 4 19 13 0 0 7 9 6 6 3 3 3 0 7 6 13 22 26 12 16 49 84 33 44 56 47 42 41 24 33 53 39 0 15 15 14 10 3 0 3
78 65 29 25 22 0 8 60 90 93 112 111 107 105 105 97 113 111 104 95 83 95 88 85 20 65 58 81 99 0 94 96 96 93 96 97 93 94 96 94 94 91 91 90 90 90 93 93 93 100 91 89 1 0 41 72 79 0 73 76 83 96 107 100 102 97 79 73 62 68 68 67 67 59 62 62 64 61 62 64 67 71 88 95 99 101 99 100 88 77 73 33 24 29 25 35 27 25 18 20 0 0 0 0 7 4 2 1 2 2 0 8 13 12 16 10 0 21 14 0 36 42 35 33 22 12 27 25 14 0 4 3 4 3 0 3
85 71 21 25 0 45 32 56 87 120 97 107 91 100 107 108 104 89 87 79 95 94 82 0 90 100 95 96 104 94 96 100 99 93 100 94 96 97 100 99 96 95 96 94 95 94 95 95 95 94 87 0 82 81 85 91 0 85 89 87 91 108 104 93 90 79 72 70 76 76 68 73 70 78 77 68 76 97 100 95 93 107 102 111 113 104 107 116 82 72 58 37 32 31 56 29 2 22 20 0 12 4 0 -128 0 7 0 0 2 4 1 20 4 0 0 0 0 0 52 0 7 35 29 29 15 8 14 6 8 0 0 0 1 0 6 0
60 58 25 22 0 0 49 47 72 108 112 74 82 83 101 108 111 82 73 56 32 15 65 0 89 97 96 102 97 0 95 105 102 100 101 96 99 97 101 97 93 101 100 100 97 94 94 95 93 89 78 0 85 95 94 90 56 74 81 89 93 106 99 91 84 87 72 81 81 83 79 79 81 106 112 106 99 108 114 105 107 120 117 101 107 94 90 87 87 79 73 48 38 50 55 32 0 2 7 2 9 7 6 0 0 0 0 12 10 0 0 0 0 0 0 0 9 59 89 61 0 15 31 32 24 6 7 3 2 0 2 1 0 1 6 0
90 77 26 27 0 30 53 88 107 96 101 0 19 99 104 106 90 62 0 70 79 79 67 94 100 94 100 102 100 100 102 97 104 102 101 101 102 104 100 94 104 104 104 104 99 100 101 91 90 83 0 76 94 90 99 88 0 76 89 96 108 96 99 96 89 91 91 99 97 93 110 108 107 107 100 110 101 114 118 110 113 114 88 97 101 100 83 87 100 83 65 45 44 41 14 6 7 8 12 0 12 8 7 3 0 0 0 0 0 0 0 0 32 58 36 26 29 42 45 0 10 29 43 26 18 2 4 0 4 6 4 4 2 6 0 0
64 54 25 33 0 0 52 95 108 112 94 70 54 0 97 101 83 9 77 89 97 100 96 106 100 94 97 105 107 0 102 101 107 110 108 102 108 104 107 100 96 106 97 101 104 107 102 99 90 85 24 62 93 94 95 99 87 45 14 104 95 108 117 105 94 111 95 108 114 113 97 101 105 94 102 93 96 117 97 112 108 56 100 81 102 113 110 112 89 70 45 52 54 37 31 21 3 6 6 0 3 1 7 3 3 1 0 3 0 2 4 7 13 50 43 39 32 42 45 19 0 25 49 43 21 7 3 2 0 0 4 6 3 6 0 0
70 39 33 35 0 45 105 105 100 90 79 77 77 0 0 0 0 81 91 94 102 108 100 97 89 95 105 107 106 101 106 112 111 111 104 110 108 107 105 91 104 94 99 100 107 106 102 90 85 79 14 89 95 90 104 101 91 85 0 100 106 89 91 85 114 111 102 95 119 104 113 114 106 112 83 107 107 99 113 56 73 73 79 73 83 70 59 56 79 61 61 83 56 50 0 0 8 12 1 0 3 4 2 3 8 2 6 10 13 9 14 15 24 43 41 41 37 56 43 0 4 27 35 33 20 8 3 2 6 8 7 1 2 0 0 2
61 33 39 39 0 37 91 114 72 55 78 88 87 93 83 71 73 79 82 84 97 99 108 101 95 87 97 107 104 0 110 108 110 100 100 101 111 97 105 95 94 100 96 101 107 107 108 105 96 89 13 82 97 97 101 110 120 91 89 84 118 110 107 110 110 77 55 104 105 64 85 83 59 73 107 90 87 88 113 91 82 60 104 90 82 53 65 39 33 73 79 93 104 78 0 41 2 0 0 9 3 6 4 4 4 13 13 9 8 15 18 19 19 36 42 33 25 24 47 35 0 9 21 36 24 14 4 2 2 6 6 6 8 0 0 2
48 45 45 0 48 99 97 85 78 62 72 66 79 90 90 78 78 78 79 36 81 83 87 88 84 107 108 105 105 108 110 101 89 99 93 110 91 104 97 90 104 97 97 106 111 108 111 106 100 82 30 112 114 112 114 123 88 84 7 94 112 97 107 62 84 101 107 116 113 95 91 100 49 82 82 102 62 81 29 67 64 89 79 55 42 32 76 106 99 105 96 107 81 64 0 15 20 12 9 6 7 6 6 4 15 31 29 21 19 26 29 30 38 71 35 25 20 24 26 0 0 7 10 20 27 9 4 3 2 0 2 6 8 0 0 0
56 52 55 49 0 79 94 88 100 65 74 62 77 71 0 19 73 73 53 54 -128 48 77 87 76 102 101 100 105 0 112 102 113 107 100 107 89 97 108 105 106 107 102 118 116 119 111 116 105 93 9 82 90 73 59 101 81 59 113 50 108 85 93 74 119 94 60 42 26 56 24 70 81 82 81 105 101 108 87 104 85 64 52 48 37 49 72 81 70 101 91 95 84 56 49 48 33 19 15 10 9 7 7 7 10 16 30 27 29 32 39 44 43 61 31 19 20 24 29 0 0 0 4 10 18 18 16 4 0 3 8 8 6 0 0 0
60 59 56 0 38 70 72 78 71 67 73 60 73 61 66 0 0 0 0 0 -128 -32 21 61 88 91 94 105 108 106 87 96 111 94 96 100 101 108 105 100 107 106 118 82 78 66 95 76 77 65 0 38 52 0 0 0 7 59 58 0 81 71 43 47 53 122 76 74 37 0 0 0 66 90 104 71 77 77 45 14 18 29 68 44 110 99 31 54 21 56 102 88 74 56 49 0 29 22 15 12 12 8 6 6 13 22 29 44 48 49 38 39 55 20 19 30 14 8 0 0 0 3 4 8 13 13 9 2 1 0 6 8 0 0 3 4
72 68 77 68 0 0 15 0 0 16 0 0 0 0 0 0 76 74 60 67 64 -128 -1 -1 0 77 89 116 113 0 101 81 116 100 85 97 96 116 88 97 77 108 93 74 71 101 74 68 0 0 0 0 77 73 36 52 101 44 76 10 36 105 99 101 85 70 107 60 76 56 19 89 116 67 56 68 43 49 76 30 56 74 53 55 97 79 53 62 49 30 76 85 93 70 60 4 38 30 18 15 15 15 13 6 9 25 38 70 73 52 43 43 25 27 19 21 16 14 6 0 0 4 1 3 7 13 12 6 6 4 4 0 0 2 7 7
79 83 83 64 0 0 0 0 -128 0 64 58 0 0 54 85 79 78 87 85 88 61 -64 -1 -117 22 0 107 108 96 99 116 94 59 90 97 102 68 74 78 101 71 106 90 82 25 4 48 33 18 48 45 10 84 65 29 24 0 41 18 1 15 12 102 61 41 39 19 44 42 102 79 55 82 104 36 15 30 25 36 54 45 101 97 89 60 70 87 81 76 78 76 85 90 0 48 35 19 18 15 19 14 7 13 25 48 76 83 74 65 77 39 16 16 21 18 9 9 0 0 4 3 3 7 9 13 12 3 0 0 7 0 0 2 6 3
9 101 96 26 64 85 74 101 94 87 87 83 95 88 88 93 90 105 93 99 100 95 94 -128 -1 -116 3 60 0 0 78 52 97 0 0 0 0 0 12 10 62 49 95 0 0 67 77 60 33 0 81 104 68 104 114 71 38 38 0 0 3 27 3 44 52 12 0 0 47 110 65 64 52 41 56 42 44 73 21 55 25 0 0 48 96 64 72 61 72 62 70 59 73 76 0 52 37 29 20 20 20 12 8 14 24 50 74 76 82 71 67 36 14 3 6 4 12 12 2 0 0 4 3 3 7 10 10 8 3 1 0 8 0 0 6 3
0 0 0 89 101 87 96 111 102 90 72 79 82 79 83 96 110 110 105 97 101 119 114 72 0 53 110 106 10 64 49 107 62 0 29 29 83 47 65 74 78 74 0 50 59 44 25 0 13 78 107 83 100 94 82 62 70 93 2 22 0 110 97 49 55 53 87 93 76 70 56 39 19 22 49 36 16 25 13 0 93 59 0 68 47 44 67 72 53 60 64 55 52 0 48 33 31 24 20 24 13 12 15 21 48 67 79 81 62 32 13 3 8 6 6 3 7 6 0 -128 4 3 4 4 8 9 8 6 3 3 6 0 0 4 7 6
106 102 83 104 113 111 113 101 81 64 73 84 94 81 88 85 96 114 112 106 117 122 114 105 67 0 91 94 100 0 60 47 54 0 30 85 68 68 61 0 0 14 31 43 30 43 0 0 78 70 73 91 79 60 59 66 70 87 61 22 0 102 77 87 96 65 73 65 42 52 52 55 33 26 27 7 0 0 0 21 99 44 50 8 88 83 52 70 60 56 62 59 56 50 0 48 36 29 25 26 19 15 12 21 30 44 65 59 44 36 22 13 29 25 2 2 4 9 14 0 0 4 3 2 4 10 8 8 7 3 0 0 0 4 4 6
101 111 123 120 76 82 62 68 88 95 91 82 87 94 95 89 102 108 102 105 105 108 106 64 0 83 96 84 97 43 0 70 0 55 72 59 41 58 2 0 39 50 48 0 0 0 35 89 54 54 52 61 33 39 26 22 25 39 9 70 96 68 65 59 85 68 58 50 55 35 36 1 13 7 36 7 19 0 97 42 26 54 10 87 64 68 64 66 68 59 58 54 55 18 41 35 27 22 26 32 15 14 14 22 38 67 77 72 58 31 0 15 14 10 2 3 8 9 18 0 4 3 3 3 6 8 7 6 3 0 0 0 4 4 7 7
74 71 110 90 59 59 64 83 91 108 101 105 83 87 91 90 91 99 91 68 107 105 87 91 0 99 88 52 56 0 60 0 0 4 53 47 0 2 0 0 0 0 0 0 0 18 62 27 66 59 42 13 10 65 74 65 56 76 64 77 72 64 62 60 70 54 27 8 32 0 0 0 31 0 0 0 0 0 84 74 8 53 62 0 44 67 76 61 60 60 53 50 52 53 0 43 31 25 26 33 21 16 14 20 29 49 62 53 56 25 -128 -105 1 8 13 3 3 13 13 0 0 4 2 3 3 4 6 6 3 0 0 0 0 4 7 7
61 55 64 79 85 99 107 107 94 94 101 82 73 95 113 101 97 94 87 82 83 70 10 -128 0 97 52 77 60 52 64 48 50 45 0 0 0 31 58 59 20 43 29 49 60 62 21 53 66 62 64 45 68 36 50 61 36 45 24 35 49 59 66 16 19 9 31 61 35 6 24 0 0 55 41 16 71 70 49 39 65 77 67 24 54 77 66 70 60 53 55 52 54 45 0 31 36 39 25 27 15 21 33 33 43 42 49 31 0 -1 -128 0 0 13 12 12 3 14 7 0 4 2 3 2 3 2 4 0 2 6 0 0 0 4 8 6
