river 10 Danube
33 134
33 135
34 135
34 136
34 137
35 137
35 138
36 137
36 138
36 139
37 138
37 139
38 138
38 139
39 138
40 138
41 138
42 138
43 138
44 137
45 137
46 137
47 137
48 136
49 136
50 136
51 136
51 137
51 138
50 139
49 140
49 141
48 142
48 143
47 143
46 144
46 145
45 146
45 147
44 148
44 149
45 149
44 150
44 151
43 152
43 153
river 10 Donau
-58 137
-58 138
-57 138
-58 139
-57 139
-57 140
-56 140
-56 141
-55 140
-54 140
-53 139
-52 139
-51 139
-51 138
-50 138
-49 137
-49 138
-48 137
-48 138
-47 138
-46 137
-45 137
-45 136
-44 136
-44 135
-43 135
-42 135
-41 134
-40 134
-39 133
-38 133
-37 132
-36 131
-36 132
-35 131
-34 131
-33 131
-33 130
-32 129
-31 129
-30 129
-29 128
-28 127
-27 127
-26 126
-26 127
-25 126
-25 127
-24 126
-24 127
-23 126
-22 126
-21 126
-20 126
-19 126
-18 125
-18 126
-17 125
-16 124
-15 123
-14 123
-13 123
-13 122
-12 121
-11 121
-11 122
-10 121
-10 122
-9 122
-8 122
-9 123
-8 122
-8 123
-9 123
river 10 Donau
33 134
32 134
33 133
32 133
32 132
31 132
31 133
30 133
29 133
28 134
28 133
27 133
26 133
26 132
26 131
26 130
26 129
25 130
24 130
23 130
22 130
21 130
20 130
20 129
19 130
19 129
18 130
17 130
16 131
16 132
15 133
14 133
13 133
12 134
11 134
11 133
10 133
9 134
8 134
7 134
7 133
6 134
6 133
5 133
5 132
4 133
4 132
3 132
2 132
3 131
2 131
2 130
1 130
1 129
0 129
0 128
-1 129
-1 128
-2 128
-3 128
-4 128
-4 127
-5 127
-4 126
-5 126
-4 125
-5 125
-5 124
-6 124
-7 124
-7 123
-8 123
-9 123
river 8 Rhein
-52 145
-51 145
-51 146
-50 146
-50 147
-50 148
river 8 Rhein
-53 145
-53 144
-54 145
-55 145
river 8 Rhein
-53 153
-53 152
-52 152
-52 151
-51 151
-51 150
-50 150
-50 149
-49 148
-50 148
river 8 Oder
49 105
50 105
50 106
51 106
51 107
52 106
53 105
54 105
55 104
56 103
56 102
57 102
57 101
58 101
57 101
58 100
57 100
58 99
57 99
58 98
58 97
59 96
59 95
59 94
58 94
59 93
58 93
58 92
58 91
58 90
59 89
58 89
59 88
58 88
58 87
57 87
56 87
57 86
56 86
55 86
55 85
54 85
55 84
54 84
55 83
54 83
54 82
53 83
53 82
52 82
52 81
52 80
51 80
50 81
50 80
49 81
48 81
48 80
49 79
49 78
50 77
50 76
51 75
50 75
50 74
49 74
49 73
48 74
47 74
47 73
46 73
46 72
45 73
45 72
46 71
47 70
46 70
47 69
46 69
46 68
45 68
44 68
43 68
43 67
42 68
41 68
40 68
39 68
38 68
38 67
38 66
39 65
38 65
38 64
38 63
39 62
40 61
40 60
41 59
40 59
40 58
39 58
40 57
39 57
39 56
38 56
38 55
39 54
39 53
40 53
41 52
42 51
43 50
43 49
44 48
44 47
45 47
45 46
46 46
46 45
47 45
47 44
48 43
48 42
river 8 Rhin
-55 145
-56 145
-56 144
-57 144
-58 145
-59 146
-60 146
-61 146
-62 146
-62 145
-63 146
-64 146
-65 147
-65 146
-66 146
-67 146
-68 147
-68 146
-69 146
-68 145
-69 145
-68 144
-69 144
-68 143
-67 142
-66 141
-66 140
-65 139
-65 138
-64 137
-63 136
-62 135
-61 134
-61 133
-60 133
-60 132
-59 131
-59 130
-58 130
-58 129
-57 128
-56 127
-55 127
-55 126
-54 126
-53 125
-52 124
-51 123
-50 122
river 8 Rhine
-50 122
-49 122
-49 121
-48 121
-48 120
-47 119
-46 118
-45 117
-44 116
-44 115
-43 114
-44 114
-43 114
-43 113
-43 112
-43 111
-42 110
-41 109
-41 108
-41 107
-40 106
-40 105
-41 105
-40 104
-41 104
-42 104
-43 105
-44 105
-45 105
-44 104
-45 104
-44 103
-45 103
-44 102
-45 102
-45 101
-45 100
-44 100
-44 99
-43 98
-43 97
-44 97
-45 97
-45 96
-45 95
-45 94
-44 93
-45 93
-44 92
-45 92
-44 91
-45 91
-45 90
-44 89
-44 88
river 7 Elbe
6 46
6 45
6 44
5 45
5 44
river 7 Elbe
6 46
6 45
5 46
5 45
4 45
5 44
river 7 Elbe
15 73
15 72
15 73
14 73
15 72
14 73
13 73
14 72
13 73
13 72
12 73
12 72
11 73
10 73
11 72
10 72
10 71
11 70
10 70
9 70
9 69
10 68
10 67
11 67
10 67
11 66
12 65
13 65
14 64
15 63
15 62
16 61
16 60
17 60
17 59
18 58
18 57
19 56
19 55
18 56
18 55
17 55
18 54
17 54
17 53
16 53
17 53
16 53
15 53
16 52
15 52
14 53
14 52
14 51
13 51
12 51
12 50
12 49
11 49
11 48
11 47
10 47
9 47
9 46
8 46
7 47
6 47
7 46
6 46
river 7 Elbe
15 73
15 72
15 73
river 7 Elbe
18 79
18 78
17 79
18 78
17 78
18 77
17 77
18 76
17 76
17 75
17 74
18 73
17 73
16 73
16 72
15 73
river 7 Elbe
35 91
36 91
35 92
35 93
36 93
36 94
35 95
36 95
36 96
river 7 Elbe
36 96
37 96
36 97
35 98
34 99
34 100
33 101
34 101
33 101
33 102
32 102
31 102
30 102
29 102
28 102
27 103
27 102
27 101
27 100
26 100
25 100
24 100
23 100
22 100
23 99
22 100
22 99
22 98
22 97
22 96
22 95
21 96
21 95
20 95
19 95
20 94
19 94
20 94
20 93
21 92
22 92
22 91
23 90
24 89
24 88
23 88
22 88
23 88
23 87
22 88
22 87
21 88
21 87
21 86
20 86
20 85
19 85
19 84
18 84
19 83
19 82
18 82
18 81
18 80
19 79
18 79
river 7 Vistula
62 101
63 100
64 100
river 7 Vistula
64 100
65 100
66 99
67 98
66 98
67 98
68 97
68 98
69 97
69 98
70 98
71 98
72 98
73 98
73 97
74 97
75 97
76 96
76 97
77 96
77 97
78 96
79 95
80 95
81 94
82 94
83 93
84 92
85 91
85 92
86 91
87 91
88 90
89 90
90 89
91 88
river 7 Vistula
101 68
101 67
100 67
100 66
101 65
100 65
100 64
99 64
99 63
100 63
100 62
100 61
100 60
100 59
100 58
99 58
99 57
99 56
98 56
97 56
97 55
96 56
96 55
95 56
94 57
93 57
92 57
91 57
90 57
90 56
89 56
88 56
89 55
88 55
88 54
87 55
87 54
86 54
85 54
84 54
84 53
83 54
83 53
83 52
83 51
83 50
82 50
82 49
82 48
81 49
81 48
80 48
79 48
79 47
78 48
78 47
77 47
78 46
79 45
80 44
81 43
82 42
83 42
84 41
85 41
86 40
86 39
87 38
86 38
87 37
88 36
89 35
88 35
89 34
90 33
90 32
90 31
90 30
91 29
91 28
92 28
92 27
93 26
93 25
river 7 Vistula
61 105
61 104
61 103
62 102
61 102
62 101
river 6 Mur
-12 152
-12 153
river 6 Mur
-10 153
-9 153
river 6 Mur
-8 153
-7 153
-6 153
-5 153
-4 152
-3 152
-2 151
-1 151
0 151
1 151
2 151
2 150
3 150
3 149
4 149
5 148
6 148
6 147
7 147
8 147
8 148
8 149
7 149
8 149
7 150
7 151
6 152
7 152
7 153
river 6 
67 137
66 138
65 139
64 139
64 140
63 140
62 141
63 141
62 142
63 142
62 143
61 144
61 143
60 144
59 145
58 146
58 147
59 147
58 148
57 148
56 149
57 149
56 150
55 150
55 151
55 152
55 153
56 153
river 6 Soroksari Duna
48 142
49 142
48 143
48 144
47 144
47 145
46 145
46 146
45 147
45 148
44 149
45 149
river 5 Mosel
-52 105
-51 104
-51 103
-50 103
-51 103
-50 103
-49 102
-50 102
-49 102
-48 101
-47 101
-46 100
-45 99
-44 99
-44 98
-43 98
river 5 Weser
-11 97
-12 98
-13 98
-14 98
-14 97
-14 96
-15 96
-16 96
-15 95
-15 94
-15 93
-14 92
-15 92
-14 91
-15 91
-16 91
-16 90
-17 91
-17 90
-16 89
-15 89
-15 88
-14 88
-13 87
-12 86
-12 87
-12 86
-12 85
-13 86
-13 85
-13 84
-14 84
-13 83
-14 83
-13 82
-14 83
-14 82
-14 81
-15 81
-15 80
-15 79
-14 78
-14 77
-15 78
-14 77
-15 77
-16 77
-15 76
-15 75
-14 74
-13 73
-13 72
-13 73
-12 72
-13 72
-12 72
-12 71
-12 70
-12 69
-12 68
-13 68
-14 68
-14 67
-15 68
-16 68
-15 67
-16 67
-15 66
-15 67
-14 66
-14 65
-13 64
-12 63
-11 63
-11 62
-10 61
-9 60
-8 59
-8 58
-7 57
-8 57
-7 57
-7 56
-6 55
-6 54
-7 54
-8 54
-7 53
-8 54
-8 53
-8 52
-9 52
-9 51
-9 50
-10 51
-9 50
-10 50
-10 49
-9 48
river 5 Sio
34 152
34 153
35 153
36 153
river 5 Neman
132 7
131 8
131 7
130 8
129 8
128 8
127 9
126 9
126 8
125 9
125 8
124 8
123 8
123 7
122 7
122 6
121 6
120 7
river 4 Inn
-42 153
-41 153
-40 152
-39 152
-38 151
-37 151
-36 151
-35 151
-34 151
-34 152
-33 151
-32 151
-31 151
-30 150
-29 150
-28 149
-27 148
-26 148
-25 147
-24 147
-23 146
-22 145
-22 144
-22 143
-21 142
-21 141
-20 140
-20 139
-19 139
-19 138
-18 138
-18 137
-17 136
-16 136
-15 135
-14 135
-15 135
-14 134
-14 135
-13 134
-12 134
-11 134
-10 134
-10 135
-9 134
-8 134
-7 133
-6 133
-5 133
-4 132
-3 131
-3 130
-2 129
-1 128
river 4 Morava
44 98
44 99
43 100
44 100
44 101
43 102
43 103
43 104
43 105
42 106
43 106
44 106
44 107
45 107
44 108
44 109
44 110
44 111
43 112
44 112
44 113
44 114
44 115
43 116
43 117
42 117
41 118
41 119
40 119
39 120
38 121
37 121
37 122
36 122
36 123
35 124
34 125
34 126
33 127
32 128
32 129
31 129
31 130
32 129
32 130
32 131
31 132
31 133
river 4 Warta
73 90
72 90
72 89
72 88
71 88
71 87
71 86
72 86
71 86
72 85
71 85
72 85
73 84
73 85
74 84
75 83
76 82
76 81
75 81
74 81
73 81
72 81
72 80
71 81
71 80
70 80
69 81
69 80
70 80
70 79
71 79
71 78
71 77
72 77
71 77
72 76
72 75
73 74
74 73
73 73
74 72
73 72
73 71
73 70
73 69
74 69
74 68
75 67
76 66
76 65
76 64
76 63
76 62
75 62
74 62
73 62
72 62
71 63
71 62
70 63
69 63
68 63
67 63
66 64
65 64
64 65
63 65
62 65
61 65
60 66
60 65
60 64
60 63
59 64
60 63
59 63
60 62
61 61
61 60
62 59
62 58
63 57
62 57
62 56
61 56
60 56
60 55
59 56
58 56
57 56
56 56
55 57
54 57
53 58
52 58
52 57
51 58
50 58
49 58
48 58
49 57
49 56
48 56
47 57
46 58
45 59
45 58
44 58
43 58
42 59
41 59
river 4 Main
-10 107
-10 108
-10 107
-9 106
-10 106
-9 105
-10 105
-10 104
-10 103
-11 103
-11 102
-12 102
-13 102
-13 103
-14 103
-15 104
-15 105
-16 105
-16 106
-17 106
-18 106
-18 105
-19 105
-19 104
-20 105
-21 105
-21 104
-22 105
-23 106
-23 107
-24 107
-23 107
-24 108
-24 109
-24 108
-25 109
-25 110
-26 111
-26 110
-27 110
-26 109
-27 109
-27 108
-27 107
-26 106
-27 106
-26 105
-27 105
-26 104
-27 105
-27 104
-28 105
-29 106
-29 107
-30 108
-29 108
-30 109
-31 109
-31 108
-32 109
-33 109
-34 110
-34 109
-34 108
-33 107
-33 106
-32 105
-33 105
-33 104
-33 103
-34 103
-34 102
-35 103
-36 103
-37 103
-38 104
-39 105
-40 105
river 4 Ems
-19 73
-20 73
-21 74
-21 73
-22 74
-23 74
-24 74
-24 73
-23 72
-24 72
-24 71
-25 71
-26 71
-27 71
-27 70
-28 70
-28 69
-28 68
-27 68
-27 67
-28 67
-27 67
-27 66
-28 66
-27 65
-28 65
-28 64
-27 63
-27 62
-27 61
-26 60
-26 59
-25 58
-25 57
-24 56
-25 57
-24 56
-23 55
-23 54
-22 53
-22 52
-21 51
-20 50
-19 49
-19 48
river 4 Bug
111 49
110 49
109 50
108 50
108 51
107 51
106 51
105 52
104 53
104 52
103 53
102 53
101 54
100 54
99 54
98 55
river 3 Vltava
3 121
4 121
4 122
5 122
5 123
5 124
5 125
river 3 Vltava
5 125
6 125
5 126
6 126
6 127
7 127
8 127
8 126
9 125
8 125
9 124
10 123
10 122
11 122
11 121
12 120
12 119
13 118
13 117
13 116
12 116
13 115
12 115
13 114
12 114
13 113
12 113
13 112
13 111
14 110
15 109
16 108
17 108
17 107
18 106
17 106
18 105
18 104
19 103
19 102
20 102
20 101
20 100
19 101
20 100
20 99
21 98
22 98
river 2 Waldnaab
-2 108
-3 108
-3 107
-3 106
-4 107
-5 108
-5 109
-6 110
-6 111
-7 112
-7 113
-8 114
-8 115
-9 116
-10 117
-11 118
-12 119
-13 120
-13 121
-12 121
river 2 Berkel
-32 71
-32 70
-33 71
-34 71
-35 71
-34 70
-35 70
river 2 Drwęca
99 31
98 32
98 33
97 33
97 34
98 34
97 35
96 36
95 37
95 38
94 38
94 39
93 40
92 41
92 42
91 43
90 43
89 44
88 45
87 45
86 46
85 47
84 47
83 47
83 48
82 48
river 2 Raab
14 145
13 145
13 146
12 147
12 148
11 149
12 149
12 150
13 150
12 151
13 151
13 152
14 152
14 153
15 153
river 2 Raab
18 153
19 153
20 152
21 151
22 151
23 150
23 149
24 149
24 148
25 148
25 147
26 146
27 145
28 145
29 144
29 145
30 144
31 144
31 143
32 142
33 141
34 141
34 140
35 140
36 139
37 139
river 2 Sarre
-64 129
-64 128
river 2 Sarre
-60 121
-59 120
-60 120
river 2 Łyna
107 33
107 34
106 35
106 34
105 35
105 34
105 33
106 32
106 31
105 32
104 32
103 32
104 31
104 30
104 29
105 28
106 27
107 27
107 26
108 26
109 25
110 24
111 24
112 24
112 23
113 22
113 21
113 20
114 20
115 19
116 18
116 17
115 17
114 17
113 17
112 17
111 17
110 17
109 17
river 2 Bzura
82 67
81 67
80 67
80 66
81 65
81 64
81 63
82 63
83 62
84 62
85 62
86 62
87 62
88 61
88 62
89 61
90 61
91 60
92 59
92 58
93 57
92 57
river 2 Hornád
70 115
71 114
72 114
73 114
73 115
74 114
74 115
75 115
76 114
77 114
78 114
78 115
river 2 Uhlava
0 105
1 105
2 105
2 106
1 107
1 108
2 107
2 108
2 109
3 108
4 108
5 107
5 108
6 108
7 108
8 108
8 107
9 107
9 106
10 105
11 105
12 104
13 104
14 103
15 103
15 104
16 104
15 105
16 105
17 105
18 104
19 103
river 2 Regnitz
-25 115
-24 115
-25 116
-24 116
-25 117
-24 117
-23 117
-23 118
-22 118
-22 119
-21 119
-20 118
-20 117
-19 116
-20 116
-19 115
-19 114
-19 113
-18 112
-17 111
-17 110
-16 109
-16 108
-16 107
-16 106
river 2 Zala
23 153
24 153
river 2 Warme Steinach
-7 104
-7 105
-8 106
-8 105
-9 106
river 2 Pissa
125 21
125 20
124 21
123 21
122 22
123 22
122 23
122 22
121 22
120 23
120 22
121 21
122 20
122 19
123 19
123 18
124 17
123 17
123 16
122 16
121 16
120 16
119 17
119 16
118 17
118 16
117 17
116 17
river 2 
55 58
55 59
55 60
56 59
56 60
56 61
56 62
56 63
55 64
56 64
55 65
54 66
53 66
52 67
51 67
50 67
49 67
49 66
50 65
50 64
51 63
50 63
51 62
51 61
50 61
50 60
49 61
48 61
48 60
48 59
49 58
river 2 Nysa Kłodzka
43 99
42 100
42 99
43 98
43 97
43 96
44 95
44 94
45 93
46 93
47 92
47 93
48 93
49 93
50 93
51 93
52 92
52 93
53 92
53 91
54 90
54 89
55 88
56 88
57 87
river 2 Neckar
-54 135
-54 136
-54 137
-53 136
-53 135
-52 134
-53 134
-52 133
-51 132
-50 131
-49 131
-48 131
-47 131
-46 130
-45 130
-44 129
-43 129
-42 128
-41 127
-42 127
-42 126
-42 125
-41 124
-40 123
-41 123
-40 122
-41 122
-40 121
-40 120
-39 119
-38 118
-39 118
-38 117
-38 116
-38 115
-39 115
-38 114
-39 114
-40 115
-41 115
-42 115
-42 114
-43 114
-43 113
river 2 Spree
32 84
31 84
32 84
33 83
33 82
33 81
34 80
34 79
33 79
32 79
31 80
31 79
31 78
30 78
31 77
30 77
river 2 Spree
31 75
32 74
31 74
32 73
32 72
31 72
30 72
29 72
29 71
29 70
29 69
30 68
31 67
31 68
32 67
32 68
33 68
river 2 Spree
25 63
24 64
23 64
river 2 Spree
33 68
33 67
34 66
35 65
34 65
35 64
34 64
34 63
33 63
32 63
31 63
31 62
river 2 Spree
23 63
23 62
22 62
21 63
20 63
19 64
river 2 Spree
30 62
29 62
29 61
28 61
27 61
river 2 Spree
19 63
19 62
19 61
19 60
20 59
19 59
19 58
20 57
20 56
19 57
19 56
river 2 
64 76
63 76
64 75
63 75
64 74
63 74
63 73
62 74
61 74
60 74
59 74
58 75
57 76
56 76
55 76
54 76
53 76
53 75
52 75
52 74
51 74
50 74
50 73
river 2 Traun
-3 143
-4 144
-5 144
-6 145
-7 145
-8 145
-7 144
-7 143
-6 142
-5 142
-4 141
river 2 Traun
-3 139
-3 138
-2 137
-1 136
0 136
1 135
2 135
3 134
4 134
5 133
river 2 Dunajec
70 112
70 113
71 113
72 113
73 112
74 111
75 110
76 109
77 108
78 108
79 108
79 109
79 108
80 108
80 107
79 107
79 106
79 105
79 104
79 103
80 102
80 101
81 100
81 99
82 98
83 98
83 97
84 96
85 95
85 94
85 93
84 93
84 92
river 2 
131 9
130 10
130 9
129 10
130 9
129 9
128 9
127 10
127 9
128 8
river 2 Narew
115 40
115 39
114 40
113 40
112 41
111 42
110 43
109 44
108 45
107 46
107 47
107 48
106 48
105 48
104 49
103 50
103 51
102 52
102 53
river 2 Saale
-5 102
-5 101
-4 101
-3 100
-3 99
-3 98
-3 97
-4 98
-4 97
-3 96
-3 95
-3 94
-4 94
-5 94
-6 94
-5 93
-6 93
-5 92
-5 93
-4 92
-3 92
-2 91
-2 90
-1 90
-2 90
-1 89
0 88
1 87
1 86
2 85
3 85
4 84
5 84
6 83
6 82
6 81
6 80
7 79
7 78
6 79
6 78
6 77
6 76
6 75
7 75
7 74
8 74
8 73
9 72
10 71
river 2 Aller
-9 81
-10 81
-11 81
-12 82
-12 81
-13 81
-12 80
-12 79
-11 78
-11 77
-10 76
-10 75
-9 74
-9 73
-8 72
-9 72
-8 71
-9 71
-9 70
-8 69
-8 68
-7 67
-6 66
-6 65
-6 64
-7 64
-8 64
-8 63
-7 62
-7 61
-6 61
-5 60
-5 59
-4 58
-4 57
-5 58
-5 57
-6 57
-6 56
-6 55
-6 54
river 2 Zagyva
61 130
61 131
62 131
61 131
60 132
59 132
58 133
58 134
57 135
57 136
57 137
56 138
56 139
56 140
57 140
58 140
59 140
58 141
59 141
59 142
58 143
59 143
58 144
59 144
59 145
river 2 Aare
-76 153
-75 153
-74 153
-73 152
-72 152
-71 152
-70 152
-69 151
-68 150
-67 150
-66 149
-65 149
-64 148
-63 147
-62 146
-62 145
river 2 Pilica
74 91
74 90
75 90
76 90
77 89
77 88
78 87
77 87
77 86
77 85
77 84
78 83
79 82
80 81
80 80
81 79
82 78
82 77
82 76
83 75
82 75
83 74
river 2 Pilica
84 73
85 72
86 71
87 71
88 71
88 70
89 70
90 69
91 69
92 69
93 69
94 68
95 68
96 67
97 66
98 66
98 65
98 66
99 65
100 64
river 2 Noteć
80 59
79 59
78 59
78 58
77 58
76 58
75 59
75 58
76 57
river 2 Noteć
76 54
76 53
75 53
75 52
75 51
74 52
74 51
73 52
73 51
74 50
75 49
75 48
74 48
73 48
73 47
72 47
71 48
70 48
69 49
69 48
68 49
67 49
66 49
65 49
64 49
63 50
62 50
62 51
61 52
60 53
60 52
59 53
59 52
58 53
57 53
56 53
55 54
54 54
53 54
52 55
51 55
50 56
49 56
river 2 Váh
66 109
66 110
65 110
64 111
63 111
62 112
61 113
60 113
60 114
59 114
58 114
58 113
57 113
57 112
56 112
55 113
54 113
54 114
53 114
52 114
52 115
51 116
50 117
49 117
48 118
47 119
46 120
45 121
44 122
44 123
43 124
43 125
42 126
42 127
41 128
40 129
40 130
41 130
40 131
41 131
41 132
41 133
41 134
41 135
40 136
40 137
41 137
41 138
river 2 Váh
62 110
63 109
64 109
65 109
66 108
river 2 Svitava
33 120
33 119
33 118
32 118
32 117
31 118
31 117
30 117
29 117
29 116
28 116
28 115
27 116
27 115
27 114
27 113
26 113
26 112
25 113
24 114
23 114
23 115
22 115
22 116
21 116
21 117
20 117
19 118
18 119
17 120
16 121
15 121
16 120
15 120
15 119
16 118
15 118
16 117
16 116
16 115
17 115
17 114
17 113
16 113
15 114
14 115
14 116
13 116
river 2 Isar
-32 150
-33 150
-33 149
-34 150
-33 149
-33 148
-32 147
-31 147
-30 146
-29 146
-28 145
-28 144
-27 143
-28 143
-27 142
-27 141
-27 140
-26 139
-26 138
-25 138
-25 137
-24 137
-24 136
-23 136
-23 135
-22 134
-21 133
-20 132
-19 132
-18 131
-17 130
-16 130
-15 129
-14 129
-13 128
-12 128
-11 128
-10 127
-9 127
-8 127
-7 126
-6 125
-5 125
river 2 Zala
32 153
33 153
33 152
33 153
34 152
river 2 Spree
23 64
23 63
river 2 Spree
19 64
19 63
river 2 Spree
27 61
26 62
25 63
river 2 Spree
31 76
31 75
river 2 Traun
-4 141
-4 140
-3 139
river 2 Pilica
83 74
84 73
river 2 Noteć
76 57
76 56
76 55
river 2 Váh
66 108
66 109
river 1 
63 2
62 2
62 3
62 4
river 1 
63 0
62 1
river 1 Eger
-5 103
-4 103
-3 102
-2 102
-2 103
-1 103
0 103
1 102
2 102
3 101
4 101
5 101
6 100
7 100
7 99
8 99
8 98
9 98
10 97
10 98
11 98
12 98
13 98
14 98
15 98
16 97
17 97
18 97
19 97
20 96
20 95
river 1 Salzach
-26 153
-26 152
-25 152
-24 151
-23 151
-22 151
-21 151
-20 151
-19 151
-18 151
-17 150
-16 150
-15 150
-14 149
-13 148
-13 147
-13 146
-12 145
-13 145
-12 144
-13 144
-12 143
-12 142
-12 141
-12 140
-12 139
-13 139
-12 138
-13 138
-13 137
-12 136
-11 135
-10 135
river 1 Wkra
100 39
101 39
100 40
101 40
100 40
100 41
99 42
98 42
97 43
96 43
95 43
94 44
93 45
94 45
93 46
94 46
93 47
93 48
94 48
95 47
95 48
96 47
96 48
96 49
96 50
97 50
97 51
97 52
98 52
98 53
98 54
98 55
river 1 Gwda
70 34
71 34
71 35
71 36
72 36
72 37
71 38
70 39
69 40
70 40
69 41
69 42
68 42
68 43
67 44
66 45
66 46
65 47
65 48
64 49
river 1 Mosoni-Duna
17 138
16 139
15 140
16 140
15 141
16 141
16 142
17 142
18 141
19 141
20 141
21 140
22 139
23 138
24 137
25 137
26 136
27 135
28 135
29 135
30 134
30 135
31 135
31 136
32 136
32 137
32 138
33 137
33 138
34 138
34 139
35 139
35 140
river 1 Oder
47 100
47 101
47 102
48 102
49 102
50 102
50 103
51 103
51 104
52 103
53 102
54 101
55 101
55 102
56 102
river 1 Usha
121 6
122 5
121 5
river 1 Zwickauer Mulde
7 97
6 97
6 96
7 96
7 95
7 94
7 93
6 93
6 92
6 91
7 90
8 90
9 89
10 88
11 87
12 86
12 85
12 84
12 83
13 83
13 82
13 81
13 80
13 79
14 78
13 78
14 77
13 77
12 77
12 76
12 75
12 74
13 73
12 73
river 1 Sázava
31 109
30 110
29 110
29 109
28 109
27 109
26 109
27 108
26 109
26 108
25 108
24 108
24 107
23 107
23 106
23 105
22 105
21 105
20 106
19 106
19 105
18 106
18 105
river 1 Schwarze Elster
27 84
27 83
28 82
28 81
28 80
28 79
28 78
27 78
26 78
25 79
24 79
23 79
22 79
21 79
21 78
21 77
21 76
21 75
20 75
20 74
19 74
18 74
18 73
river 1 Vecht
-31 70
-30 70
-30 69
-30 68
-29 67
-29 66
-29 65
-29 64
-29 63
-29 62
-30 62
-29 61
-30 61
-29 60
-30 60
river 1 Enns
-12 150
-12 149
-11 149
-10 148
-9 148
-8 148
-7 148
-6 147
-6 148
-5 147
-4 146
-3 146
-2 145
-1 145
0 145
1 145
2 144
2 145
3 144
4 144
4 143
4 142
4 141
5 140
4 140
4 139
3 139
3 138
4 137
5 136
5 135
6 134
7 133
river 1 Elbe
41 96
41 97
42 97
41 98
42 98
41 99
41 100
40 101
40 100
39 100
38 101
38 100
37 100
36 100
36 99
35 99
34 99
river 1 
-4 75
-3 75
-3 76
-2 75
-1 75
0 75
1 75
2 74
3 73
3 72
4 71
5 70
5 71
6 71
6 72
6 73
7 73
8 73
river 1 Hron
69 117
68 117
68 116
67 117
66 117
65 117
64 118
63 118
62 118
61 118
61 119
60 119
59 120
58 120
57 121
57 122
56 123
55 123
54 123
53 124
52 124
52 125
51 126
50 127
49 128
48 129
48 130
48 131
48 132
48 133
47 134
47 135
47 136
48 136
river 1 Prosna
67 83
67 82
66 82
66 81
66 80
65 80
64 80
65 79
65 78
66 77
66 76
67 75
66 75
67 74
67 73
67 72
68 71
67 71
68 70
67 70
67 69
67 68
67 67
67 66
66 66
66 65
66 64
river 1 
74 32
74 33
74 34
75 34
74 35
74 36
73 37
74 36
74 37
75 36
76 36
77 35
78 35
78 36
78 37
79 37
79 38
79 39
78 40
78 41
77 42
78 42
77 43
78 43
77 44
76 45
76 46
76 47
77 47
river 1 Crisul Alb
61 149
60 149
59 149
58 150
57 151
56 152
56 153
river 1 Ill
-74 148
-73 147
-73 146
river 1 Ill
-72 144
-71 144
-70 143
-69 142
-68 141
-69 141
-68 140
-67 139
-66 138
-66 137
-65 136
-65 135
-64 135
-64 134
-63 134
-62 133
-61 132
-60 131
-59 130
-58 129
-57 128
-56 127
river 1 Glan
-55 114
-54 114
-54 115
-53 114
-53 113
-52 112
-52 111
-51 111
-50 110
-49 110
-48 109
-48 108
-47 108
-46 108
-46 107
-45 107
-45 106
-44 105
river 1 Ruhr
-28 84
-27 83
-27 82
-27 81
-28 82
-28 81
-29 82
-29 81
-30 81
-30 80
-31 80
-30 79
-31 79
-32 79
-33 79
-34 80
-35 80
-36 81
-36 80
-37 80
-38 80
-39 80
-40 81
river 1 Dyje
34 121
34 122
35 122
34 123
35 123
34 124
34 125
river 1 Dyje
15 126
16 125
17 124
18 124
19 123
19 122
20 121
21 121
20 122
21 122
21 123
22 122
23 121
24 121
25 121
25 122
26 122
27 122
28 122
28 123
29 123
30 123
31 122
31 121
32 121
river 1 
116 32
115 33
116 33
115 34
115 35
115 36
114 37
114 38
114 39
114 40
river 1 
109 34
110 33
109 33
110 32
109 32
110 32
110 31
111 31
111 32
110 33
111 33
111 34
112 33
113 33
113 32
114 31
river 1 Luzicka Nisa
32 89
32 90
31 90
31 89
30 90
30 89
29 89
30 88
31 87
31 86
32 85
33 84
33 83
34 82
34 81
34 80
35 79
35 78
34 78
34 77
33 78
33 77
34 76
35 75
34 75
34 74
35 73
34 73
35 72
36 71
36 70
37 69
38 68
river 1 
36 45
35 46
35 45
36 44
36 43
35 43
36 42
37 41
37 40
38 40
38 39
37 39
38 38
37 38
36 38
37 37
38 36
38 37
39 36
39 37
40 37
40 38
41 38
42 38
43 38
river 1 
50 148
50 147
49 148
49 147
49 146
48 146
48 147
48 148
47 149
47 150
46 151
47 151
46 152
46 153
river 1 Limmat
-58 153
-58 152
river 1 Limmat
-61 150
-61 149
-62 149
-62 148
-63 148
-63 147
river 1 Reuss
-64 153
-64 152
-63 151
-63 150
-63 149
-64 149
-63 148
-63 147
river 1 
114 32
114 31
115 31
115 32
116 32
river 1 
63 1
63 2
river 1 Dyje
33 120
33 121
34 120
34 121
river 1 Dyje
32 121
33 120
river 1 Limmat
-58 152
-59 152
-60 153
-60 152
-61 152
-61 151
-61 150
river 0 Svratka
32 108
33 107
33 108
34 107
34 108
34 109
35 109
35 110
34 111
34 112
34 113
34 114
34 115
35 115
35 116
34 117
34 118
34 119
33 120
river 0 
53 117
53 118
54 118
53 119
53 120
52 120
52 121
51 121
51 122
50 123
49 123
48 123
48 124
47 124
46 125
45 126
45 127
44 127
44 128
44 129
44 130
44 131
44 132
43 133
43 134
42 134
42 135
41 136
41 137
river 0 Weisse Elster
0 100
0 99
0 98
0 97
-1 97
0 96
1 96
1 95
2 94
3 93
2 93
3 92
3 91
2 91
3 90
3 89
3 88
4 87
5 87
6 86
7 85
8 84
8 83
9 82
10 81
9 81
8 81
7 81
7 80
river 0 Lippe
-22 79
-22 78
-23 79
-24 79
-24 78
-23 77
-22 77
-21 76
-21 75
-22 75
-23 75
-24 76
-25 76
-26 76
-27 76
-28 76
-28 75
-29 76
-29 75
-30 76
-31 76
-32 76
-33 77
-33 76
-34 76
-34 75
-35 75
-36 75
-37 76
-38 76
river 0 Unstrut
-11 92
-11 91
-10 90
-9 89
-9 90
-8 89
-7 89
-6 88
-6 87
-6 86
-5 85
-4 85
-3 84
-2 83
-1 82
0 81
0 82
0 83
1 83
2 82
2 83
2 84
3 84
river 0 Ohm
-27 95
-28 95
-28 94
-27 93
-27 92
-27 91
-28 91
-27 90
-28 90
-29 91
-29 92
-30 92
-30 93
-31 94
-32 95
-33 95
-34 95
-35 95
-36 96
-37 97
-37 98
-38 98
-38 97
-39 98
-40 98
-40 99
-40 98
-41 99
-42 99
-43 99
-44 99
river 0 Slana
69 118
70 117
70 118
71 117
71 118
71 119
72 118
72 119
71 120
70 121
69 122
68 123
68 124
67 125
68 125
67 126
68 126
69 126
70 126
71 126
71 127
72 127
71 128
river 0 Bóbr
38 90
39 90
40 90
40 89
41 89
41 88
41 87
40 87
39 88
39 87
38 87
38 86
39 85
39 84
39 83
39 82
39 81
40 80
41 79
41 78
42 77
42 76
41 76
40 76
40 75
40 74
40 73
41 72
40 72
41 71
40 71
40 70
40 69
41 68
river 0 Ipel
63 121
63 122
62 123
62 124
62 125
62 126
61 127
60 127
59 128
58 129
57 130
56 131
55 131
54 132
54 131
53 132
53 131
52 132
51 132
50 132
49 133
48 134
48 135
48 136
river 0 
20 143
20 144
20 145
21 145
22 145
23 145
23 146
24 146
25 146
26 145
27 145
27 144
27 143
28 142
27 142
28 141
29 140
29 141
30 140
31 140
32 140
33 140
34 140
35 139
river 0 Aller
-4 74
-4 73
-3 72
-2 71
-2 70
-1 70
-1 69
-1 68
0 67
0 66
0 65
0 64
0 63
1 62
1 61
0 61
-1 61
-1 60
-2 60
-2 59
-3 59
-4 59
-4 58
river 0 Fulda
-33 88
-32 88
-31 87
-30 87
-29 87
-29 88
-28 87
-27 87
-26 87
-26 86
-25 86
-24 85
-23 85
-22 85
-22 86
-21 86
-20 86
-19 85
-19 84
-18 84
-18 83
-17 82
-16 81
-15 81
-15 80
