136 198
82 99 106 105 117 111 83 122 0 112 112 118 117 111 97 123 127 119 99 106 36 97 116 127 110 123 97 118 105 119 120 127 127 127 104 116 84 31 123 127 84 100 107 113 59 0 74 59 90 87 110 47 74 116 32 36 53 79 53 58 120 106 106 70 105 118 61 93 53 66 55 100 105 62 56 100 97 72 49 58 97 99 95 60 49 73 77 66 77 102 100 102 116 110 95 44 124 99 90 68 81 127 95 123 104 102 110 113 106 0 96 91 77 73 66 56 66 67 61 65 67 72 74 83 79 90 84 76 96 91 65 79 68 62 70 58
97 85 113 108 127 107 112 0 0 26 -25 111 102 123 122 113 83 79 120 108 113 116 112 111 102 119 61 -30 120 124 124 106 106 84 100 114 0 93 52 124 65 0 90 64 0 68 91 87 42 83 33 55 120 88 65 62 36 76 39 90 117 58 61 71 53 67 78 81 94 104 67 77 102 83 33 96 85 53 82 100 35 50 66 114 101 59 78 70 61 65 50 72 81 105 88 117 77 127 91 65 90 108 108 100 101 96 95 106 6 94 93 84 77 70 59 72 71 64 64 64 71 77 89 105 90 87 89 73 67 65 71 74 67 62 62 38
14 111 113 119 127 122 111 119 0 124 119 127 105 127 117 96 91 95 111 118 118 116 127 112 117 106 81 116 111 117 93 67 113 99 60 55 43 123 76 83 100 61 74 0 60 58 90 82 50 118 42 53 72 18 55 73 119 14 91 54 65 0 65 35 90 33 91 54 60 60 16 14 33 43 58 100 91 76 83 66 76 90 78 77 72 72 56 84 97 87 99 104 108 0 52 0 122 82 89 38 83 104 114 102 102 96 97 91 91 111 88 81 78 72 64 78 64 65 66 67 73 85 104 114 99 96 112 68 74 66 74 70 66 64 61 13
108 118 120 127 94 127 123 67 108 108 104 99 95 85 88 83 62 110 104 107 114 125 119 101 116 117 49 59 100 101 117 90 97 60 88 0 118 93 101 93 83 54 83 45 42 87 41 58 127 122 81 68 44 117 93 110 73 41 76 55 122 35 77 101 89 59 31 32 41 116 127 87 95 108 113 60 70 35 64 45 62 47 45 66 54 87 83 68 53 108 89 116 127 100 0 120 120 118 122 -1 104 114 111 96 108 96 97 91 19 102 76 79 72 62 67 67 65 66 68 73 90 100 101 108 94 0 77 73 60 59 67 38 76 67 56 -60
112 122 127 120 127 120 119 0 104 127 100 125 85 59 110 114 114 122 124 118 124 91 93 112 84 123 112 118 101 112 91 77 68 49 87 13 0 55 78 71 43 42 16 70 64 65 39 87 55 78 32 33 91 66 65 124 97 25 78 77 127 73 68 85 88 58 62 66 94 41 21 44 88 56 47 93 74 76 56 53 106 81 67 82 122 73 74 111 96 67 105 111 119 81 94 90 100 30 112 104 83 101 99 93 104 93 90 91 96 0 77 79 73 77 82 73 70 64 71 74 87 97 102 101 81 79 77 62 61 62 62 60 68 62 62 59
118 125 113 127 113 84 65 114 106 124 72 56 112 108 111 124 118 127 123 117 120 117 101 94 -49 117 104 91 89 90 83 111 101 127 50 0 0 81 37 48 73 50 42 107 42 49 45 41 95 56 106 53 58 93 79 38 48 73 96 53 90 22 96 73 60 74 88 32 90 55 50 85 77 58 71 39 26 36 70 65 100 55 50 59 71 105 104 74 74 83 118 76 97 70 106 110 110 64 104 113 102 101 94 89 97 96 84 78 91 0 79 73 74 82 74 73 70 68 73 77 84 102 100 88 87 84 65 74 72 56 60 62 61 66 48 54
125 114 113 120 93 -103 119 53 123 104 -47 32 113 117 113 119 125 114 113 110 122 120 106 82 73 87 116 81 93 44 114 70 71 74 120 0 0 0 0 78 104 77 70 60 94 88 61 45 94 93 74 66 72 38 42 59 85 68 48 41 67 0 0 39 0 36 37 44 49 59 25 62 76 70 48 38 55 20 89 53 79 102 106 100 58 65 102 89 111 61 102 96 83 97 113 111 101 106 82 94 102 107 99 96 94 89 91 93 91 0 72 74 66 68 81 72 65 66 71 81 78 94 94 90 99 94 -1 68 71 65 61 60 64 64 60 65
127 125 102 0 99 91 96 76 107 119 116 30 91 25 113 127 114 113 117 118 106 74 77 118 -1 26 87 122 78 52 114 71 68 47 56 19 122 110 89 72 39 90 73 81 14 41 65 81 87 59 87 47 94 0 0 0 8 59 0 0 0 31 0 54 76 79 65 67 76 87 93 66 59 36 84 90 71 68 61 101 82 62 62 74 95 91 120 104 91 91 96 112 84 81 102 107 100 100 59 99 102 95 87 94 95 93 85 73 87 45 79 85 74 79 81 68 66 71 78 88 91 83 96 76 56 114 117 62 68 68 61 56 71 67 65 18
111 119 100 50 94 110 76 94 88 50 106 116 124 117 71 127 101 97 108 97 79 90 108 112 93 79 97 67 39 22 95 30 76 85 79 56 104 82 120 36 0 89 95 0 90 42 74 74 66 56 85 94 29 41 19 0 26 33 0 0 0 0 41 68 49 82 91 83 67 71 60 52 82 77 62 99 18 70 127 87 84 53 67 41 77 76 102 113 79 118 82 91 127 104 93 97 95 96 95 76 101 97 100 101 101 94 0 90 101 83 89 91 73 70 58 85 76 87 72 66 73 89 72 54 39 112 22 64 62 65 64 62 62 70 62 65
113 108 107 113 66 93 118 99 114 118 120 123 127 116 26 99 123 113 93 106 90 70 116 68 71 88 97 100 88 76 66 54 60 43 50 105 49 61 67 77 81 0 0 76 49 0 0 0 106 32 97 78 0 0 31 54 72 0 0 0 0 25 0 0 32 85 39 56 67 114 77 113 61 79 73 67 90 78 52 65 89 60 101 95 127 99 127 118 105 90 96 110 117 66 91 113 97 93 101 85 100 94 96 110 82 0 0 0 79 90 82 61 56 77 74 71 70 83 70 78 66 68 110 -1 73 62 64 52 67 66 71 60 58 68 60 59
106 102 95 4 107 49 100 120 113 119 106 127 118 127 93 112 127 101 84 94 71 127 71 53 68 79 47 29 101 59 72 45 54 50 88 77 72 52 76 68 83 67 55 44 68 0 -88 35 19 0 91 99 48 39 0 0 37 8 22 44 66 108 29 0 64 0 74 33 56 122 97 114 41 58 41 70 59 89 -31 59 102 83 97 56 99 116 125 102 127 125 77 110 107 62 90 93 101 96 119 88 91 87 101 94 0 93 104 97 85 82 87 85 82 72 71 83 44 62 102 42 53 108 89 67 72 82 79 70 74 53 68 62 60 62 76 60
81 91 108 113 117 116 125 122 125 127 119 102 76 88 127 -2 94 66 44 48 83 71 73 66 66 37 74 87 38 12 54 42 91 104 47 66 60 35 96 55 104 33 60 30 10 14 41 0 27 0 36 0 0 56 4 4 22 26 68 94 54 30 33 79 12 0 87 77 59 66 73 68 14 29 96 72 49 87 110 108 93 106 112 102 110 111 125 99 117 99 99 120 97 50 83 95 95 105 101 90 89 88 82 89 82 78 90 0 74 76 83 73 87 72 66 73 58 108 106 104 52 68 76 89 77 74 77 67 74 73 49 61 66 71 66 59
110 4 117 104 119 118 110 125 127 108 113 79 91 42 100 127 100 106 119 29 49 70 -74 102 52 74 45 54 43 68 83 102 83 85 67 72 110 81 45 79 43 24 29 72 56 0 49 47 0 0 0 0 19 56 25 111 2 59 77 45 1 42 0 10 37 59 52 0 0 3 59 105 87 112 59 85 60 76 93 89 -22 67 56 107 85 125 110 89 104 110 104 116 84 97 102 35 123 82 102 102 0 94 89 91 0 76 77 73 66 72 73 77 76 74 70 79 14 2 73 58 58 61 81 66 77 79 76 67 64 70 67 71 9 73 67 62
102 71 124 102 122 124 104 122 111 118 95 118 73 74 104 50 81 74 71 74 112 88 24 101 45 77 82 76 49 66 38 60 64 81 68 50 60 81 95 50 36 0 0 68 84 0 85 0 4 50 66 0 107 62 41 55 12 21 0 38 22 36 0 35 0 0 4 61 54 3 0 0 21 66 55 127 125 123 93 54 104 21 102 -63 61 29 108 96 60 105 116 114 0 0 74 22 108 82 0 101 85 94 89 93 100 33 73 74 0 90 67 81 89 83 67 73 56 66 81 60 65 65 73 83 68 70 70 64 74 59 73 67 58 61 13 67
90 72 117 122 104 107 111 120 84 74 82 64 59 97 94 95 45 50 117 68 94 106 105 26 95 37 73 79 70 31 96 94 35 9 77 78 78 87 83 30 89 0 41 0 0 0 42 14 0 65 25 104 43 94 29 70 29 105 24 21 24 45 0 43 0 117 47 0 72 0 27 47 19 82 45 0 49 0 0 0 123 118 108 116 -1 65 20 53 119 110 117 122 50 113 91 110 124 122 119 56 91 64 94 83 93 78 81 54 0 76 74 87 82 78 68 82 62 59 66 65 67 72 72 71 78 76 78 73 81 65 70 66 58 61 61 54
94 95 94 111 105 55 83 117 81 50 78 106 78 79 94 44 102 113 53 77 39 52 36 52 54 65 84 52 43 77 96 36 42 0 0 59 48 62 49 59 90 8 72 64 0 0 18 0 48 37 35 52 61 31 54 127 37 37 8 29 12 78 52 50 0 0 105 53 0 0 22 37 82 85 94 119 64 39 104 95 9 78 0 0 65 88 117 58 89 112 0 0 124 49 107 90 83 102 93 100 90 53 94 82 81 88 88 85 79 0 71 82 81 74 68 72 64 64 73 67 67 72 72 65 71 70 67 70 60 79 77 68 61 56 61 61
96 91 38 0 110 119 41 116 93 99 90 36 89 67 71 59 52 39 99 73 82 64 87 0 0 37 33 61 83 60 104 36 48 2 30 33 81 32 58 87 88 0 0 0 0 0 1 89 8 0 7 18 49 73 127 87 65 77 0 39 39 84 37 26 58 50 64 31 58 31 66 66 48 87 99 0 0 0 0 32 47 38 110 91 87 13 0 0 0 0 93 39 70 96 95 113 120 89 94 84 97 89 83 85 87 77 81 73 84 74 68 48 84 61 70 76 73 72 67 70 72 71 70 70 67 68 65 65 64 83 62 74 45 58 61 43
19 110 56 117 106 108 0 8 94 112 90 67 82 33 37 64 22 47 30 56 81 72 0 0 71 94 74 67 41 99 90 74 107 2 0 0 108 101 0 0 0 0 14 0 0 19 0 60 0 3 94 78 95 24 122 54 20 0 32 0 53 31 0 45 30 42 6 0 35 106 61 49 100 29 7 127 70 0 124 62 84 33 97 82 83 85 72 87 42 36 58 101 64 55 107 81 84 113 83 91 90 88 94 78 87 88 77 -68 72 64 74 71 6 67 70 82 74 74 65 68 72 73 76 70 72 64 58 70 72 88 66 65 72 -72 53 59
97 104 106 127 97 47 78 0 15 68 58 49 58 52 67 48 47 29 48 52 93 0 37 0 0 96 85 52 47 35 73 76 99 0 84 47 0 0 21 26 26 70 0 0 47 49 0 0 95 50 62 65 83 0 90 24 44 0 58 43 0 32 67 35 67 15 0 0 45 127 67 84 88 44 47 0 73 100 54 74 83 29 88 85 110 74 101 112 127 117 65 84 101 125 94 99 77 97 111 93 110 85 95 107 0 77 74 77 62 53 62 41 13 30 77 72 72 74 71 66 70 74 73 79 78 84 77 74 68 70 67 64 79 66 70 -73
108 127 62 104 87 77 31 68 72 37 21 64 108 102 45 70 78 22 88 55 0 47 27 15 0 97 89 77 64 35 58 90 0 35 24 0 74 72 14 37 0 0 9 48 105 59 70 67 0 42 60 106 0 127 119 55 15 0 33 0 15 4 79 25 55 0 99 0 54 36 64 22 0 42 50 77 0 14 76 108 65 67 49 68 97 66 74 101 93 106 93 78 101 61 90 91 96 99 93 85 91 99 82 91 79 83 90 79 82 85 85 72 67 62 0 65 67 68 62 67 70 72 79 73 84 72 60 73 100 106 91 76 71 65 25 62
0 113 127 67 89 83 85 41 100 15 15 102 101 91 100 77 74 52 39 102 71 0 0 44 25 38 70 99 58 60 50 61 0 27 24 0 0 29 36 30 38 12 78 0 105 68 65 0 12 22 27 19 0 67 59 43 33 12 7 0 127 0 0 79 20 59 97 29 26 10 55 39 31 33 29 36 47 84 64 0 104 66 85 96 105 100 95 102 95 95 85 99 114 84 79 85 90 110 112 93 0 87 77 78 94 122 82 96 78 101 100 81 85 70 62 64 0 68 64 64 72 74 72 73 67 89 81 83 91 81 88 83 77 62 61 1
113 113 118 105 97 76 52 0 48 118 67 97 84 66 65 65 37 106 66 95 0 74 58 70 49 0 0 2 97 118 33 0 7 66 20 33 73 38 0 54 82 61 22 1 8 30 0 0 16 42 0 56 123 96 106 0 59 0 52 71 0 0 60 19 114 64 88 20 48 42 18 10 18 20 18 14 18 66 0 73 125 94 89 96 93 125 79 85 83 95 108 79 91 0 31 82 100 118 111 85 88 79 81 84 77 84 90 99 73 78 78 79 87 73 64 65 0 62 62 68 71 71 65 71 82 77 97 105 71 83 78 73 66 50 60 60
107 122 127 116 120 97 100 62 0 64 31 81 67 67 97 85 62 85 96 96 0 9 19 41 61 37 83 0 7 78 73 26 30 -1 88 77 59 26 8 43 0 36 13 52 20 31 58 0 62 0 12 119 42 71 48 15 47 0 95 36 77 84 0 94 118 6 99 12 14 10 4 8 9 8 7 7 14 0 0 89 127 74 105 81 114 124 97 111 89 90 117 79 27 127 123 119 71 127 82 78 76 0 71 77 72 68 74 73 74 71 73 66 70 81 79 61 61 59 60 68 70 70 62 62 61 62 64 61 66 73 67 72 68 10 66 45
127 88 89 87 68 85 77 58 83 49 82 96 58 77 0 45 93 112 0 0 7 94 71 29 89 123 88 68 76 -45 -42 6 -28 107 22 22 116 47 42 0 66 105 6 0 112 0 25 9 0 106 44 0 89 108 120 70 16 77 4 79 123 53 127 32 114 25 0 21 20 26 24 27 22 22 18 18 15 0 0 105 119 99 94 111 118 93 97 95 96 95 114 118 110 58 78 87 123 81 91 84 93 81 62 76 91 97 91 70 65 66 65 67 71 76 85 70 62 0 0 61 65 62 60 58 60 62 77 78 76 70 67 64 53 59 52 54
113 54 55 101 85 118 87 49 58 0 76 89 0 42 0 0 19 0 0 48 0 0 83 25 74 -117 0 25 105 0 0 105 72 -47 0 102 0 89 0 0 20 22 22 31 91 0 0 0 10 54 0 9 0 4 42 0 32 44 19 114 64 0 8 74 13 0 22 0 35 32 32 30 30 31 30 30 24 10 22 0 65 68 99 104 108 105 120 104 90 101 105 101 96 91 95 106 71 62 71 19 77 0 73 78 127 81 74 58 67 60 66 61 61 67 71 73 83 65 72 0 0 0 60 60 61 61 59 62 70 62 61 62 59 68 53 0
112 127 90 93 79 97 73 101 0 0 0 0 0 36 0 39 16 0 0 31 24 31 26 50 82 -32 59 43 83 90 0 9 85 0 62 49 25 66 105 127 87 0 83 30 24 32 29 110 127 -11 47 108 116 42 15 29 105 41 65 54 3 0 26 7 8 25 39 0 29 42 32 35 32 36 33 36 33 30 0 100 54 71 60 95 125 106 119 102 104 117 111 90 84 50 89 104 64 68 77 87 36 60 88 81 78 61 62 61 59 60 64 61 61 62 66 76 79 66 61 65 56 0 54 59 60 62 62 56 52 65 66 60 70 0 0 58
89 101 114 77 99 79 81 0 49 0 50 0 62 0 36 79 71 0 0 8 43 67 87 105 114 4 61 -67 68 106 0 49 27 0 29 76 93 99 85 105 0 48 60 8 97 0 0 12 37 -1 0 72 0 14 119 65 56 3 45 0 18 0 31 30 16 18 31 35 36 42 30 41 44 32 26 39 31 37 14 35 67 90 106 97 105 113 122 127 124 123 114 111 97 87 114 74 82 102 114 0 116 71 66 68 67 53 67 61 61 60 62 64 68 62 62 64 73 81 68 71 61 59 73 0 61 70 66 60 60 65 61 52 74 78 50 0
127 124 104 42 90 60 0 0 45 33 0 0 71 61 87 105 42 0 37 12 56 49 65 73 70 0 0 77 60 73 72 70 43 71 0 43 47 55 83 117 90 44 30 127 67 0 77 117 -1 60 0 68 74 81 35 2 27 0 14 8 19 12 10 21 26 0 33 39 31 33 37 33 14 0 -1 13 37 44 -1 0 0 90 108 124 113 113 93 118 127 107 114 116 95 70 89 96 127 0 0 90 112 85 64 61 54 61 32 61 68 71 62 64 67 60 61 67 66 73 84 76 76 61 58 76 60 61 0 60 0 0 43 61 61 64 0 0
90 53 60 53 105 76 53 0 9 31 66 81 36 70 35 30 38 0 32 62 74 66 108 64 54 56 27 68 55 59 56 54 50 59 64 29 32 52 55 64 49 -107 45 93 50 55 127 64 74 37 0 0 45 61 36 33 4 14 18 22 24 29 26 25 32 35 44 -128 42 37 37 37 31 0 -1 -1 -128 -128 -1 -1 -1 0 106 104 105 117 108 106 127 106 93 125 113 119 120 90 90 0 74 58 71 65 71 67 65 58 56 53 62 60 58 81 82 76 66 67 61 65 65 77 70 77 81 59 56 62 60 61 62 64 -74 65 59 62 64 0
35 62 38 93 59 55 35 42 0 59 19 67 20 0 12 74 62 101 0 66 58 55 60 55 56 50 12 50 48 41 44 38 36 35 43 27 33 37 29 36 36 42 19 26 59 14 0 0 27 0 102 47 67 76 64 58 27 21 26 31 31 30 32 35 35 45 30 18 37 37 37 37 -44 -1 -1 -1 90 -1 94 -1 0 42 112 99 101 108 112 116 114 0 114 118 112 84 113 79 58 0 20 62 62 61 70 72 71 59 68 35 62 58 61 73 71 72 65 65 70 85 116 117 85 73 62 62 62 60 60 60 61 68 67 -65 61 62 64 0
31 84 32 111 50 20 102 79 65 61 50 45 0 77 0 29 0 9 0 89 77 52 48 48 42 44 29 37 37 33 32 27 26 24 30 22 22 22 19 16 26 29 18 42 31 29 0 104 0 0 58 39 94 106 44 7 7 29 31 31 32 32 33 36 36 35 42 32 39 0 24 119 -1 -1 -1 -1 -1 -1 -1 -1 -1 0 105 117 107 106 104 104 82 112 0 105 117 116 89 66 81 0 77 33 67 62 70 62 72 70 62 60 62 65 60 67 68 64 62 62 66 84 95 100 99 127 81 77 71 62 60 61 60 61 64 61 55 38 58 0
111 122 45 16 87 73 93 73 42 32 68 0 0 30 44 4 95 44 36 61 58 36 36 33 30 25 19 8 20 25 19 20 15 14 12 10 9 9 14 13 13 9 12 21 19 42 -1 0 14 1 0 38 26 42 47 15 12 27 32 32 33 36 35 33 25 0 -1 20 0 91 -1 -1 -1 -1 -1 -1 -1 -1 26 60 78 95 112 0 124 100 116 116 0 104 104 27 0 0 88 65 100 0 73 -65 31 33 73 66 61 64 -67 49 24 52 64 60 67 61 62 66 72 79 87 82 108 104 120 119 96 67 64 60 59 61 64 62 66 65 61 68
91 94 61 35 111 125 85 77 84 90 0 0 25 45 18 72 72 1 52 52 94 43 31 24 24 24 22 19 12 15 15 15 12 9 8 0 10 10 12 10 10 12 10 8 8 8 18 10 0 15 7 0 15 12 0 29 3 32 32 32 35 35 36 42 37 -128 -108 -22 -1 -1 -1 -1 -1 -1 -1 -1 -1 -1 79 0 7 0 0 104 100 116 18 64 79 91 91 101 37 113 99 27 0 0 81 62 64 72 79 64 61 19 70 13 48 44 60 55 61 60 60 76 70 85 105 118 88 85 81 83 73 107 73 72 62 62 64 62 62 62 62 65
37 107 42 87 64 30 79 52 108 88 0 43 3 38 19 53 66 55 47 53 41 32 25 18 24 26 22 9 15 13 10 9 10 15 0 10 13 15 12 16 16 14 19 20 14 18 13 20 6 21 25 14 0 44 30 21 9 27 25 32 35 36 30 0 -1 -87 -1 -1 -1 -1 -1 -1 -1 -1 -1 -1 -1 -1 65 48 48 43 66 100 108 93 77 94 101 94 117 127 114 71 108 124 89 70 73 72 67 76 70 73 66 56 70 77 68 60 60 53 59 59 76 81 90 100 83 90 76 73 73 65 70 78 71 81 60 60 59 64 62 62 62 53
31 97 76 62 62 42 62 56 35 49 0 0 105 49 31 67 58 56 61 53 37 35 27 22 8 0 16 19 10 0 9 13 12 12 15 12 19 16 13 18 25 24 25 24 25 25 25 26 0 26 26 30 31 33 22 32 32 37 18 27 37 35 42 14 -128 -2 -1 -1 -1 -1 -1 -1 -1 -1 -1 -1 -1 -1 -1 61 97 93 82 94 61 127 -102 -1 31 90 104 111 118 116 95 107 97 88 81 78 74 77 104 72 58 71 61 79 84 77 71 58 59 54 59 60 64 83 78 76 97 93 94 60 74 89 84 59 70 61 61 61 60 56 61 60
59 117 113 76 79 61 100 60 96 76 0 0 19 102 78 71 50 42 45 32 26 29 22 16 9 16 13 13 15 0 10 14 14 19 15 15 26 0 26 21 22 27 25 26 29 27 20 9 31 0 30 32 32 33 38 33 35 36 2 38 32 42 43 0 -1 -1 -1 -1 -1 -1 -1 -1 -1 -1 -1 -1 -1 -1 -27 64 95 89 89 70 53 43 -1 -1 -1 66 101 84 111 50 90 113 89 90 79 87 81 71 77 70 91 81 91 91 90 71 66 67 54 24 54 61 59 60 60 59 72 84 66 65 102 79 93 71 60 62 61 61 62 62 64 60
52 81 72 67 54 107 77 101 0 50 8 0 0 30 38 64 59 49 32 21 14 15 14 13 14 10 13 9 10 12 20 -128 15 19 20 19 26 19 0 26 25 26 27 26 27 30 30 29 31 31 37 0 33 35 39 36 36 35 33 38 32 32 38 38 10 0 -1 -1 -1 -1 -1 -1 -1 -1 -1 -1 -1 -1 -1 66 72 89 104 101 61 107 -1 -1 -1 67 32 94 100 107 97 119 99 106 83 87 91 78 0 95 0 101 113 101 76 78 88 0 0 7 70 53 73 59 59 67 64 60 58 73 60 56 50 58 65 64 62 64 62 62 62 60
85 100 76 67 74 0 0 0 56 107 94 26 3 85 64 49 43 30 37 58 67 35 16 0 0 0 14 15 4 8 18 4 0 18 25 35 31 29 26 0 35 26 29 29 30 33 32 41 26 20 26 39 30 39 33 9 29 29 31 29 0 0 0 29 33 -1 -1 -1 -1 -1 -1 -1 -1 -1 -1 -1 -1 -1 -1 8 66 96 111 93 56 -1 62 -1 21 74 104 39 108 66 117 122 100 107 93 91 91 0 77 94 96 82 89 76 62 87 91 67 71 68 78 72 0 0 0 0 56 58 59 62 60 0 59 0 53 59 62 55 59 61 62 62
89 59 84 87 91 0 0 0 60 0 32 25 38 97 61 56 13 64 58 60 55 53 43 59 13 10 0 10 13 0 0 14 9 7 14 30 20 0 36 37 30 0 32 26 32 31 32 35 32 32 15 -108 31 47 38 32 36 37 38 31 38 32 36 31 37 2 -1 -1 -1 -1 -1 -1 -1 -1 -1 -1 -1 -1 105 21 64 74 90 74 94 -1 -1 -12 56 55 55 -1 -86 113 123 112 97 116 104 114 97 85 93 85 95 102 52 88 54 88 73 93 102 108 108 78 64 58 65 58 66 72 91 0 71 61 61 0 62 68 0 0 0 71 62 62
105 56 78 77 81 0 0 48 64 42 33 42 95 60 61 41 59 58 64 50 42 20 43 41 43 36 0 0 0 8 7 42 33 55 6 15 13 22 24 26 27 0 26 50 31 33 32 21 30 36 33 31 30 33 26 36 35 35 30 39 35 42 0 0 37 -92 0 -1 -1 -1 -1 -1 -1 -1 -1 -1 -1 -1 -1 -1 67 82 73 -73 70 -1 -1 -1 -81 0 62 -1 44 72 96 120 116 105 118 112 106 0 99 102 105 76 0 73 67 76 76 60 82 105 127 110 79 62 55 35 60 81 67 64 58 61 79 70 61 56 52 65 67 24 0 62
30 42 37 0 90 50 0 36 0 0 26 97 71 64 59 53 0 52 56 33 36 30 27 36 14 7 10 4 20 7 19 52 81 94 58 56 21 18 9 19 25 26 25 0 35 0 29 31 36 33 30 0 20 38 42 0 43 35 36 0 42 31 32 0 39 0 0 -61 -1 -1 -1 -1 -1 -1 -1 -1 -1 -1 -1 -1 -1 68 64 56 -1 -1 -1 -82 -56 -1 -1 -18 -1 106 102 104 119 127 107 119 101 0 84 96 101 100 48 94 93 77 83 78 64 72 81 108 94 84 64 42 74 71 74 65 60 81 72 70 71 62 66 54 67 0 20 61
61 62 43 56 49 61 0 25 56 62 19 87 72 61 55 52 56 60 64 58 22 0 0 0 0 8 7 14 29 58 0 83 88 104 77 30 49 45 26 19 9 22 30 27 33 30 39 37 36 30 36 33 35 37 35 0 37 0 35 24 37 38 38 33 22 48 0 -1 -1 -1 -1 -1 -1 -1 -1 -1 -1 -1 -1 -1 -1 62 55 99 -1 -1 97 47 -1 -1 -1 -1 31 56 88 114 116 127 85 104 108 0 81 102 71 64 105 72 93 91 95 83 71 68 77 87 82 61 76 71 84 72 67 71 79 74 39 96 81 77 76 65 43 0 67 62
82 84 38 58 54 58 95 59 54 0 18 91 72 62 61 29 59 61 65 61 36 10 20 42 13 10 13 22 26 47 76 68 90 67 58 29 100 68 83 61 43 25 16 0 24 29 30 32 31 32 32 32 33 33 2 26 31 30 -68 27 0 32 22 37 44 -1 61 -1 -1 -1 -1 -1 -1 -1 -1 -1 -1 -1 -1 -1 -1 -1 50 -1 -1 -1 -1 70 -1 -1 -1 -1 -1 100 112 105 114 114 114 117 107 116 89 91 125 110 99 118 111 107 88 64 100 91 76 84 84 21 84 89 87 84 77 74 68 83 0 74 114 104 21 64 59 62 64 64
42 83 55 54 61 54 83 62 61 35 0 54 60 52 49 61 61 74 47 68 20 47 38 50 33 27 19 49 72 49 85 100 124 79 100 104 116 101 119 79 79 42 0 13 21 24 30 30 30 31 33 48 22 31 29 0 29 41 36 32 24 35 30 30 -121 -1 99 -1 -1 -1 -1 -1 -1 -1 -1 -1 -1 -1 -1 -1 -1 -1 -1 -1 -1 104 -1 62 97 -1 61 26 67 48 89 111 110 117 84 95 102 0 118 21 119 101 114 123 112 114 99 76 93 94 95 91 52 78 83 89 90 87 84 74 88 74 81 106 93 93 73 93 96 83 64 67
59 59 65 91 56 67 81 68 74 0 14 0 127 62 61 64 62 68 55 2 27 82 61 81 50 22 42 47 53 60 111 90 0 89 107 45 123 72 83 55 84 49 29 38 15 7 14 25 22 29 30 29 32 35 0 35 35 27 49 37 39 38 35 38 35 -1 -1 -1 -1 -1 -1 -1 -1 -1 -1 -1 -1 -1 -1 -1 -1 -1 -1 -1 -1 -1 95 -1 -1 -1 -1 -1 13 105 74 106 127 120 112 102 112 111 127 60 99 117 105 127 85 102 120 101 77 82 105 122 95 70 88 112 102 108 94 83 31 29 4 78 71 74 89 88 116 96 81 82
53 36 53 42 72 59 76 95 0 24 4 67 0 67 73 68 73 67 67 83 83 14 62 20 65 60 39 94 87 87 114 95 87 81 91 106 54 30 107 64 7 47 97 68 33 31 13 8 24 26 29 29 32 32 29 35 35 35 4 9 42 37 38 -116 0 -1 -1 -1 -1 -1 -1 -1 -1 -1 -1 -1 -1 -1 -1 -1 -1 -1 -1 -1 -1 -37 -42 -21 -83 -1 -1 -86 -1 71 102 114 116 122 112 90 107 116 102 116 22 88 122 107 100 89 81 73 101 127 125 117 81 113 85 105 101 107 107 72 84 85 77 120 85 61 100 94 123 90 93 43
95 60 70 59 56 48 79 83 0 47 60 102 55 76 84 79 77 85 37 94 93 49 119 58 82 78 53 4 123 24 127 22 43 102 0 54 106 70 122 124 -40 127 71 68 81 83 35 38 54 12 19 0 29 25 15 31 35 36 52 26 43 26 38 -1 -110 -1 -1 -1 -1 -1 -1 -1 -1 -1 -1 -1 -1 -1 -1 -1 -1 -1 -1 -1 -1 -1 -60 55 -1 -1 -1 -1 24 -98 71 113 99 124 118 112 105 124 105 68 105 30 108 117 111 127 68 124 96 56 122 106 14 107 127 90 104 101 49 101 88 122 107 90 105 68 74 84 90 88 114 91
85 72 78 99 65 72 93 9 0 52 3 20 42 64 84 82 79 85 82 118 25 89 54 84 53 0 71 0 41 66 105 105 125 30 100 82 78 73 14 76 116 72 91 88 55 102 64 62 35 50 6 0 20 20 19 26 30 33 36 37 35 42 27 48 30 -1 -1 -1 -1 -1 -1 -1 -1 -1 -1 -1 -1 -1 -1 -1 -1 -1 -1 -1 -1 -1 -1 84 -1 -1 -1 -1 7 3 50 97 101 118 122 106 118 124 118 105 52 0 96 87 119 90 120 105 88 127 125 113 87 106 122 87 118 108 94 88 100 94 -31 83 106 79 70 78 97 107 114 95
123 97 107 52 87 97 99 67 0 38 44 68 79 107 99 90 85 65 -77 97 97 67 83 95 95 87 110 3 42 49 22 41 60 88 15 26 53 91 74 44 16 100 12 59 97 114 85 90 95 72 81 15 18 33 0 19 19 26 29 33 35 35 33 32 42 68 -1 -1 -1 -1 -1 -1 -1 -1 -1 -1 -1 -1 -1 -1 -1 -1 -1 -1 -1 -1 -1 -1 -1 -1 -1 -1 -1 20 -21 -73 88 100 111 118 122 82 125 84 118 110 114 101 83 93 41 102 127 104 76 91 81 38 96 90 99 108 102 116 127 93 83 29 90 89 107 95 83 84 93 83
114 91 56 101 93 107 91 0 3 45 9 53 118 107 105 96 95 95 66 37 104 97 72 105 10 36 0 99 -1 0 38 12 58 45 3 62 47 76 35 77 0 78 71 99 93 112 82 100 123 89 81 102 71 9 37 38 48 22 31 32 33 35 36 42 37 -1 -1 -1 -1 -1 -1 -1 -1 -1 -1 -1 -1 -1 -1 -1 -1 -1 -1 -1 -1 -1 -1 -1 -1 94 -1 -82 -1 -27 60 -1 79 66 90 122 118 120 127 104 74 0 95 105 111 91 85 60 119 82 125 72 110 1 88 100 102 123 97 93 85 102 105 95 89 108 113 111 104 100 89 94
110 62 87 60 60 41 54 45 0 55 0 2 13 127 118 107 118 108 117 100 -75 73 72 58 15 0 -6 -20 -40 -51 -1 -1 0 0 71 127 73 67 81 93 26 83 0 48 114 8 108 39 85 127 44 118 67 0 96 67 54 54 0 10 30 33 35 36 38 27 100 -1 -1 -1 -1 -1 -1 -1 -1 -1 -1 -1 -1 -1 -1 -1 -1 -1 -1 -1 -1 -1 -1 -1 -1 -1 -1 -1 -1 61 -36 0 65 95 93 117 91 127 106 74 79 125 125 119 110 101 104 106 127 111 100 123 118 113 112 100 64 119 113 113 108 127 111 111 112 108 89 127 107 95
71 90 61 24 35 70 81 41 0 48 32 3 35 87 64 35 97 88 94 -77 102 83 106 0 -41 -30 -37 -75 -13 -21 -27 -39 -6 -1 26 88 65 67 0 21 36 27 44 2 42 35 85 24 45 0 96 54 79 97 102 110 31 42 26 38 21 33 32 35 33 0 -1 -1 -1 -1 -1 -1 -1 -1 -1 -1 -1 -1 -1 -1 -1 -1 -1 -1 -1 -1 -1 -1 -1 -1 -98 -1 -1 -21 -1 13 -82 -68 -63 65 89 119 102 124 117 107 0 127 96 114 110 83 78 108 113 118 120 55 106 93 81 70 102 79 93 123 91 101 97 105 119 113 125 94 87 107
83 123 111 72 56 67 70 82 52 0 0 0 33 29 66 76 54 0 33 68 38 71 61 24 -32 -39 -51 -83 -16 -34 -49 -20 -26 -31 -1 -1 67 68 15 0 3 27 43 72 43 49 82 21 41 125 78 26 114 97 111 85 77 81 45 20 38 18 30 31 31 36 -42 -1 -1 -1 -1 -1 -1 -1 -1 -1 -1 -1 -1 -1 -1 -1 -1 -1 -1 -1 -1 -1 -1 -1 -1 -1 -69 -1 -1 -1 71 81 60 -93 71 61 72 64 106 100 107 102 106 97 104 102 123 97 105 107 107 127 19 110 110 110 111 120 107 113 105 118 110 108 127 74 117 114 127 113
68 96 96 85 68 85 39 55 44 50 84 0 0 0 0 72 18 12 14 20 87 0 0 -79 -55 -50 -36 -50 -35 -31 -18 -9 -13 -8 -35 -1 0 93 41 41 54 107 60 54 58 108 66 19 0 32 59 95 113 67 24 95 81 22 77 68 38 13 30 6 25 35 18 -1 -1 -1 -1 -1 -1 -1 -1 -1 -1 -1 -1 -1 -1 -1 -1 -1 -1 -1 -1 -1 -1 -1 -1 -1 -65 0 -1 -20 65 64 73 64 88 108 73 94 117 101 105 88 120 104 61 82 105 79 83 101 111 107 89 100 95 116 122 104 97 104 91 84 64 94 97 113 116 101 8 82
110 125 78 79 36 54 90 88 83 72 85 29 85 61 53 110 0 16 79 25 35 0 -1 -47 -37 -42 -41 -60 -59 -13 -20 -14 -11 -8 -6 -6 -13 83 0 0 3 0 102 22 19 39 43 84 59 26 52 118 0 105 84 99 108 107 106 73 13 77 2 45 37 9 27 41 -1 -1 -1 -1 -1 -1 -1 -1 -1 -1 -1 -1 -1 -1 -1 -1 -1 -1 -1 -1 -1 -1 -1 -1 -1 24 -1 37 -59 64 62 81 91 104 100 83 83 94 83 108 0 119 81 100 91 116 104 116 96 87 110 125 107 105 93 116 99 107 106 114 105 101 107 110 127 45 96 110
107 82 97 89 64 104 100 71 66 68 81 48 84 59 76 31 20 39 88 64 59 0 -37 -25 -34 -31 -63 -47 -39 -23 -17 -12 -9 -17 -6 -4 -4 96 90 -1 -1 26 64 84 74 49 12 120 93 64 94 110 53 53 47 88 106 117 41 114 87 87 49 26 66 24 14 10 -65 108 -1 -1 -1 -1 -1 -1 -1 -1 -1 -1 -1 -1 -1 -1 -1 -1 -1 -1 -1 -1 -1 -1 -1 -39 -1 -1 -1 54 59 64 82 97 90 84 61 52 88 118 56 62 117 123 101 105 94 14 105 90 101 112 96 78 112 99 127 107 113 119 108 65 89 117 119 108 95 111
127 87 112 106 54 85 120 94 67 64 73 105 127 73 60 0 67 89 91 25 56 0 -31 -34 -21 -16 -46 -64 -36 -20 -7 -14 -7 -9 -3 -3 -2 -4 -1 -1 -1 -1 -107 0 89 26 42 68 49 50 0 54 54 43 50 35 53 110 53 62 118 106 82 101 90 56 0 0 12 33 -20 -1 -1 -1 -1 -1 -1 -1 -1 -1 -1 -1 -1 -1 -1 -1 -1 -1 -1 -1 -1 -1 -1 -1 -1 -1 -1 49 66 72 76 72 62 78 65 97 110 110 117 104 0 127 119 85 97 71 114 111 108 95 95 114 91 84 117 125 110 97 72 61 97 90 102 116 114 102
85 78 105 7 110 122 114 125 127 82 68 122 82 79 0 29 42 35 32 19 -1 -25 -17 -14 -77 -77 -87 -39 -18 -42 -35 -32 -60 -35 -4 -1 -2 -1 -1 -1 -1 -1 -1 15 24 2 10 0 4 44 29 21 106 106 74 102 25 102 42 125 104 77 35 45 68 72 0 0 3 0 16 0 -1 -1 -1 -1 -1 -1 -1 -1 -1 -1 -1 -1 -1 -1 -1 -1 -1 -1 -1 -1 -1 -20 -1 45 95 -87 -1 -1 66 59 65 82 93 100 100 127 101 104 0 83 127 82 108 74 95 112 102 102 120 101 72 79 81 100 123 99 -7 100 84 91 108 116 112 104
102 65 97 82 91 91 102 119 104 110 71 77 93 73 0 50 79 0 0 -1 -9 -45 -23 -46 -107 -65 -84 -35 -28 -31 -14 -34 -44 -18 -11 -1 -2 -1 -2 -1 -1 -1 -1 -1 39 43 31 39 35 29 0 0 30 19 43 65 14 113 0 101 122 77 70 123 58 122 123 50 39 0 30 13 16 66 -1 -1 -1 -1 -1 -1 -1 -1 -1 -1 -1 -1 -1 -1 -1 -1 -1 -1 -1 -1 -1 -1 -1 -74 -1 -11 -94 58 50 65 -120 88 107 93 105 95 96 108 0 123 125 84 99 101 102 84 65 97 112 111 97 107 111 110 117 108 113 102 78 120 116 113
110 72 29 114 102 95 88 110 108 110 64 73 96 65 -128 -122 -1 -16 -47 -8 -40 -70 -105 -60 -45 -103 -39 -34 -30 -51 -83 -39 -44 -12 -9 -6 -1 -2 -1 -1 -1 -1 -1 29 29 58 30 32 15 22 0 0 0 0 2 0 65 62 27 71 101 108 24 0 111 68 47 27 29 39 72 0 0 0 -1 -1 -1 -1 -1 -1 -1 -1 -1 -1 -1 -1 -1 -1 -1 -1 -1 -1 -1 -18 -1 -1 -1 -27 -1 -1 -1 49 -128 79 72 93 91 101 111 88 99 100 0 127 120 127 99 95 83 91 105 127 117 125 64 66 127 113 89 107 100 102 105 117 99 124
119 117 124 97 119 91 107 93 66 59 71 82 20 -60 -42 -40 -89 -60 -47 -75 -94 -88 -59 -61 -50 -50 -51 -68 -87 -73 -49 -50 -28 -56 -32 -18 -4 -9 -11 -1 -1 -1 -1 -1 21 29 19 42 0 0 0 24 2 48 24 106 0 85 52 45 82 74 0 112 117 0 85 74 89 52 78 0 21 1 4 -1 -1 -1 -1 -1 -1 -1 -1 -1 -1 -1 -1 -1 -1 -1 -1 -1 -1 -1 -1 -1 -1 -1 91 -1 -1 -1 -100 -83 74 102 81 104 107 111 97 93 97 53 60 106 58 95 99 90 105 91 118 56 93 68 105 82 65 122 81 71 79 104 95 88
112 105 119 122 102 89 107 66 93 55 20 -87 -61 -53 -64 -14 -69 -92 -72 -79 -65 -53 -69 -51 -51 -51 -49 -56 -53 -44 -37 -27 -27 -18 -11 -13 -11 -8 -11 -1 -1 -1 -1 0 37 37 26 0 14 13 18 36 26 38 45 52 30 83 65 74 119 90 66 44 7 71 0 37 45 27 26 31 24 19 14 10 -1 -1 -1 -1 -1 -1 -1 -1 -1 -1 -1 -1 -1 -1 -1 -1 -1 -18 -1 -1 -1 -1 -1 -1 -82 -1 -1 8 83 66 82 97 107 116 89 88 107 106 105 123 108 122 123 87 106 95 77 108 64 97 107 71 95 90 96 96 13 81 107 43
106 91 114 117 104 87 90 74 68 91 72 -47 -32 -64 -93 -78 -97 -54 -50 -55 -46 -50 -53 -51 -49 -51 -51 -55 -53 -44 -42 -35 -21 -17 -25 -1 -11 -6 -2 -1 -1 -1 -1 -1 30 32 29 21 30 30 15 20 18 56 93 96 38 30 83 81 95 55 82 39 9 18 102 55 94 100 67 30 35 4 41 9 27 0 0 90 -1 -1 -1 -1 -1 -1 -1 -1 -1 -1 -1 -1 -1 -1 -1 -1 -1 -1 -1 -1 -8 -1 -1 -1 81 81 95 119 122 97 97 89 101 122 108 0 112 100 123 100 96 66 93 127 84 95 100 97 76 64 83 88 94 104 0 127
72 91 90 81 59 93 91 55 -34 -40 -63 -60 -55 -74 -46 -45 -50 -70 -63 -53 -45 -47 -73 -53 -55 -55 -49 -49 -44 -40 -35 -26 -51 -32 -9 -1 -8 -4 -1 -1 -1 -1 -1 -1 39 14 27 6 6 14 52 18 31 74 65 87 42 22 53 47 58 102 62 60 64 0 0 66 82 79 67 79 18 30 16 0 18 0 8 -1 -1 -1 -1 -1 -1 -1 -1 -1 -1 -1 -1 -1 -1 -23 -1 -1 -1 -1 -1 -1 -1 -1 -1 -1 54 52 38 -41 -1 58 95 111 88 100 123 18 54 117 117 118 81 122 9 65 67 73 74 106 90 93 89 105 122 43 77 0
74 76 76 60 70 71 65 49 0 -78 -56 -65 -74 -56 -47 -45 -53 -49 -49 -51 -55 -47 -53 -50 -51 -50 -50 -50 -47 -41 -44 -41 -22 -8 -21 -7 -4 -12 -3 -1 -1 -1 -1 -1 0 50 14 79 18 14 26 99 15 29 73 77 90 48 52 89 39 74 44 4 0 66 81 127 82 59 65 65 81 21 19 33 25 22 13 0 -1 -1 -1 -1 -1 -1 -1 -1 -1 -1 -1 -1 -1 -1 -1 -1 -1 -1 -1 -1 -1 -1 -1 -1 -1 0 93 -1 -6 91 -96 99 73 84 102 99 83 96 118 102 91 84 56 106 71 107 110 37 -37 127 106 93 102 0 113 0
89 74 59 72 85 72 -82 -44 -40 -54 -69 -78 -45 -54 -50 -50 -49 -46 -55 -55 -50 -53 -50 -50 -50 -50 -53 -47 -40 -39 -37 -26 -16 -31 -4 -11 -9 -11 -1 -1 -1 -1 -1 -1 -1 0 83 68 16 77 89 55 33 56 65 61 67 59 59 60 100 91 0 71 50 60 72 111 78 56 79 55 74 79 70 12 31 19 3 0 -1 -1 -1 -1 -1 -1 -1 -1 -1 -1 -1 -1 -1 -25 -1 -1 -1 -1 -1 -1 -1 -1 -1 -1 -1 -1 0 -1 91 -1 -1 -1 24 56 79 117 114 0 81 84 93 82 83 105 93 96 90 78 50 71 72 76 108 42 89 99
95 79 62 70 52 58 -34 -69 -96 -37 -75 -67 -56 -64 -60 -55 -50 -49 -47 -51 -54 -50 -53 -51 -49 -49 -59 -58 -46 -44 -39 -36 -25 -14 -8 -4 -6 -4 -20 -1 -1 -1 -1 -1 -1 -1 18 4 8 15 27 64 38 101 74 55 47 38 94 62 54 26 72 0 58 16 44 79 53 87 76 65 44 89 93 48 31 0 10 15 -1 -1 -1 -1 -1 -1 -1 -1 -1 -1 -1 -1 -1 -1 -1 -1 -1 -1 -1 -1 -1 -1 -1 -1 -1 -1 -1 -1 2 0 96 78 0 -1 -1 102 116 88 91 94 91 89 84 59 127 62 104 99 97 77 65 81 85 88 22 0
78 127 74 53 0 -1 -20 -70 -50 -89 -61 -54 -53 -53 -56 -55 -51 -51 -54 -50 -50 -50 -50 -50 -50 -49 -50 -46 -42 -42 -36 -31 -23 -11 -1 -12 -1 -7 -1 -2 -1 -1 -1 -1 -1 -1 18 26 82 42 71 44 58 42 47 47 53 67 62 65 54 104 113 0 61 0 113 89 73 84 84 67 79 87 71 25 43 0 8 30 -1 -1 -1 -1 -1 -1 -1 -1 -1 -1 -1 -1 -1 -21 -1 -1 -1 -1 -1 -1 -1 -1 -1 -1 -1 -1 -1 91 -1 25 94 111 90 -61 -1 74 91 101 83 65 96 74 97 32 106 93 106 119 101 78 90 84 64 0 104 0
65 93 82 62 59 58 -16 -70 -61 -63 -51 -51 -56 -58 -55 -58 -58 -56 -51 -49 -51 -51 -54 -50 -50 -51 -49 -55 -44 -42 -42 -36 -23 -11 -1 -1 -7 -12 -1 -1 -1 -1 -1 -1 -1 -1 -1 16 25 81 114 76 61 73 43 52 35 49 79 52 58 66 0 37 101 61 0 106 62 93 104 119 53 61 94 77 58 32 19 0 14 -1 -1 -1 -1 -1 -1 -1 -1 -1 -1 -1 -1 -1 -1 -1 -1 -1 -1 -1 -1 -1 -1 -1 -1 -1 -1 -1 -1 104 26 71 -1 -1 -1 -1 67 95 99 0 58 78 76 53 85 116 99 108 114 90 104 104 93 0 56 83
60 72 42 39 -110 -37 -70 -77 -63 -65 -59 -55 -56 -54 -55 -54 -55 -53 -54 -50 -50 -49 -51 -50 -51 -50 -51 -47 -49 -44 -36 -31 -18 -7 0 -1 -13 -2 -1 -1 -1 -1 -1 -1 -1 -1 32 78 48 106 124 105 61 93 77 36 45 59 91 55 52 58 -1 0 39 79 31 55 96 96 61 66 54 101 43 67 68 18 49 24 8 -1 -1 -1 -1 -1 -1 -1 -1 -1 -1 -1 -1 -31 -1 -1 -1 -1 -1 -1 -1 -1 -1 -1 -1 -1 -1 -1 -1 38 105 -96 -1 -1 -1 -1 -1 56 93 0 73 59 33 100 93 102 94 122 110 101 116 102 43 117 60 85
-1 -1 -45 -3 -40 -18 -37 -54 -64 -50 -58 -58 -58 -51 -53 -53 -51 -51 -51 -50 -50 -50 -50 -51 -51 -51 -54 -49 -46 -59 -45 -31 -20 -7 -1 -1 -32 -4 -1 -1 -1 -1 -1 -1 -1 -1 -1 82 12 20 65 68 70 71 66 24 31 60 74 76 59 20 64 -1 35 50 36 37 79 101 111 0 89 93 95 85 85 47 41 36 58 21 -1 -1 -1 -1 -1 -1 -1 -1 -1 -1 -1 -1 -1 -1 -1 -1 -1 -1 -1 -1 -1 -1 -1 -1 -1 -1 -1 -1 -1 106 -1 -1 -1 -1 -1 -1 -1 67 74 0 55 90 65 68 105 113 108 93 53 101 70 94 90 97
-1 -1 -1 -91 -1 -1 -55 -82 -56 -58 -54 -59 -59 -53 -53 -51 -53 -53 -51 -53 -51 -53 -53 -51 -51 -50 -50 -49 -47 -41 -37 -47 -42 -1 -1 -1 -78 -1 38 -1 -1 -1 -1 -1 -1 -1 25 32 14 25 58 117 90 58 58 60 79 71 65 91 71 0 61 47 37 66 25 44 55 97 99 122 114 116 94 81 71 83 64 43 13 -1 -1 -1 -1 -1 -1 -1 -1 -1 -1 -1 -1 -34 -1 -1 -1 -1 -1 -1 -1 -1 -1 -1 -1 82 41 -1 -1 -1 -1 -1 -1 -1 -1 -1 -1 -1 104 84 49 0 65 62 79 7 111 99 93 113 112 100 27 102 104 73
-1 -26 -45 -88 -102 -111 -102 -96 -63 -51 -53 -50 -53 -53 -53 -53 -51 -51 -51 -51 -51 -51 -50 -51 -51 -50 -49 -50 -51 -53 -37 -28 -68 -1 79 -1 -12 0 -23 -1 -1 -1 -1 -1 -1 -1 15 32 2 26 38 24 14 24 19 15 25 59 88 65 117 43 78 81 96 49 0 95 43 52 106 85 101 113 77 50 82 70 100 44 25 13 -1 -1 -1 -1 -1 -1 -1 -1 -1 -1 -1 -1 -1 -1 -1 -1 -1 -1 -1 -1 -1 -1 -1 -1 -1 -1 -1 -1 -1 0 22 -1 -1 -2 25 -23 88 -1 50 73 0 100 88 73 114 104 90 102 114 97 89 111 72 94
-101 -121 -84 -91 -77 -70 -49 -46 -51 -56 -55 -51 -54 -53 -51 -51 -51 -51 -51 -51 -51 -51 -51 -51 -51 -49 -50 -44 -35 -35 -37 -22 -17 -1 67 -1 -3 0 -1 -1 -1 -1 -1 -1 -1 -1 -1 -1 0 14 30 31 10 22 55 41 64 105 88 88 39 54 82 73 64 20 77 70 47 44 30 79 49 95 12 29 112 96 33 25 13 0 -1 -1 -1 -1 -1 -1 -1 -1 -1 -1 -1 -30 -1 -1 -1 -1 -1 -1 -1 -1 -1 -1 -1 -1 -1 -1 -1 -1 -1 -32 67 76 -64 33 8 -1 16 9 -1 0 0 81 76 25 114 112 110 122 0 108 112 94 89 81
-72 -60 -50 -58 -60 -55 -51 -50 -51 -51 -54 -51 -53 -51 -53 -50 -51 -51 -51 -51 -51 -51 -51 -51 -51 -50 -44 -44 -47 -25 -21 -25 -46 -1 94 20 -6 -12 -14 -4 -1 104 -1 -1 -1 0 -1 -1 -1 25 70 24 15 44 18 4 89 111 60 76 83 56 55 96 94 73 26 84 72 52 91 79 45 93 64 0 73 90 49 3 0 45 0 -1 -1 -1 -1 -1 -1 -1 -1 -1 -1 -1 -1 -1 -1 -1 -1 -1 -1 -1 -1 -1 -1 -1 -1 -1 -1 -1 -1 -1 -1 -1 -1 -1 -1 -1 -1 104 42 78 -119 78 0 79 74 114 110 93 104 97 111 122 105 102
-49 -50 -50 -58 -51 -50 -51 -51 -56 -56 -55 -53 -53 -53 -51 -51 -51 -51 -51 -51 -51 -51 -51 -51 -47 -42 -44 -32 -26 -9 -1 -7 -35 0 79 -32 -7 -11 -14 -1 -1 73 43 1 35 -1 -1 -1 -122 0 9 35 35 30 16 87 64 84 88 77 105 45 44 85 74 14 45 78 71 54 102 99 95 110 94 73 58 84 19 72 21 15 -1 -1 -1 -1 -1 -1 -1 -1 -1 -1 -1 -30 -1 -1 -1 -1 -1 -1 -1 -1 -1 -1 -1 -1 -1 -1 -1 -1 -1 -1 -1 -1 -1 -1 -1 -1 0 -1 84 -1 -42 22 102 39 85 52 110 100 119 113 107 107 58 117
-51 -53 -54 -51 -51 -50 -51 -50 -51 -51 -53 -51 -50 -53 -51 -51 -51 -51 -51 -51 -51 -53 -51 -51 -49 -41 -32 -23 -11 -13 -1 -1 -63 -1 102 -1 -4 -8 0 -4 -1 -1 0 -128 -1 0 -1 -1 -1 -1 -1 38 35 26 56 68 65 113 70 84 85 76 61 2 55 0 64 38 100 85 112 90 25 83 79 0 13 48 100 54 54 44 0 96 -1 -1 -1 -1 -1 -1 -1 -1 -1 -1 -1 -1 -1 -1 -1 -1 -1 -1 -1 -1 -1 -1 -1 -1 -1 -1 -1 -1 -1 -27 -83 -1 -1 -1 -1 -1 -83 7 -1 105 -68 82 0 94 82 65 113 91 107 123 87 105
-50 -53 -53 -51 -51 -50 -50 -50 -51 -51 -53 -51 -51 -51 -53 -54 -53 -53 -53 -53 -56 -51 -51 -49 -42 -23 -32 -1 -1 -1 0 76 77 76 54 -1 -8 -11 -18 -11 -1 -1 -1 -1 -1 -1 -1 -1 -1 -1 -1 21 36 26 67 27 25 41 77 0 53 0 101 0 31 70 79 66 96 111 71 27 59 87 27 71 25 49 107 72 78 55 3 91 -1 -1 -1 -1 -1 -1 -1 -1 -1 -27 -1 -1 -1 -1 -1 -1 -1 -1 -1 -1 -1 -1 -1 -1 -1 -1 -1 -1 -1 -1 -1 -1 -1 -1 -1 -1 -1 -1 -1 -1 -1 -12 56 0 91 4 120 83 90 96 125 82
-50 -51 -50 -51 -51 -53 -53 -51 -51 -53 -53 -51 -53 -53 -53 -53 -53 -53 -51 -56 -59 -50 -51 -49 -45 -27 -1 -1 107 85 67 71 102 60 52 -93 -1 -14 -4 -4 -17 -1 -1 -1 -1 -1 -1 -1 -1 -1 -1 -1 -1 1 3 12 37 65 56 38 76 -1 116 58 0 119 90 7 32 88 59 87 68 0 71 104 82 0 118 58 35 48 10 7 -1 -1 -1 -1 -1 -1 -1 -1 -1 -1 -1 -1 -1 -1 -1 -1 -1 -1 -1 -1 -1 -1 -1 -1 -1 -1 -1 -1 -1 -1 -1 -1 -1 -1 -1 -1 -1 -1 -1 -1 -1 -1 -1 -84 127 116 10 0 105 89 101 111
-54 -51 -50 -53 -51 -53 -51 -51 -54 -51 -51 -53 -53 -53 -53 -53 -53 -51 -55 -58 -55 -51 -51 -47 -40 -1 -1 65 78 120 101 94 83 85 65 45 -1 -17 0 -9 -16 -1 -1 -1 -1 -1 -1 -1 -1 -1 -1 -1 0 32 22 18 49 31 62 99 0 60 76 26 0 67 59 3 38 84 56 44 106 36 37 48 15 101 90 72 55 42 53 6 -1 -1 -1 -1 -1 -1 -1 -1 -1 -30 -1 -1 -1 -1 -1 -1 -1 -1 -1 -1 -1 -1 -1 -1 -1 -1 -1 -1 -1 -1 -1 -1 -1 -1 -1 -1 -1 -1 -1 -1 -1 -1 -1 -1 74 67 66 73 89 111 127 111
-51 -50 -49 -51 -50 -50 -51 -53 -53 -51 -51 -53 -53 -53 -53 -53 -53 -51 -53 -51 -54 -53 -58 -54 -36 -12 -1 77 87 70 64 64 66 100 123 61 -1 -16 -21 -8 -13 -1 -1 -1 -1 -1 -4 -4 -1 -1 -1 -1 -1 -1 45 7 20 15 37 47 60 55 58 67 48 0 0 41 42 97 73 96 61 59 0 76 83 73 2 104 122 70 52 4 24 0 -1 -1 -1 -1 -1 -1 -1 -1 -1 -1 -1 -1 -1 -1 -1 -1 -1 -1 -41 -1 -1 -1 -1 -1 -1 -1 -1 -1 -1 -7 -12 -20 -20 -16 -7 -2 -9 -11 -7 -3 -1 -1 -1 -1 0 96 113 16 116 122
-50 -50 -50 -51 -51 -53 -53 -51 -54 -51 -51 -53 -53 -53 -53 -53 -53 -51 -53 -56 -51 -59 -51 -50 -7 -1 48 95 88 108 101 119 88 89 96 58 -2 -23 -28 -12 -1 -1 -1 -6 -30 -9 -6 -1 -1 -1 -1 -1 6 -3 29 24 0 16 18 22 25 33 65 101 64 68 27 71 27 36 78 91 0 0 96 112 30 71 21 1 26 87 45 21 12 0 -1 -1 -1 -1 -1 -1 -1 -23 -1 -1 -1 -1 -1 -1 -1 -1 -1 -1 0 -1 -1 -1 -1 -1 -1 -1 -1 -1 -18 -27 -26 -28 -27 -22 -30 -31 -28 -28 -25 -23 -12 -8 -1 -1 0 -107 79 76 96 101
-50 -50 -50 -50 -51 -51 -51 -53 -53 -53 -54 -54 -54 -53 -53 -53 -54 -55 -56 -61 -53 -51 -51 -49 -35 -4 53 106 118 56 70 118 127 127 120 110 -1 -30 -17 -22 -11 -1 -1 -1 -8 -9 -11 -7 -1 -1 42 -1 -1 0 -1 -1 -4 18 22 24 30 24 45 113 89 49 10 12 37 119 101 87 76 71 0 84 108 89 84 64 48 18 58 29 8 13 26 0 -1 -1 -1 -1 -1 -1 -1 -1 -1 -1 -1 -1 -1 -1 -1 -1 -1 -1 -1 -1 -1 -1 -1 -1 -1 -9 -17 -6 -28 -25 -28 -27 -27 -26 -30 -26 -25 -22 -21 -22 -16 -1 -1 -1 -93 82 114 110
-50 -50 -51 -50 -51 -51 -54 -53 -53 -54 -54 -55 -54 -53 -54 -54 -56 -58 -49 -53 -58 -51 -50 -39 -42 -1 53 82 53 101 65 58 89 91 93 62 -1 -21 -13 -11 -11 -3 -8 -6 -13 -8 -12 -9 -1 -1 -1 -1 -1 -1 -1 -1 -1 0 25 19 35 32 87 -1 67 33 0 0 39 96 78 118 117 50 18 114 67 85 100 70 53 48 55 15 30 30 39 0 -1 -1 -1 -1 -1 -22 -1 -1 -1 -1 -1 -1 -1 -1 -1 -1 -1 -1 0 -1 -1 -1 -1 -1 -2 -14 -9 -54 -13 -22 -21 -25 -22 -23 -30 -25 -21 -21 -20 -17 -12 -2 -1 -1 -1 94 71 99
-54 -54 -47 -51 -55 -49 -51 -51 -53 -51 -55 -55 -54 -54 -54 -53 -53 -58 -53 -55 -51 -53 -53 -47 -26 -1 112 113 127 77 77 81 59 101 107 54 -1 -22 -17 -20 -8 -1 -1 -1 -26 -6 -13 -11 -59 -67 -32 -1 -1 -1 -1 -1 -1 -1 -1 27 2 6 35 68 61 56 29 49 15 2 68 105 83 120 101 0 56 0 65 89 110 85 37 47 108 66 67 43 0 -1 -1 -1 -1 -1 -1 -1 -1 -1 -1 -1 -1 -1 -1 -1 -1 -1 -1 -1 0 88 -1 -1 -1 -1 -9 -16 -18 -17 -21 -20 -20 -22 -18 -20 -18 -17 -18 -14 -9 -2 -1 -1 -1 -1 -1 64
-51 -53 -51 -50 -51 -56 -51 -51 -53 -54 -54 -54 -56 -56 -63 -53 -51 -51 -56 -54 -54 -50 -46 -39 -16 -82 72 88 108 118 68 127 99 122 62 78 -1 -16 -13 -12 -12 -1 -1 -13 -11 -16 -39 -63 -21 -8 -3 -1 -1 -1 -1 -1 -1 -1 -1 27 77 14 71 94 39 36 49 8 29 36 79 114 39 88 74 53 14 72 54 118 85 59 84 99 41 67 22 0 20 0 -1 -1 -1 -18 -1 -1 -1 -1 -1 -1 -1 -1 -1 -1 -1 -1 -1 -1 -1 -1 -1 -1 -1 -1 -8 -12 -18 -16 -18 -18 -21 -17 -20 -20 -17 -14 -18 -16 -14 -7 -1 -1 -1 -1 -1 0
-53 -54 -54 -51 -55 -50 -50 -53 -51 -54 -54 -54 -55 -54 -54 -53 -51 -55 -59 -51 -53 -51 -46 -40 -26 -20 -108 117 90 67 79 66 100 77 44 30 -1 -23 -16 -13 -11 -6 -1 -1 -22 -13 -41 -51 -22 -20 -1 -8 -1 -6 -12 -7 -1 -1 -1 20 31 71 42 79 -1 36 50 45 24 16 76 79 117 19 85 3 77 36 70 9 96 55 62 93 45 0 50 0 53 49 27 -1 -1 -1 -1 -1 -1 -1 -1 -128 -1 -1 -1 -1 -1 -1 -1 -1 -1 -1 -1 -1 -1 -1 -8 -13 -17 -20 -16 -20 -18 -17 -16 -18 -18 -16 -18 -16 -16 -16 -4 -1 -1 -1 -1 -1
-49 -46 -60 -40 -47 -53 -53 -50 -51 -53 -53 -54 -56 -54 -55 -56 -58 -59 -53 -51 -50 -50 -41 -34 -17 -41 -1 65 88 106 111 54 62 55 62 -1 -11 -13 -12 -12 -1 -4 -16 -39 -25 -21 -35 -23 -47 -60 -4 -13 -18 -7 -4 -8 -9 -1 -1 -1 15 31 54 52 38 21 4 0 13 22 55 82 0 101 48 113 113 107 102 71 48 59 91 78 0 111 0 71 65 37 8 0 -1 -18 -1 -1 -1 -1 -1 -1 -1 -1 -1 -1 -1 -1 -1 -1 -1 -1 -1 -1 -1 -4 -7 -23 -14 -16 -14 -20 -17 -16 -17 -17 -25 -25 -18 -12 -9 -11 -1 -1 -1 60 0 -1
-50 -53 -116 -41 -63 -53 -103 -106 -103 -103 -105 -103 -105 -106 -106 -107 -105 -110 -106 -105 -106 -103 -96 -105 -84 -64 -49 37 4 60 32 49 16 4 18 -31 -67 -75 -75 -78 -77 -77 -78 -88 -73 -67 -116 -88 -81 -89 -103 -102 -77 -63 -64 -68 -86 -64 -56 -47 -45 -44 0 0 0 0 0 0 0 0 0 19 27 0 0 35 20 38 55 49 20 55 45 50 0 50 29 21 41 0 22 0 0 0 -56 -49 -50 -49 -51 -51 33 -49 32 -49 33 -49 29 -47 -47 -51 -53 -51 -54 -61 -63 -75 -75 -73 -74 -74 -77 -74 -74 -74 -78 -75 -75 -73 -69 -69 -65 -1 -1 -1 -1 -1
-53 -54 -58 -51 -54 -53 -50 -51 -54 -53 -53 -55 -55 -54 -56 -53 -56 -53 -50 -56 -58 -49 -39 -26 -9 -1 88 37 59 127 105 116 53 64 -1 -11 -30 -20 -17 -14 -20 -11 -26 -28 -21 -77 -9 -32 -47 -22 -14 -44 -11 -53 -47 -28 -21 -13 -8 -1 -1 -1 -1 35 15 20 0 26 21 25 49 45 84 96 49 0 99 59 93 110 52 36 52 30 90 78 66 83 107 96 50 30 32 0 0 -1 -1 -1 -1 -1 -1 97 -1 0 31 -1 -1 -1 -1 -1 -1 -1 -1 -3 -16 -14 -16 -14 -18 -18 -17 -16 -21 -25 -16 -14 -17 -12 -11 -6 -1 -1 -1 -1 -1 -1
-47 -53 -51 -53 -53 -51 -54 -51 -53 -53 -53 -55 -51 -55 -55 -55 -55 -53 -54 -54 -54 -49 -37 -34 -12 -1 -67 -1 72 94 99 108 73 110 41 -1 -27 -11 -18 -11 -11 -9 -13 -22 -12 -69 -26 -46 -51 -34 -32 -34 -13 -47 -22 -14 -13 -25 -13 -8 -1 -1 -1 -1 39 19 7 15 20 16 29 84 70 95 87 21 10 71 30 58 18 35 32 73 85 19 81 54 74 89 91 82 21 4 26 0 21 -1 -22 0 19 -1 22 74 78 49 -122 -1 -1 -1 -1 -1 -1 -1 -17 -13 -30 -17 -21 -20 -17 -20 -18 -25 -22 -14 -12 -13 -11 -8 -1 -1 -1 -1 -1 -1
-53 -50 -54 -51 -58 -51 -51 -53 -53 -53 -53 -56 -54 -55 -54 -53 -53 -53 -55 -51 -51 -49 -40 -49 -50 -61 -1 38 65 91 104 102 99 94 -13 -30 -18 -20 -12 -11 -11 -18 -16 -28 -32 -55 -4 -73 -31 -28 -34 -17 -11 -20 -16 -22 -36 -21 -30 -26 -34 -1 -1 101 36 48 33 18 38 105 79 66 55 66 76 64 0 44 85 26 31 2 16 74 0 71 105 0 0 100 76 7 64 15 27 3 4 10 1 78 119 82 117 99 119 67 -1 -1 -1 -1 -1 -1 -1 -4 -14 -27 -17 -14 -25 -20 -20 -18 -20 -20 -16 -17 -11 -12 -9 -18 -8 -1 -1 -1 -1 -1
-51 -53 -53 -60 -53 -54 -51 -51 -53 -53 -53 -58 -56 -54 -54 -53 -54 -54 -55 -51 -51 -46 -53 -50 -50 -23 -1 31 50 114 96 104 125 65 39 -21 -20 -12 -13 -12 -12 -11 -12 -41 -22 -20 -18 -69 -32 -22 -36 -14 -16 -14 -25 -14 -18 -34 -23 -6 -18 -18 -1 -1 -111 39 14 13 32 106 124 65 48 45 58 118 67 71 58 56 96 12 55 8 85 107 90 61 88 95 82 74 71 83 36 18 22 8 25 13 127 105 96 118 108 35 -1 -1 -1 -1 -1 -1 -1 -1 -8 -21 -11 -14 -21 -22 -21 -20 -21 -23 -21 -14 -16 -11 -12 -14 -8 -4 -6 -1 -1 -1
-54 -54 -53 -49 -54 -54 -54 -53 -53 -54 -59 -61 -60 -61 -55 -54 -53 -53 -51 -50 -50 -65 -53 -37 -39 -35 -50 -49 -1 107 110 114 72 53 -8 -20 -17 -13 -12 -11 -11 -22 -45 -18 -7 -55 -41 -39 -20 -42 -31 -32 -53 -36 -16 -11 -2 -32 -44 -23 -14 -18 -2 -1 -1 0 8 9 30 48 37 112 97 38 54 58 49 71 66 60 88 21 0 94 100 97 110 66 66 53 119 91 88 39 6 10 21 9 27 19 72 77 101 54 0 -1 -1 -1 -1 -1 -1 -1 -1 -1 -11 -13 -8 -23 -23 -18 -20 -18 -21 -25 -22 -18 -18 -17 -12 -9 -9 -12 -6 -1 -1 -1
-53 -53 -50 -55 -53 -51 -53 -55 -55 -54 -54 -58 -54 -58 -54 -53 -54 -53 -55 -58 -49 -51 -40 -42 -32 -23 -9 -1 68 81 124 124 56 33 -1 -9 -13 -13 -16 -14 -12 -32 -36 -30 -47 -73 -23 -20 -13 -23 -31 -31 -26 -27 -14 -12 -23 -51 -34 -30 -14 -11 -17 -2 -1 -1 -1 18 20 8 14 6 84 71 65 29 26 35 35 111 88 78 71 0 88 77 42 93 118 88 100 74 106 0 0 61 13 3 20 29 29 14 14 0 -1 -1 -1 -1 -1 -1 -1 -1 -1 -1 -1 -7 -11 -8 -25 -20 -17 -23 -25 -27 -20 -23 -30 -27 -16 -12 -13 -13 -11 -1 -2 -1
-51 -58 -51 -51 -53 -53 -54 -54 -54 -55 -54 -60 -56 -55 -53 -51 -55 -53 -51 -54 -54 -51 -63 -31 -37 -35 -31 -1 56 27 118 56 66 20 -1 -12 -13 -13 -14 -16 -11 -8 -30 -22 -1 -47 -23 -20 -17 -26 -25 -20 -14 -8 -12 -23 -27 -32 -36 -18 -41 -8 -6 -1 -1 -1 -1 33 15 24 21 29 119 65 94 36 32 30 30 90 55 33 71 107 55 101 104 37 67 111 81 88 52 71 81 38 29 13 25 29 25 36 18 -1 -1 -1 -1 -1 -1 -1 -1 -1 -1 -1 -1 -14 -13 -16 -22 -14 -23 -23 -20 -20 -20 -18 -21 -21 -18 -13 -12 -22 -11 -1 -1 -1
-51 -50 -49 -54 -53 -53 -53 -55 -55 -54 -53 -58 -54 -55 -53 -61 -58 -54 -55 -51 -53 -44 -49 -51 -41 -25 -18 -6 -1 -88 70 70 90 -1 -1 -1 -9 -13 -14 -13 -17 -11 -34 -41 -31 -42 -36 -39 -50 -45 -8 -39 -28 -13 -20 -28 -51 -20 -20 -37 -28 -20 -18 -14 -1 -1 -1 -1 6 16 30 33 35 53 20 7 41 56 91 12 6 0 54 35 19 105 79 99 101 90 94 101 122 0 70 72 38 37 8 21 25 30 35 31 106 -1 -1 -1 -1 -1 -1 -1 -1 -1 -1 -1 -14 -13 -17 -35 -34 -21 -17 -18 -20 -21 -21 -25 -21 -16 -11 -7 -7 -1 -1 -1
-54 -54 -50 -50 -51 -53 -54 -53 -55 -54 -58 -54 -56 -58 -54 -53 -54 -55 -53 -50 -53 -49 -42 -36 -28 -16 -22 -1 -1 -1 101 67 -1 -1 -1 -1 -9 -11 -12 -16 -13 -49 -44 -25 -11 -58 -34 -25 -30 -22 -30 -21 -31 -4 -18 -27 -32 -26 -32 -26 -40 -16 -8 -6 -6 -1 -1 -1 -1 21 37 32 33 25 20 59 24 78 64 29 20 15 12 30 84 54 36 18 67 97 117 24 25 70 110 76 47 37 10 16 26 32 42 16 -1 -1 -1 -1 -1 -1 -1 -1 -1 -1 -1 -1 -16 -14 -20 -21 -20 -18 -18 -20 -17 -21 -18 -20 -21 -13 -17 -9 -7 -1 -1 -1
-51 -53 -51 -51 -53 -55 -55 -55 -58 -58 -55 -55 -58 -56 -54 -54 -54 -61 -54 -58 -58 -46 -46 -53 -34 -16 -18 -9 -1 -1 96 -1 54 -1 0 -1 -1 -9 -18 -18 -14 -35 -25 -23 -16 -69 -34 -25 -32 -69 -30 -13 -49 -45 -16 -34 -31 -32 -14 -34 -36 -30 -1 -13 -22 -4 -1 -1 -1 -1 87 -1 25 32 41 127 24 70 124 94 38 19 60 49 0 25 47 44 30 73 84 81 78 124 74 117 62 61 44 15 13 21 30 33 36 36 -1 -1 -1 -1 -1 -1 -1 -1 -1 -1 -25 -25 -18 -14 -23 -22 -18 -18 -21 -25 -20 -18 -21 -22 -22 -18 -7 -1 -1 -1
-51 -51 -51 -51 -54 -54 -55 -61 -54 -55 -59 -59 -56 -54 -51 -50 -60 -55 -51 -53 -50 -53 -50 -47 -56 -4 -6 -1 -1 -1 0 0 95 -1 -1 -1 -1 -3 -22 -6 -7 -31 -28 -28 -54 -65 -31 -23 -60 -32 -27 -40 -44 -27 -36 -37 -45 -20 -25 -44 -47 -23 -35 -54 -17 -6 -1 -1 -1 -1 -1 -1 21 36 0 0 39 52 48 4 4 0 108 41 10 0 4 25 58 79 91 89 106 43 0 105 88 52 38 20 10 16 20 7 21 27 32 -55 94 -1 -1 -1 -1 -1 -1 -6 -13 -14 -14 -17 -21 -18 -20 -20 -18 -20 -18 -20 -17 -18 -14 -11 -8 -1 -1 -1
-51 -51 -51 -51 -53 -53 -56 -55 -55 -53 -55 -56 -55 -54 -53 -54 -51 -53 -54 -47 -45 -44 -37 -34 -27 -27 -59 -30 -1 -1 -1 -1 81 -1 -1 -1 -1 -1 -4 -11 -12 -31 -36 -36 -23 -55 -28 -41 -55 -35 -22 -42 -46 -27 -18 -56 -37 -17 -42 -47 -60 -58 -56 -56 -16 -27 -23 -4 -1 -1 -1 -1 -1 29 38 -1 -1 0 25 2 25 49 21 81 10 39 64 -128 45 38 47 95 48 120 56 59 0 90 62 31 41 22 19 13 15 13 18 12 18 -72 -1 -1 -1 -1 -1 -1 -1 -1 -11 -26 -12 -20 -18 -21 -18 -16 -17 -18 -18 -18 -20 -14 -14 -3 -1 -1
-51 -53 -51 -53 -53 -56 -53 -56 -55 -51 -51 -55 -56 -53 -55 -53 -53 -53 -55 -42 -31 -14 -13 -1 -6 -32 -12 -1 -1 -1 -1 -101 8 0 0 108 -1 -1 -1 -11 -12 -35 -28 -34 -37 -34 -60 -59 -42 -26 -17 -21 -34 -41 -25 -31 -41 -36 -31 -54 -36 -17 -56 -39 -47 -39 -16 -1 -14 -7 -1 -1 -1 -1 -1 -1 -1 -1 -8 -1 -1 21 0 19 10 9 37 0 18 113 16 76 81 56 101 108 118 79 58 81 53 45 44 1 6 38 42 42 26 13 0 -1 -1 -1 -1 -1 -1 -1 -6 -9 -14 -17 -17 -17 -17 -18 -14 -18 -17 -17 -18 -13 -8 -1 -1 -1
-53 -53 -51 -54 -56 -58 -53 -59 -54 -54 -56 -58 -54 -55 -60 -59 -58 -53 -54 -47 -39 -3 -1 -1 -1 -16 -1 -18 -1 -1 -1 0 12 3 36 0 -1 -1 -1 -26 -22 -9 -41 -34 -34 -28 -36 -35 -32 -31 -7 -6 -83 -37 -37 -56 -51 -54 -44 -53 -45 -30 -50 -54 -51 -53 -36 -31 -27 -7 -14 -9 -1 -1 -1 -1 -1 -1 -1 -1 -1 -1 0 35 43 30 0 48 16 72 58 26 39 88 71 102 0 79 73 90 44 64 25 18 18 78 73 73 65 55 33 16 14 0 102 96 -1 -1 -1 -2 -17 -16 -12 -13 -17 -16 -23 -17 -14 -16 -16 -13 -12 -11 -3 -1
-51 -51 -53 -55 -56 -51 -56 -59 -54 -54 -60 -53 -54 -54 -53 -54 -53 -53 -50 -32 -9 -1 0 -1 -1 -1 -1 -1 -1 0 27 50 21 10 21 1 -1 -1 -2 -18 -46 -44 -32 -34 -27 -36 -58 -69 -18 -22 -58 -51 -28 -25 -56 -70 -68 -60 -61 -53 -47 -49 -34 -47 -36 -46 -40 -20 -2 -25 -6 -16 -1 -1 -1 -1 -3 -1 -1 -1 -1 -1 33 31 27 22 12 79 52 20 61 85 52 50 73 116 116 90 38 3 54 37 49 35 66 104 96 93 74 54 37 19 10 29 13 -1 -1 -1 -1 -1 -1 -1 -8 -16 -12 -14 -13 -14 -16 -16 -16 -12 -11 -8 -1 -1
-50 -59 -50 -50 -53 -53 -51 -53 -55 -56 -56 -55 -55 -56 -50 -60 -56 -54 -54 -39 -35 -1 -126 -1 -1 -1 -1 -1 -1 25 77 102 48 50 38 0 0 -1 -1 -13 -14 -53 -32 -36 -27 -26 -93 -59 -27 -13 -78 -60 -34 -32 -86 -58 -45 -40 -36 -45 -42 -39 -37 -53 -45 -56 -40 -47 -30 -1 -1 -3 -1 -1 -4 -23 -23 -1 -22 -18 -1 -1 -1 39 35 29 36 37 38 74 104 70 49 66 62 100 82 105 120 79 95 49 60 81 73 72 106 111 96 78 67 53 36 20 22 24 8 -1 -1 -1 -1 -1 -1 -1 -1 -1 -4 -20 -13 -12 -12 -14 -21 -8 -2 -1
-59 -51 -51 -56 -53 -56 -54 -55 -55 -54 -51 -55 -53 -56 -56 -55 -53 -51 -44 -21 -1 0 -1 -1 -1 -1 -1 106 26 99 93 91 97 76 0 10 81 -1 -1 -6 -14 -67 -31 -30 -23 -94 -47 -51 -40 -68 -45 -30 -59 -77 -53 -47 -35 -51 -34 -55 -40 -37 -54 -50 -39 -46 -39 -67 -47 -8 101 -1 -1 -36 -28 -6 -18 -27 -35 -11 -1 -1 -1 32 13 27 32 29 27 43 77 38 108 39 118 104 112 90 90 8 71 84 83 73 73 78 94 112 99 99 72 62 54 49 41 41 39 4 -1 -1 -1 -1 -1 -1 -1 -1 -1 -17 -17 -11 -13 -12 -13 -3 -1 -1
-54 -55 -56 -59 -53 -58 -54 -56 -58 -55 -54 -60 -55 -58 -60 -55 -51 -51 -47 -23 -3 -1 0 -1 -1 -1 78 53 60 0 48 76 113 67 25 29 8 43 -1 -3 -17 -49 -25 -42 -21 -25 -72 -50 -56 -21 -68 -37 -79 -79 -60 -59 -49 -75 -53 -50 -45 -34 -51 -40 -49 -47 -49 -79 -49 -32 -55 -1 -128 -12 -30 -14 -9 -13 -13 -14 -20 -22 -1 -1 10 50 8 13 15 19 76 96 73 125 105 0 0 66 -82 107 56 105 113 108 104 99 72 94 89 83 90 90 84 66 65 64 68 61 0 -1 89 -1 -1 -1 -1 -1 -1 -13 -18 -12 -11 -13 -12 -8 -7 -1
-53 -53 -53 -53 -53 -53 -53 -54 -55 -54 -60 -59 -56 -54 -53 -53 -54 -51 -32 -1 -1 8 26 31 -115 22 77 89 0 35 82 61 45 61 60 9 15 -1 -1 -20 -28 -26 -16 -17 -60 -58 -41 -51 -44 -89 -42 -35 -69 -46 -49 -46 -61 -50 -25 -54 -51 -73 -45 -45 -53 -63 -72 -63 -79 -79 -91 -73 -30 -42 -12 -9 -1 -9 -30 -14 -9 -1 -1 14 2 -122 4 33 22 0 52 73 91 0 87 64 39 97 89 105 113 113 95 101 45 65 65 89 71 79 78 82 83 77 78 77 82 74 20 22 -1 -1 -1 -1 -1 -1 -1 -1 -12 -14 -11 -11 -11 -7 -12 -2
-50 -54 -56 -55 -56 -53 -51 -53 -54 -55 -53 -59 -61 -56 -53 -55 -56 -51 -32 -1 -1 -111 25 25 15 24 83 85 58 91 0 38 44 105 99 111 107 22 -1 -11 -36 -39 -50 -31 -77 -59 -37 -56 -54 -58 -42 -25 -74 -67 -56 -56 -79 -46 -37 -58 -68 -55 -63 -72 -50 -68 -68 -81 -74 -91 -101 -78 -68 -75 -22 -14 -1 -8 -13 -13 -6 -1 -1 -119 -1 -7 -1 0 20 29 6 49 95 37 93 24 52 71 106 67 42 73 90 43 83 31 55 58 88 59 77 78 93 78 78 89 81 96 73 83 4 13 -1 -1 -1 -1 -1 -1 -1 -13 -6 -12 -12 -14 -14 -17
-54 -60 -53 -56 -55 -58 -56 -55 -60 -54 -54 -55 -58 -54 -56 -56 -50 -25 -11 -1 -1 7 18 18 19 33 36 61 41 26 66 74 113 66 33 110 45 4 -1 -2 -61 -25 -7 -46 -75 -35 -37 -69 -54 -50 -58 -91 -79 -54 -59 -64 -47 -37 -75 -79 -50 -61 -96 -92 -65 -79 -70 -74 -67 -88 -77 -59 -74 -70 -94 -41 -39 -46 -42 -20 -65 0 -47 -18 -30 -1 -1 -1 45 58 43 15 16 55 68 56 61 83 97 79 120 91 89 90 95 61 26 19 0 48 61 0 72 66 60 78 94 89 67 65 50 22 20 -1 -1 -1 -1 -1 -1 -1 -3 -16 -13 -14 -18 -16
-51 -53 -54 -53 -51 -53 -53 -60 -55 -54 -54 -54 -54 -59 -54 -53 -51 -23 -9 -1 -1 -1 26 22 15 29 70 81 50 33 39 45 118 108 112 38 0 3 -1 -1 -7 -55 -34 -1 -74 -37 -25 -98 -68 -55 -53 -81 -68 -60 -50 -56 -49 -75 -81 -69 -46 -61 -86 -77 -60 -67 -64 -56 -59 -72 -75 -59 -56 -84 -54 -26 -59 -32 -18 -25 -35 -17 -20 -25 -17 -2 -1 -1 42 35 0 -1 38 8 84 30 15 61 76 119 97 29 110 107 90 101 91 79 24 15 36 56 84 67 48 70 44 65 84 83 62 36 13 26 36 -46 84 -1 -1 -1 -1 -3 -17 -16 -11 -12
-51 -53 -53 -53 -53 -63 -56 -55 -56 -56 -56 -55 -60 -56 -54 -49 -17 -4 -1 -1 -1 0 -1 18 68 94 83 90 59 79 111 101 111 113 90 58 110 27 -1 -1 -16 -47 -42 -49 -25 -23 -63 -54 -55 -59 -69 -65 -53 -54 -60 -61 -64 -58 -53 -55 -65 -73 -72 -59 -61 -70 -61 -64 -78 -68 -61 -58 -86 -65 -34 -64 -60 -47 -20 -27 -14 -25 -4 -72 -8 -1 0 -53 -40 -32 -3 -1 26 0 29 39 73 38 22 82 106 101 104 82 90 89 81 76 16 56 12 4 24 18 15 29 18 37 19 35 37 20 8 24 25 35 -1 -1 -1 -1 -1 -6 -12 -17 -9 -8
-51 -53 -59 -56 -59 -60 -54 -54 -58 -54 -55 -54 -60 -55 -53 -49 -18 -7 -1 -1 -1 -1 -1 0 88 65 82 76 54 90 88 55 0 114 74 74 111 45 18 -1 -1 -72 -34 -50 -75 -56 -73 -77 -39 -77 -56 -56 -58 -54 -64 -54 -49 -50 -51 -63 -54 -56 -63 -64 -59 -61 -67 -70 -70 -63 -59 -70 -86 -58 -69 -74 -42 -44 -37 -34 -20 -18 -11 -81 -47 -93 -70 -20 -13 -9 -2 -1 -1 41 32 49 44 68 53 49 111 83 38 85 102 123 64 52 68 29 55 0 12 8 33 45 6 22 14 18 24 19 16 14 18 29 0 -1 -1 -1 -1 -1 -26 -12 -12 -11
-54 -59 -58 -60 -56 -53 -50 -59 -53 -53 -53 -60 -56 -51 -47 -32 -22 -36 -14 -1 -1 -1 -1 32 66 19 71 73 83 112 42 78 101 113 45 13 0 26 -1 -1 -59 -51 -32 -18 -51 -63 -35 -36 -70 -60 -58 -60 -53 -59 -58 -60 -55 -59 -58 -55 -64 -73 -89 -55 -68 -69 -58 -98 -82 -61 -68 -79 -67 -53 -51 -61 -54 -56 -30 -31 -22 -25 -91 -20 -18 -14 -9 -11 -9 -4 -1 -1 -1 1 25 7 101 99 52 0 118 60 116 83 54 76 89 60 24 0 58 22 -115 31 -3 -1 -12 13 25 9 14 12 19 24 22 24 19 -107 -1 -1 -1 -1 -18 -12 -12 -9
-58 -60 -55 -54 -53 -54 -58 -58 -59 -53 -53 -59 -56 -53 -46 -42 -51 -37 -9 -1 -1 -1 -1 -1 65 7 82 94 127 116 44 99 117 81 12 14 0 0 -125 -1 -46 -59 -32 -28 -7 -55 -42 -45 -68 -73 -53 -58 -56 -54 -54 -56 -53 -54 -55 -70 -54 -67 -69 -77 -64 -86 -69 -94 -64 -61 -63 -56 -58 -50 -65 -84 -59 -44 -36 -20 -26 -30 -17 -20 -17 -11 -1 -6 -41 -1 -1 -1 -1 101 30 50 44 73 118 95 41 44 52 35 37 49 99 56 29 12 65 14 6 0 -39 -20 -17 -1 27 29 13 10 18 24 27 27 21 27 43 -1 -1 -1 -40 -11 -12 -17
-55 -53 -59 -55 -58 -58 -58 -58 -54 -56 -61 -54 -56 -59 -46 -50 -32 -27 -26 -1 -1 -1 -1 0 65 59 100 111 96 25 20 64 70 102 49 25 1 -1 -75 -92 -47 -32 -37 -69 -21 -74 -40 -49 -58 -58 -56 -58 -55 -54 -54 -54 -54 -61 -68 -50 -63 -68 -125 -63 -60 -68 -58 -70 -60 -65 -60 -81 -63 -73 -75 -51 -36 -41 -37 -31 -53 -28 -23 -14 -9 -2 -20 -20 -8 -1 -1 -1 -1 0 45 73 53 114 76 101 95 49 111 70 84 81 60 47 31 21 19 9 32 -45 -28 -23 -7 -12 56 33 25 8 14 14 22 27 32 29 25 -1 -1 -1 -14 -14 -13 -13
-54 -54 -55 -56 -56 -58 -56 -54 -58 -58 -55 -54 -55 -54 -53 -45 -34 -23 -13 -1 -1 -1 -1 -1 -1 49 97 104 53 62 24 61 107 104 71 60 110 -31 -82 -4 -51 -41 -58 -73 -75 -47 -49 -44 -53 -63 -55 -51 -55 -56 -53 -54 -59 -55 -49 -51 -111 -67 -73 -61 -58 -64 -64 -92 -60 -68 -64 -67 -83 -70 -53 -53 -54 -59 -35 -34 -26 -28 -7 -27 -20 -40 -28 -27 -16 -1 -1 -1 -1 12 118 2 42 107 50 3 81 104 95 107 117 85 60 49 66 35 20 4 26 -37 -35 -28 -44 -37 -14 -14 -1 -1 -1 -1 0 26 26 22 26 27 -1 -1 -1 -12 -14 -16
-54 -54 -56 -55 -55 -58 -54 -61 -60 -55 -56 -54 -54 -51 -49 -41 -39 -22 -12 -1 -1 -1 -1 -1 27 84 116 94 64 15 65 110 97 95 99 95 0 -2 -27 -63 -37 -44 -51 -51 -61 -53 -49 -45 -73 -70 -63 -60 -60 -54 -54 -54 -63 -63 -75 -112 -61 -60 -61 -77 -115 -61 -59 -63 -64 -64 -61 -73 -61 -56 -53 -47 -49 -39 -30 -21 -40 -18 -49 -22 -27 -36 -28 -20 -8 -3 -1 -1 -1 0 12 0 110 85 59 71 83 44 66 96 66 120 96 62 87 14 0 31 -1 -30 -31 -31 -16 -26 -36 -21 -1 -1 -1 -1 9 27 26 12 18 22 -1 -1 -20 -42 -13 -22
-58 -51 -53 -55 -55 -60 -54 -59 -56 -54 -54 -56 -50 -54 -50 -45 -40 -27 -21 -6 -1 -1 -1 -1 -1 62 42 67 64 0 29 90 85 108 66 110 102 -1 -14 -50 -64 -27 -45 -54 -46 -44 -67 -55 -82 -74 -63 -56 -55 -56 -55 -55 -55 -53 -86 -110 -59 -56 -86 -75 -74 -69 -65 -88 -58 -59 -60 -61 -59 -63 -75 -65 -63 -50 -36 -53 -44 -22 -55 -74 -17 -25 -18 -7 -8 -18 -12 -6 -1 -1 -1 -89 99 53 10 9 62 113 72 76 77 59 62 59 78 77 26 22 -1 -18 -18 -31 -25 -13 -39 -37 -27 -11 -1 -1 -1 24 18 16 9 16 24 -1 -1 -14 -14 -14
-53 -51 -55 -55 -61 -56 -53 -58 -50 -55 -61 -58 -53 -51 -46 -41 -31 -28 -12 -20 -1 -1 -1 -1 1 9 36 48 -75 108 82 111 58 77 71 101 108 0 -17 -54 -36 -26 -45 -49 -55 -37 -60 -60 -63 -58 -53 -54 -61 -65 -58 -54 -84 -84 -64 -61 -61 -55 -79 -75 -63 -60 -102 -61 -61 -61 -64 -63 -74 -65 -75 -64 -74 -78 -75 -74 -44 -44 -37 -25 -27 -36 -47 -47 -20 -7 -9 -7 -3 -30 -1 -1 0 114 9 0 0 58 66 90 113 73 79 87 54 61 0 -1 -18 -21 -11 -41 -35 -44 -28 -36 -20 -9 -1 -1 -1 31 12 15 10 14 0 -1 -1 -31 -12 -20
-54 -54 -54 -54 -59 -59 -58 -59 -54 -53 -55 -54 -53 -51 -47 -44 -41 -45 -44 -54 -12 -1 -1 -1 36 20 22 2 44 79 82 99 52 49 88 32 0 66 -1 -41 -49 -30 -23 -53 -59 -65 -83 -69 -65 -59 -51 -54 -60 -61 -56 -60 -67 -69 -58 -56 -68 -60 -74 -64 -60 -65 -64 -63 -59 -64 -63 -63 -61 -94 -77 -54 -59 -63 -69 -67 -60 -46 -42 -53 -45 -67 -21 -28 -16 -3 -46 -41 -14 -9 -3 -1 -1 7 67 -47 -6 91 32 88 41 106 91 114 74 62 35 -1 -1 -32 -23 -27 -41 -36 -35 -34 -21 -20 -7 -1 -1 -1 27 6 13 9 0 -1 -1 -1 -30 -14
-58 -54 -55 -58 -60 -59 -58 -58 -54 -51 -55 -53 -51 -56 -46 -46 -46 -45 -36 -20 -8 -1 -1 0 0 29 42 33 26 77 77 110 41 35 102 43 18 78 -65 -54 -35 -35 -55 -55 -45 -45 -68 -64 -63 -53 -51 -50 -64 -54 -54 -68 -73 -58 -59 -46 -81 -61 -55 -59 -64 -64 -65 -54 -63 -67 -63 -63 -74 -54 -61 -63 -56 -63 -53 -59 -108 -68 -58 -40 -51 -20 -46 -44 -12 -63 -46 -4 -23 -59 -27 -36 -1 -7 -35 -25 -23 48 70 94 90 78 61 88 95 110 0 -1 -26 -13 -12 -17 -28 -37 -31 -30 -23 -20 -12 -1 -1 0 26 14 13 6 -1 -1 -1 -35 -17 -18
-55 -54 -55 -56 -56 -58 -55 -55 -55 -54 -54 -56 -58 -59 -55 -50 -47 -39 -30 -22 -8 -1 -1 -1 0 4 20 10 49 30 91 127 106 120 105 91 8 16 -1 -46 -49 -46 -46 -56 -39 -47 -55 -61 -51 -50 -51 -46 -68 -55 -68 -60 -63 -59 -51 -31 -106 -72 -70 -72 -61 -59 -72 -56 -39 -79 -68 -68 -72 -74 -65 -63 -55 -58 -54 -51 -50 -61 -68 -64 -59 -44 -36 -32 -23 -51 -34 -1 -4 -8 -6 -20 -41 -37 -51 -20 -9 -1 71 7 124 10 0 72 0 50 0 -1 -1 -20 -9 -18 -14 -21 -26 -34 -39 -47 -7 -1 -1 -1 0 33 13 13 -1 -1 -1 -1 -20 -18
-55 -58 -55 -55 -54 -55 -54 -54 -53 -54 -55 -55 -54 -51 -50 -42 -40 -31 -17 -4 -1 -1 -1 97 -1 24 24 76 43 68 93 107 124 93 87 68 18 -1 -34 -60 -56 -47 -44 -35 -45 -60 -42 -59 -53 -55 -58 -94 -53 -56 -56 -54 -55 -56 -84 -126 -87 -63 -65 -75 -74 -69 -60 -55 -120 -79 -59 -64 -64 -61 -60 -63 -56 -58 -74 -73 -60 -55 -63 -61 -69 -40 -34 -36 -30 -31 -20 -44 -65 -107 -74 -28 -12 -31 -14 -11 -14 -1 59 111 97 74 58 82 20 24 -26 -16 -9 -17 -12 -13 -20 -47 -41 -44 -49 -18 -13 -1 -1 -1 -1 0 4 0 -1 -1 -1 -22 -14 -16
-58 -55 -56 -55 -54 -53 -54 -55 -55 -55 -55 -59 -54 -51 -49 -47 -44 -27 -39 -39 -44 -1 -1 -1 -1 -115 33 97 27 107 66 14 41 119 62 118 42 0 -35 -31 -58 -42 -39 -35 -27 -64 -55 -39 -54 -60 -49 -69 -53 -51 -53 -55 -63 -65 -67 -75 -74 -58 -59 -59 -68 -64 -60 -92 -128 -56 -61 -73 -59 -59 -58 -59 -56 -60 -64 -54 -59 -60 -41 -60 -61 -69 -45 -32 -22 -47 -51 -36 -53 -42 -41 -20 -23 -30 -20 -13 -20 -3 0 101 81 60 53 45 3 38 -1 -7 -18 -1 -16 -16 -37 -30 -21 -42 -34 -42 -42 -36 -3 -1 -1 -1 -1 -1 -1 -1 -3 -31 -14 -14
-54 -54 -58 -55 -54 -54 -59 -54 -54 -58 -59 -55 -53 -51 -47 -42 -39 -42 -25 -21 -9 -1 -1 -1 -128 31 25 24 22 37 0 93 95 93 82 74 55 -1 -32 -64 -46 -36 -34 -26 -54 -74 -82 -22 -73 -65 -61 -60 -53 -50 -63 -72 -70 -65 -64 -65 -59 -64 -61 -58 -64 -68 -89 -60 -67 -68 -88 -61 -79 -60 -60 -67 -65 -59 -58 -108 -67 -84 -45 -59 -63 -82 -49 -37 -26 -46 -59 -40 -47 -75 -26 -21 -25 -28 -12 -1 -4 -4 67 82 38 59 25 14 36 33 -2 -7 -14 -28 -1 -21 -20 -17 -21 -40 -36 -47 -18 -21 -26 -37 -7 -1 -1 -1 -8 -26 -16 -9 -12 -11
-56 -56 -59 -55 -54 -58 -54 -54 -54 -50 -54 -54 -51 -50 -47 -44 -35 -28 -18 -18 -12 -14 -1 -1 0 43 29 26 47 12 73 85 53 62 68 47 7 -1 -64 -27 -36 -32 -30 -27 -36 -87 -59 -67 -105 -83 -64 -58 -54 -53 -87 -78 -65 -64 -65 -64 -64 -70 -59 -61 -59 -61 -63 -74 -60 -63 -67 -91 -65 -63 -59 -60 -61 -58 -58 -59 -47 -70 -56 -100 -79 -79 -74 -61 -49 -40 -58 -42 -53 -45 -26 -32 -12 -13 -9 -8 -16 -1 -1 89 72 50 9 14 15 21 -1 -1 -1 -36 -8 -47 -49 -16 -34 -31 -36 -53 -39 -28 -20 -47 -26 -1 -14 -31 -34 -26 -21 -13 -14 -17
-55 -58 -56 -56 -55 -55 -54 -55 -54 -55 -55 -55 -51 -49 -44 -42 -30 -21 -8 -11 -9 -2 -1 -1 39 48 25 16 29 1 48 67 0 59 104 29 70 -2 -53 -47 -32 -28 -32 -36 -79 -65 -53 -81 -87 -67 -59 -49 -55 -86 -73 -65 -64 -58 -60 -58 -60 -60 -72 -59 -72 -63 -65 -61 -59 -60 -68 -65 -61 -60 -60 -60 -67 -67 -67 -60 -55 -55 -86 -75 -84 -73 -75 -82 -75 -37 -32 -34 -34 -77 -20 -59 -37 -51 -1 -2 -1 -3 55 114 66 58 27 56 53 32 19 32 0 -9 -14 -11 -4 -27 -21 -28 -50 -37 -49 -49 -30 -37 -42 -28 -26 -9 -28 -25 -13 -9 -9 -16
-55 -55 -54 -54 -55 -54 -54 -54 -53 -53 -56 -55 -55 -51 -40 -42 -40 -21 -12 -6 -3 -1 -1 -1 0 68 12 2 22 0 43 24 56 73 25 110 0 -1 -14 -36 -34 -28 -39 -39 -56 -83 -55 -60 -63 -60 -58 -53 -59 -69 -60 -58 -60 -55 -61 -59 -59 -60 -63 -59 -59 -65 -68 -60 -58 -59 -68 -67 -61 -69 -63 -69 -63 -65 -60 -110 -51 -93 -100 -89 -69 -60 -65 -67 -77 -63 -6 -31 -31 -21 -31 -23 -20 -1 -2 -8 -7 -7 -9 0 38 116 27 39 105 84 120 97 9 0 -1 -1 -20 -17 -20 -31 -45 -50 -53 -64 -64 -39 -31 -31 -22 -23 -21 -25 -22 -22 -14 -30
-60 -55 -53 -54 -53 -51 -54 -51 -53 -58 -59 -54 -51 -46 -47 -39 -27 -11 -4 -2 -1 -1 -1 0 44 105 73 3 30 10 18 71 113 97 0 20 0 -17 -63 -36 -34 -36 -35 -37 -77 -58 -53 -56 -54 -53 -51 -69 -53 -58 -56 -61 -56 -58 -56 -58 -74 -70 -59 -58 -64 -73 -61 -59 -64 -89 -61 -69 -63 -65 -64 -61 -60 -67 -64 -63 -93 -77 -89 -60 -61 -59 -58 -58 -49 -68 -77 -60 -73 -102 -55 -67 -54 -27 -20 -1 -18 -9 -9 43 91 68 8 110 108 106 61 60 84 74 0 -1 -21 -14 -20 -16 -39 -58 -47 -44 -49 -34 -20 -23 -13 -17 -11 -18 -16 -18 -14 -12
-54 -54 -56 -59 -59 -54 -55 -53 -56 -59 -60 -54 -53 -47 -42 -39 -17 -13 -2 -1 -1 -1 -1 -1 111 82 79 55 12 32 24 15 54 102 77 124 13 -1 -20 -37 -32 -58 -35 -31 -49 -67 -51 -53 -56 -53 -67 -44 -63 -54 -60 -53 -53 -55 -55 -69 -70 -67 -56 -58 -78 -81 -60 -54 -72 -89 -56 -53 -63 -63 -65 -60 -59 -61 -58 -69 -69 -58 -60 -63 -59 -63 -55 -54 -69 -74 -63 -81 -82 -82 -74 -65 -53 -40 -21 -7 -28 -12 -18 -6 -1 101 55 33 84 87 59 55 67 66 18 18 -1 -22 -27 -37 -45 -44 -51 -49 -50 -50 -39 -39 -42 -39 -28 -22 -14 -26 -20 -14
-54 -55 -54 -53 -53 -59 -56 -64 -59 -56 -53 -54 -51 -34 -31 -25 -11 -3 -1 -1 -1 -1 -1 0 68 89 37 7 33 32 14 22 88 94 44 15 -1 -55 -63 -39 -30 -32 -31 -16 -79 -67 -53 -51 -53 -53 -55 -56 -53 -53 -60 -51 -53 -73 -77 -63 -58 -56 -58 -73 -70 -61 -59 -83 -78 -64 -61 -67 -65 -67 -70 -61 -59 -59 -77 -70 -63 -59 -60 -59 -61 -77 -47 -60 -75 -54 -69 -70 -77 -87 -69 -44 -42 -32 -37 -50 -16 -14 -11 -14 0 58 39 113 58 97 49 70 68 110 9 32 -1 -49 -59 -30 -50 -40 -47 -50 -49 -47 -40 -35 -32 -32 -28 -26 -20 -21 -20 -17
-55 -56 -55 -54 -54 -53 -53 -56 -54 -55 -53 -56 -55 -47 -41 -27 -23 -6 -1 -1 -1 -1 -1 -1 0 52 10 19 30 38 33 14 6 25 118 8 0 -72 -27 -26 -36 -28 -34 -44 -97 -93 -56 -59 -56 -51 -50 -60 -53 -51 -55 -50 -44 -65 -73 -60 -58 -53 -67 -78 -69 -61 -59 -70 -73 -64 -75 -83 -69 -59 -73 -73 -60 -64 -68 -60 -59 -60 -60 -65 -68 -50 -45 -58 -94 -55 -55 -55 -64 -60 -60 -55 -58 -37 -17 -27 -16 -13 -11 -6 -1 97 74 67 73 0 76 68 66 84 47 44 -1 -36 -13 -28 -28 -21 -40 -47 -55 -54 -54 -46 -35 -26 -47 -22 -17 -12 -17 -16
-55 -55 -56 -54 -56 -53 -55 -58 -53 -54 -56 -53 -50 -47 -35 -23 -11 -1 -1 -1 -1 -1 -1 0 0 90 83 36 21 27 0 47 0 66 104 7 -1 -73 -28 -30 -25 -22 -50 -91 -87 -56 -55 -53 -51 -63 -61 -53 -51 -49 -54 -44 -46 -69 -54 -53 -47 -64 -72 -70 -61 -56 -60 -73 -55 -69 -72 -67 -59 -60 -69 -61 -68 -67 -58 -60 -59 -61 -60 -61 -65 -91 -34 -128 -70 -59 -74 -65 -58 -83 -39 -51 -84 -44 -36 -20 -11 -4 -11 -8 -1 81 127 95 79 13 42 74 56 44 13 10 -32 -7 -36 -21 -20 -67 -49 -46 -56 -53 -59 -47 -34 -31 -28 -25 -22 -13 -21 -17
-54 -55 -53 -56 -53 -56 -55 -54 -53 -54 -56 -59 -61 -45 -41 -21 -30 -20 -3 -1 -1 -1 0 -1 32 15 0 24 101 50 41 -1 -1 -1 0 22 0 -65 -34 -26 -42 -26 -65 -74 -91 -54 -53 -53 -51 -67 -56 -53 -51 -53 -50 -50 -40 -64 -59 -50 -46 -65 -63 -70 -64 -58 -50 -55 -55 -61 -78 -63 -61 -60 -58 -65 -74 -73 -59 -58 -55 -83 -64 -61 -56 -60 -50 -108 -77 -64 -73 -63 -58 -68 -51 -75 -50 -49 -32 -23 -8 -14 -27 -8 -20 49 66 71 99 89 82 37 58 0 0 0 0 -4 -14 -30 -21 -30 -35 -41 -47 -58 -59 -56 -63 -53 -35 -31 -23 -26 -25 -28
-53 -50 -47 -53 -47 -54 -53 -54 -54 -58 -58 -60 -58 -53 -41 -81 -37 -11 -1 -1 -1 -1 0 0 26 27 13 35 91 43 102 -1 -1 -7 -40 0 -81 -60 -23 -28 -28 -70 -51 -78 -73 -54 -51 -51 -53 -53 -53 -53 -53 -42 -34 -44 -54 -61 -53 -64 -77 -63 -59 -64 -55 -50 -69 -78 -69 -60 -70 -60 -59 -59 -60 -81 -68 -64 -65 -51 -70 -77 -64 -58 -54 -70 -126 -97 -67 -69 -61 -59 -56 -83 -54 -59 -54 -30 -28 -45 -8 -11 -11 -9 -1 54 15 127 108 68 43 58 73 24 7 19 -1 -16 -37 -32 -27 -44 -37 -53 -49 -63 -53 -58 -60 -50 -39 -36 -25 -30 -35 -34
-53 -54 -105 -91 -128 -45 -55 -54 -54 -54 -54 -54 -56 -56 -68 -67 -27 -35 -25 -4 -1 -1 -1 -1 3 -1 7 45 108 66 9 -1 -23 -27 -18 -30 -59 -27 -22 -42 -26 -35 -67 -65 -72 -61 -50 -51 -54 -49 -45 -51 -50 -54 -37 -21 -53 -47 -55 -56 -55 -54 -53 -50 -46 -49 -64 -83 -73 -72 -77 -59 -55 -60 -72 -79 -72 -61 -59 -64 -54 -69 -70 -59 -63 -67 -84 -67 -92 -61 -63 -59 -61 -53 -53 -56 -55 -41 -92 -40 -18 -17 -11 -9 -3 -1 87 95 117 78 56 42 45 24 15 26 9 76 -20 -11 -23 -49 -49 -47 -54 -41 -64 -56 -67 -60 -50 -46 -35 -128 -26 -28
-55 -60 -56 -128 -56 -56 -53 -55 -55 -54 -51 -51 -55 -56 -61 -49 -27 -16 -6 -1 -1 -1 -1 0 -1 0 18 0 74 19 87 -1 -16 -23 -27 -86 -20 -16 -13 -30 -23 -56 -70 -61 -53 -51 -54 -56 -60 -63 -44 -54 -47 -40 -39 -47 -42 -40 -54 -49 -49 -50 -47 -47 -47 -49 -70 -67 -59 -61 -64 -61 -67 -72 -75 -63 -61 -59 -59 -56 -67 -79 -70 -69 -67 -69 -59 -63 -58 -60 -67 -58 -58 -82 -53 -51 -55 -45 -47 -25 -20 -11 -7 -8 -1 -110 68 35 60 89 62 37 10 20 24 26 0 -47 -39 -41 -45 -31 -31 -63 -46 -68 -67 -58 -51 -55 -51 -46 -128 0 -28 -25
-54 -53 -61 -50 -64 -60 -58 -53 -59 -54 -58 -56 -59 -55 -58 -55 -35 -28 -23 -17 -9 -1 -1 -1 -1 -1 0 -1 2 0 93 -1 -2 -32 -42 -23 -20 -6 -39 -47 -36 -54 -72 -51 -50 -50 -53 -51 -56 -56 -46 -30 -49 -36 -30 -27 -32 -36 -42 -37 -47 -42 -45 -59 -55 -58 -70 -75 -56 -56 -64 -59 -61 -67 -63 -61 -59 -59 -58 -54 -51 -81 -74 -60 -67 -60 -64 -61 -56 -58 -65 -65 -58 -54 -46 -50 -54 -45 -44 -34 -26 -11 -12 -6 -6 -1 -1 31 13 31 35 4 10 1 -1 4 0 -39 -75 -42 -27 -36 -51 -51 -47 -46 -64 -51 -51 -50 -60 -63 -44 -49 -55 -28
-55 -60 -58 -60 -56 -56 -58 -63 -59 -58 -58 -55 -54 -55 -60 -35 -41 -42 -23 -21 -9 -1 -1 -1 -1 -1 -1 -1 -1 -1 -1 -9 -1 -18 -25 -14 -8 -65 -12 -54 -26 -67 -49 -45 -55 -51 -50 -54 -55 -55 -26 -34 -26 -27 -30 -39 -27 -41 -36 -40 -54 -63 -102 -53 -51 -64 -54 -60 -53 -51 -55 -61 -60 -63 -55 -54 -59 -59 -54 -49 -45 -61 -56 -51 -70 -70 -59 -55 -65 -61 -61 -56 -39 -88 -49 -36 -37 -61 -37 -25 -25 -11 -9 -4 -1 -1 0 30 50 19 0 4 -12 -21 -35 -36 -42 -88 -39 -55 -54 -53 -49 -58 -46 -50 -53 -51 -56 -64 -59 -92 -54 -78 -60 -39
-54 -54 -55 -53 -53 -54 -54 -53 -56 -53 -53 -53 -53 -54 -55 -65 -77 -50 -60 -40 -21 -3 -1 -1 -1 -1 -1 -1 -1 -1 -1 -1 -27 -75 -28 -17 -1 -54 -11 -93 -28 -75 -46 -37 -55 -67 -60 -58 -53 -45 -25 -23 -31 -42 -32 -58 -44 -34 -50 -44 -37 -60 -64 -56 -37 -49 -40 -45 -45 -40 -49 -49 -50 -45 -36 -49 -56 -55 -53 -58 -54 -20 -37 -77 -61 -67 -56 -64 -79 -47 -65 -58 -53 -45 -45 -21 0 -56 -36 -30 -23 -11 -8 -7 -4 -11 -1 77 104 47 0 -60 -22 -16 -34 -35 -46 -61 -36 -44 -53 -37 -40 -41 -50 -54 -54 -55 -59 -67 -53 -70 -75 -82 -46 -78
-55 -54 -53 -58 -58 -55 -58 -54 -53 -51 -53 -50 -53 -50 -53 -51 -69 -60 -28 -42 -47 -11 -8 -1 -1 -1 -1 -1 -1 -27 -1 -44 -60 -28 -20 -3 -59 -51 -54 -65 -67 -44 -31 -46 -81 -60 -51 -50 -34 -14 -34 -30 -23 -21 -45 -34 -28 -49 -39 -37 -49 -36 -32 -25 -23 -31 -22 -40 -25 -21 -26 -36 -23 -4 -28 -34 -64 -46 -58 -51 -46 -56 -45 -65 -50 -46 -41 -53 -47 -40 -63 -49 -46 -68 -31 -35 -53 -44 -27 -21 -12 -1 -6 -3 -78 -1 0 116 61 15 -64 -36 -8 -56 -21 -28 -41 -30 -32 -35 -35 -37 -37 -42 -55 -60 -59 -54 -61 -54 -61 -56 -61 -65 -78 -54
-59 -60 -54 -53 -55 -56 -54 -55 -54 -56 -60 -56 -58 -59 -60 -54 -58 -50 -56 -56 -58 -35 -67 -36 -6 -1 -1 -25 -22 -17 -63 -49 -40 -11 -21 -1 -46 -12 -61 -67 -55 -47 -30 -70 -75 -63 -51 -50 -31 -8 -34 -30 -18 -25 -42 -27 -25 -37 -40 -34 -35 -25 -17 -13 -26 -9 -9 -23 -21 -11 -13 -23 -54 -98 -45 -63 -74 -42 -41 -41 -40 -39 -42 -70 -46 -37 -36 -47 -36 -28 -67 -35 -44 -26 -4 -101 -42 -44 -31 -12 -9 -36 -1 -116 88 99 47 65 81 52 0 -31 -20 -40 -14 -55 -49 -39 -30 -34 -35 -36 -41 -39 -41 -60 -55 -54 -60 -50 -53 -60 -55 -53 -64 -69
-55 -56 -56 -54 -53 -59 -55 -58 -53 -58 -56 -53 -56 -56 -53 -53 -55 -63 -53 -40 -40 -21 -28 -21 -17 -49 -17 -40 -37 -25 -28 -35 -21 -30 -7 -46 -46 -53 -59 -42 -36 -42 -63 -58 -51 -47 -36 -25 -7 -22 -14 -21 -23 -44 -39 -32 -46 -25 -32 -25 -27 -16 -13 -17 -22 -6 -27 -39 -39 -81 -87 -100 -41 -45 -96 -73 -61 -75 -39 -36 -28 -41 -36 -22 -28 -37 -46 -35 -13 -61 -22 -9 -41 -44 -6 -26 -26 -23 -26 -23 -26 -2 0 112 39 33 53 114 82 38 -1 -16 -21 -8 -22 -23 -30 -31 -34 -37 -39 -41 -42 -54 -59 -58 -58 -61 -56 -60 -61 -58 -61 -69 -70 -64
-55 -58 -54 -55 -53 -55 -53 -53 -58 -56 -55 -55 -60 -54 -58 -55 -56 -54 -49 -50 -50 -46 -63 -54 -12 -32 -28 -6 -35 -58 -46 -46 -36 -37 -12 -40 -86 -68 -41 -36 -34 -40 -50 -53 -44 -35 -21 -17 -11 -20 -13 -23 -20 -27 -39 -28 -42 -36 -61 -64 -31 -17 -11 -30 -77 -41 -28 -64 -27 -55 -41 -70 -46 -7 -60 -47 -56 -54 -45 -36 -34 -35 -30 -46 -56 -68 -18 -83 -50 -128 -45 -35 15 -60 -50 -54 -61 -22 -20 -21 -9 -9 -14 -1 19 30 53 93 82 62 1 -1 -17 -11 -36 -65 -35 -32 -31 -32 -37 -44 -47 -56 -72 -58 -59 -60 -60 -61 -55 -64 -58 -55 -56 -56
-53 -55 -51 -59 -60 -63 -61 -63 -53 -53 -58 -55 -54 -55 -58 -56 -54 -56 -97 -64 -91 -70 -56 -18 -13 -27 -97 -20 -31 -32 -30 -21 -37 -40 -49 -83 -41 -51 -32 -41 -34 -53 -40 -32 -17 -4 -17 -9 -11 -9 -17 -13 -21 -30 -25 -23 -31 -13 -25 -11 -20 -6 -22 -54 -40 -50 -50 -37 -31 -32 -16 -37 -20 -40 -36 -22 -49 -42 -34 -20 -18 -25 -49 -35 -28 -30 -65 -39 -31 -40 -23 -35 0 -97 -21 -37 -17 -20 -14 -82 -14 -1 -1 32 24 95 102 82 83 31 -1 -3 -9 -2 -67 -30 -28 -32 -28 -44 -36 -37 -74 -56 -59 -53 -44 -61 -61 -55 -63 -69 -59 -65 -67 -63
-59 -53 -59 -58 -55 -54 -55 -56 -55 -58 -56 -54 -54 -53 -58 -55 -55 -53 -56 -59 -58 -51 -70 -44 -32 -16 -86 -67 -26 -56 -50 -28 -51 -41 -40 -100 -49 -49 -35 -22 -31 -34 -34 -22 -12 -9 -21 -12 -1 -12 -4 -11 -13 -21 -9 -13 -3 -1 -1 -1 -47 -60 -82 -69 -28 -32 -31 -27 -26 -51 -47 -17 -100 -39 -17 -16 -59 -25 -63 -25 -9 -51 -36 -27 -25 -26 -31 -25 -27 -25 -26 -32 -45 -20 -14 -17 -21 -22 -13 -3 -22 -9 -1 9 14 42 108 85 39 56 7 -14 -22 -7 -37 -35 -32 -37 -36 -46 -45 -36 -51 -60 -67 -53 -49 -54 -69 -55 -56 -61 -59 -61 -61 -55
-56 -59 -58 -54 -53 -58 -54 -54 -56 -54 -53 -53 -54 -60 -55 -56 -54 -55 -51 -50 -50 -55 -54 -21 -37 -77 -46 -59 -81 -49 -54 -51 -49 -58 -56 -53 -20 -28 -14 -11 -34 -22 -16 -11 -16 -11 -1 -28 -22 -21 -21 -16 -16 -9 -27 -12 -82 -67 -30 -32 -55 -58 -37 -34 -34 -25 -25 -14 -61 -32 -23 -97 -21 -4 -31 -18 -35 -42 -31 -35 -30 -23 -25 -18 -11 -53 -27 -34 -27 -26 -25 -26 -41 -128 -31 -17 -16 -22 -8 -27 -11 -8 0 8 45 96 42 62 0 0 -26 -39 -22 -36 -53 -34 -36 -34 -28 -28 -42 -54 -93 -61 -54 -67 -73 -49 -64 -56 -58 -68 -64 -59 -60 -65
-54 -55 -51 -55 -54 -53 -56 -54 -55 -54 -54 -54 -53 -55 -55 -55 -54 -53 -55 -56 -58 -51 -61 -45 -101 -73 -81 -55 -77 -55 -41 -42 -44 -46 -37 -35 -26 -27 -16 -23 -31 -12 -11 -4 -12 -20 -1 -35 -23 -11 -11 -8 -28 -39 -42 -50 -1 -17 -25 -18 -30 -20 -45 -21 -23 -21 -41 -1 -88 -36 -11 -75 -13 -17 -11 -14 -1 -78 -26 -27 -32 -34 -23 -21 -25 -68 -28 -26 -26 -26 -26 -28 -26 -36 -11 -6 -27 -8 -7 100 -1 -12 -1 45 61 112 95 8 0 -1 -41 -13 -18 -47 -72 -35 -41 -34 -35 -47 -49 -40 -64 -58 -50 -63 -54 -58 -67 -58 -58 -65 -67 -59 -60 -67
-53 -51 -54 -54 -54 -54 -54 -56 -56 -55 -54 -53 -54 -54 -55 -53 -53 -53 -51 -51 -50 -50 -53 -61 -51 -64 -59 -44 -74 -41 -40 -36 -34 -27 -25 -21 -18 -9 -17 -25 -11 -7 -2 -2 -9 -30 -13 -14 -9 -16 -22 -27 -28 -14 -27 -2 -1 -14 -27 -20 -25 -14 -20 -23 -17 -9 -3 -1 -21 -12 -39 -8 -1 -1 -1 -1 -79 -41 -26 -28 -25 -23 -22 -28 -49 -28 -31 -25 -22 -20 -18 -13 -27 -49 -9 -14 -3 -1 24 25 -1 79 114 107 49 8 7 -37 -63 -35 -49 -41 -67 -46 -46 -36 -34 -28 -36 -44 -40 -37 -78 -55 -49 -51 -47 -50 -54 -58 -64 -67 -58 -59 -65 -60
-53 -53 -55 -54 -58 -54 -54 -54 -58 -54 -54 -54 -54 -58 -54 -54 -56 -58 -50 -54 -54 -54 -53 -53 -54 -61 -49 -46 -42 -42 -36 -36 -27 -25 -20 -18 -13 -7 -6 -21 -14 -4 -4 -6 -7 -13 -7 -7 -4 -17 -13 -12 -14 -11 -6 -2 -3 -54 -44 -12 -20 -13 -11 -42 -4 -21 -1 -14 -6 -1 -60 -13 -9 -1 0 62 16 -2 -8 -26 -13 -20 -20 -20 -31 -22 -20 -17 -16 -16 -4 -1 -1 -1 -1 -12 22 12 61 31 -4 67 90 73 67 18 0 -39 -13 -49 -50 -44 -51 -47 -46 -34 -44 -39 -27 -36 -36 -44 -78 -53 -89 -53 -89 -59 -59 -69 -68 -65 -59 -63 -61 -59
-55 -55 -54 -55 -54 -53 -54 -54 -58 -54 -54 -53 -55 -54 -53 -54 -53 -53 -54 -44 -53 -51 -53 -50 -50 -49 -47 -41 -41 -36 -28 -30 -20 -17 -12 -9 -4 -8 -18 -13 -6 -4 -12 -2 -4 -6 -9 -39 -21 -7 -11 -4 -7 -4 -31 -31 -32 -50 -23 -14 -8 -4 -2 -6 -13 -8 -1 -1 91 0 -9 -6 -1 79 74 16 -1 -1 -23 -8 -32 -17 -14 -11 -14 -11 -1 -1 -1 -1 4 14 118 4 0 6 47 61 16 -68 0 116 66 59 61 21 -74 -34 -37 -31 -39 -36 -45 -35 -37 -35 -32 -31 -31 -44 -45 -56 -41 -50 -51 -55 -49 -56 -59 -70 -65 -69 -61 -61 -60 -60
-58 -54 -55 -56 -54 -51 -54 -55 -53 -54 -55 -53 -55 -53 -53 -54 -51 -55 -53 -61 -55 -45 -35 -51 -50 -49 -45 -40 -39 -34 -25 -23 -14 -11 -7 -7 -1 -1 -1 -17 -4 -3 -9 -6 -12 -11 -7 -18 -8 -9 -6 -1 -6 -23 -20 -22 -9 -13 -12 -18 -25 -30 -4 -40 -1 -1 -1 96 0 22 81 -1 -1 10 93 21 117 95 0 94 -1 -1 -4 110 88 -1 -1 84 -1 0 67 64 71 61 113 97 88 83 30 -88 -32 78 62 64 114 32 -1 -27 -27 -58 -32 -28 -46 -36 -32 -30 -31 -27 -44 -69 -51 -87 -65 -63 -60 -55 -61 -50 -54 -58 -63 -65 -59 -61 -59 -60
-53 -55 -53 -56 -54 -59 -55 -55 -55 -54 -58 -58 -58 -55 -53 -55 -55 -51 -54 -53 -51 -46 -46 -46 -50 -45 -46 -45 -32 -22 -20 -12 -4 -3 -1 -2 -1 -46 -39 -6 -26 -6 -16 -9 -7 -6 -3 -6 -2 -3 -1 -11 -8 -7 -22 -11 -8 -3 -11 -37 -14 -13 -16 -1 -1 -46 -1 27 24 70 50 7 35 25 55 102 70 49 49 0 101 0 58 67 76 29 44 43 33 72 107 96 73 48 95 108 70 9 -60 -31 0 49 87 45 54 -108 -37 -39 -46 -46 -34 -37 -37 -37 -35 -28 -34 -49 -46 -49 -86 -54 -55 -53 -55 -58 -59 -77 -79 -64 -67 -59 -59 -58 -60 -58
-56 -53 -59 -54 -53 -53 -55 -55 -58 -55 -54 -55 -56 -54 -53 -53 -54 -53 -54 -53 -53 -53 -47 -47 -49 -47 -44 -39 -37 -25 -14 -9 -7 -3 -13 -13 -1 -3 -12 -1 -6 -12 -21 -3 -6 -1 -2 -2 -30 -2 -2 -4 -2 -1 -22 -4 -2 -22 -1 -25 -14 -11 -1 93 95 0 -1 22 25 15 72 37 29 72 60 70 77 73 102 39 104 25 87 104 65 111 50 108 125 53 78 42 45 53 37 53 111 16 -64 -30 -28 -120 10 21 19 0 -70 -30 -35 -42 -35 -34 -34 -46 -67 -45 -40 -51 -51 -42 -83 -64 -63 -46 -72 -51 -50 -58 -51 -64 -60 -63 -59 -58 -63 -58
-54 -54 -55 -58 -54 -54 -55 -54 -54 -54 -54 -54 -54 -53 -53 -53 -53 -51 -51 -53 -53 -54 -49 -69 -41 -44 -40 -32 -21 -12 -6 -12 -1 -3 -3 -6 -4 -17 -4 -9 -7 -1 -12 -1 -1 -9 -1 -2 -1 -12 89 -22 -6 -17 -7 -3 -7 -2 -9 -8 -16 -11 -7 -1 -1 -1 -47 14 8 38 104 31 49 65 72 77 110 62 22 38 73 31 44 19 119 73 110 89 44 62 0 91 67 88 97 33 49 -39 -30 -44 -31 -32 -78 -69 -41 -79 -53 -36 -45 -41 -36 -41 -36 -59 -42 -41 -40 -49 -63 -93 -84 -79 -89 -82 -53 -50 -51 -54 -60 -65 -59 -61 -58 -58 -63 -58
-54 -54 -58 -54 -54 -59 -58 -53 -53 -54 -54 -53 -54 -53 -53 -53 -53 -53 -51 -53 -53 -51 -69 -59 -49 -45 -45 -37 -20 -16 -1 -1 -3 -11 -7 -2 -7 -30 -7 -7 -7 -7 -2 -1 -1 -8 -1 -1 -1 -1 -1 -9 -1 -6 -8 -25 -17 -16 -1 -8 -1 -9 -1 -11 -1 -1 88 12 15 49 35 54 60 31 39 83 119 64 67 111 68 54 72 127 71 83 74 32 76 82 99 119 90 72 30 82 26 -59 -32 -37 -36 -41 -44 -60 -47 -55 -31 -31 -61 -37 -41 -40 -39 -45 -51 -46 -40 -55 -46 -60 -107 -61 -56 -79 -56 -50 -63 -63 -56 -83 -59 -61 -59 -58 -64 -58
-53 -54 -53 -53 -55 -55 -54 -53 -54 -53 -53 -51 -53 -53 -54 -51 -53 -53 -51 -53 -53 -51 -51 -60 -77 -54 -40 -26 -3 -9 -1 -9 -3 -4 -3 -3 -12 -16 -21 -1 -8 -6 -3 -2 -16 -1 -3 -1 -1 -14 -1 -1 -2 -12 -13 -16 -13 -8 -7 -1 -1 -2 -1 -1 -1 -1 -61 14 14 22 66 50 10 52 74 127 118 77 64 102 81 108 105 0 110 61 88 88 118 120 67 83 84 6 41 2 -7 -47 -35 -32 -46 -67 -44 -28 -27 -45 -22 -59 -58 -31 -40 -40 -49 -47 -47 -49 -47 -56 -58 -67 -56 -56 -58 -55 -58 -56 -58 -51 -67 -55 -58 -68 -58 -61 -58 -61
-53 -53 -54 -54 -55 -55 -54 -53 -53 -54 -54 -54 -54 -54 -53 -53 -53 -53 -51 -53 -53 -53 -51 -51 -56 -70 -42 -40 -46 -1 -1 -13 -1 -1 -3 -4 -14 -3 -6 -20 -2 -2 -1 -1 -2 -1 -1 -1 -6 -1 -1 -1 -1 -4 -22 -21 -13 -7 -6 -1 -1 -1 -1 -1 -1 -1 -1 0 31 33 32 42 83 58 67 74 89 99 54 66 102 94 100 101 84 99 117 85 87 67 44 49 110 45 25 38 -50 -81 -42 -54 -37 -54 -50 -45 -46 -51 -59 -44 -51 -50 -50 -86 -100 -45 -55 -65 -44 -50 -50 -54 -61 -53 -58 -56 -55 -51 -59 -55 -67 -64 -58 -59 -54 -64 -64 -77
-54 -54 -54 -55 -56 -54 -53 -53 -54 -54 -54 -54 -54 -54 -54 -51 -53 -53 -51 -53 -53 -51 -54 -51 -44 -44 -37 -13 -1 93 -1 -1 -1 -2 -4 -1 -1 -1 -8 -1 -17 -1 -28 -3 -1 -1 -1 -9 -1 -1 -1 -14 -1 -22 -17 -17 -26 -8 -4 -1 -1 -21 -1 -1 -1 -1 96 89 26 6 1 14 67 96 91 118 49 105 106 2 93 50 102 107 41 104 79 70 79 65 94 0 95 50 77 -122 -28 -60 -46 -41 -49 -55 -44 -54 -35 -39 -50 -42 -45 -47 -56 -54 -50 -55 -44 -54 -40 -54 -61 -61 -49 -55 -55 -54 -53 -56 -59 -68 -59 -56 -53 -60 -68 -65 -60 -64
-53 -53 -54 -53 -53 -53 -54 -54 -53 -54 -53 -54 -55 -54 -55 -56 -53 -55 -51 -54 -53 -54 -51 -49 -45 -42 -58 -9 -1 -1 -1 -1 -1 -1 -1 -1 -9 -25 -11 -3 -1 -1 -1 -1 -1 -1 -1 -1 -17 -1 -1 -1 -1 -1 -1 -31 -9 -20 -1 -1 -1 -1 -1 -1 -1 -1 -1 -1 -1 0 -1 -1 2 32 32 8 76 83 42 54 68 91 54 64 65 58 76 48 44 22 27 41 -128 50 62 0 -59 -83 -47 -42 -47 -51 -64 -56 -51 -44 -34 -69 -46 -58 -44 -45 -51 -53 -47 -49 -45 -56 -70 -67 -59 -65 -53 -51 -50 -49 -64 -63 -56 -55 -73 -61 -68 -61 -61 -58
-53 -53 -54 -53 -54 -55 -53 -53 -53 -53 -53 -55 -54 -54 -55 -56 -54 -56 -53 -51 -53 -53 -51 -47 -39 -17 -2 -1 -1 -1 -1 -1 -1 -1 -1 -1 -1 -1 -1 -1 -1 -1 -1 -1 -1 -1 -1 -1 -1 -3 -1 -1 -7 -1 -1 -2 -16 -50 -1 -1 -115 -1 -1 -1 -1 -1 -1 -1 -1 -1 -1 -1 0 0 6 14 49 15 26 19 26 53 82 112 31 119 100 102 72 83 47 3 0 0 19 -45 -30 -67 -44 -54 -47 -51 -44 -45 -45 -60 -65 -75 -56 -69 -56 -65 -59 -42 -51 -41 -50 -54 -63 -64 -68 -53 -55 -54 -56 -69 -61 -56 -56 -65 -61 -61 -59 -68 -60 -58
-53 -53 -53 -53 -51 -51 -53 -53 -54 -53 -53 -51 -56 -54 -54 -50 -58 -55 -53 -51 -51 -61 -51 -46 -27 -8 84 -1 -1 -1 -1 -1 -1 -1 -1 -1 -1 -1 -1 -1 -1 -1 -1 -1 -1 -1 -1 -1 -1 -1 -1 -1 -28 -40 -21 -1 -27 -18 -1 -1 -1 -1 -1 -1 -1 -1 -1 -1 -1 -1 -1 -1 -1 -1 -1 0 0 58 94 33 101 70 97 77 0 82 104 97 88 29 21 7 27 24 26 -1 -35 -63 -45 -47 -42 -51 -49 -59 -68 -60 -64 -64 -74 -54 -54 -50 -50 -50 -44 -58 -60 -88 -68 -60 -63 -54 -51 -56 -67 -73 -60 -56 -63 -59 -61 -56 -58 -64 -65 -67
-53 -55 -54 -54 -54 -53 -53 -54 -53 -53 -53 -54 -53 -54 -55 -64 -53 -51 -49 -50 -55 -50 -44 -30 -7 -1 -1 -1 -1 -1 -1 -1 -1 -1 -1 -1 -1 -1 -1 -1 -1 -1 -1 -1 -1 -1 -1 -4 -1 -1 -2 -1 -1 -4 -9 -26 -28 -1 -1 -1 -1 -1 -1 -1 -1 -1 -1 -1 -1 -1 -1 -1 -1 -1 -1 0 61 48 56 76 87 95 87 0 79 84 104 96 38 25 16 29 30 8 0 -50 -39 -47 -44 -46 -46 -50 -67 -50 -50 -55 -70 -67 -51 -77 -54 -49 -58 -59 -61 -61 -63 -60 -65 -69 -59 -59 -64 -63 -64 -65 -58 -64 -68 -69 -67 -74 -79 -67 -72 -58
-53 -51 -54 -50 -58 -53 -54 -53 -53 -53 -50 -55 -50 -54 -51 -51 -56 -50 -49 -58 -45 -45 -45 -31 -22 -9 -18 -1 -1 -1 -1 -1 -1 -1 -1 -1 96 50 58 12 -1 -1 -1 -1 -1 -1 -1 -1 -1 -1 -1 -2 -13 -11 -6 -1 -9 -1 -3 -1 -1 -1 -1 -1 -1 -1 -1 -1 -1 -1 -1 -2 -9 -8 -1 -1 -1 0 30 58 89 77 76 79 52 73 87 85 54 99 10 77 30 32 27 -1 -3 -47 -53 -46 -41 -58 -60 -49 -59 -56 -61 -60 -53 -56 -68 -54 -67 -73 -51 -58 -54 -68 -72 -81 -73 -77 -98 -60 -64 -67 -58 -56 -58 -67 -67 -64 -60 -58 -63 -63
-50 -53 -49 -60 -47 -47 -50 -45 -54 -53 -51 -42 -49 -65 -51 -51 -42 -36 -22 -35 -22 -21 -12 -20 -4 -2 -1 -1 -1 -1 -1 -1 -1 -1 27 84 44 72 60 -75 -1 -1 -1 -1 -1 -1 -1 -1 -1 -1 -1 -1 85 -3 -4 -16 -7 -1 -34 -1 -1 -1 -1 -1 -1 -1 -1 -1 -1 -8 -1 -1 -20 -11 -9 -1 -1 -1 0 13 73 65 67 47 84 56 91 67 42 45 97 64 24 25 32 14 -9 -69 -51 -47 -54 -59 -56 -68 -59 -53 -56 -74 -55 -54 -51 -70 -68 -86 -79 -58 -75 -61 -67 -84 -60 -72 -55 -68 -68 -65 -61 -64 -63 -69 -60 -78 -67 -65 -67 -59
-46 -47 -53 -53 -45 -40 -34 -44 -46 -50 -44 -31 -4 -42 -47 -55 -44 -25 -18 -13 -12 -8 -6 -1 -1 -1 -1 -1 -1 -1 -1 -1 55 58 67 53 65 67 68 -1 79 67 66 -1 97 -1 -1 -1 -1 -1 -1 -1 -1 -1 -3 -8 -22 -21 -7 -1 -1 -1 -1 -1 -1 -1 -1 -1 -1 -1 -1 -1 -18 -7 -8 -14 -1 -1 -1 -1 47 49 30 4 25 37 35 66 66 73 96 110 65 78 85 12 -1 -45 -74 -54 -74 -49 -61 -87 -46 -56 -63 -64 -54 -61 -61 -61 -63 -88 -67 -74 -74 -73 -73 -67 -61 -63 -58 -54 -60 -64 -68 -53 -67 -61 -82 -67 -68 -72 -67 -75
-30 -14 -16 -16 -23 -21 -20 -16 -27 -20 -8 -4 -1 -13 -36 -35 -18 -9 -3 -7 -7 -1 -3 -1 -1 -1 -1 -1 -1 91 78 67 66 59 90 56 21 -1 72 54 62 88 -84 -1 -1 -1 -1 -1 -1 -1 -1 -1 -1 -1 -4 -1 -4 -1 -1 -1 -1 -1 -1 -1 -1 -1 -1 -1 -1 -1 -1 -32 -2 -3 -3 -8 -1 -1 -1 -1 -1 31 35 3 22 7 16 65 67 81 64 120 118 38 30 4 -1 -93 -59 -49 -54 -50 -60 -61 -59 -63 -53 -53 -60 -58 -54 -60 -72 -55 -69 -53 -53 -61 -54 -61 -67 -58 -87 -59 -60 -49 -68 -70 -79 -68 -68 -74 -61 -58 -59 -63
-21 -7 0 78 -1 -8 -7 -1 -2 -1 -1 62 26 -17 -1 -13 -16 -6 -1 -1 -1 -1 -1 -1 -1 -1 -1 -1 -1 -1 66 82 64 70 82 64 68 77 59 50 66 79 73 -1 -1 -1 -1 -1 -1 -1 91 -1 -1 -1 -1 -11 -3 -2 -25 -8 -1 -1 -1 -1 -1 -1 -1 -1 -1 -6 -6 -20 -1 -14 -7 -14 -14 -6 -1 -1 -1 -1 -1 -1 -1 0 31 8 29 39 87 110 90 97 94 15 19 -30 -46 -50 -53 -60 -55 -61 -64 -58 -51 -54 -64 -65 -59 -55 -55 -68 -58 -64 -60 -72 -67 -77 -81 -58 -63 -64 -77 -68 -81 -72 -60 -78 -61 -61 -73 -60 -58 -72
-1 114 111 102 -11 -1 -1 -8 -1 -1 -1 32 62 61 -21 -3 -1 -1 -1 -1 -1 -1 -1 -1 -1 -1 -1 -1 -1 61 53 73 91 95 93 93 61 78 61 78 76 77 29 -1 -1 -1 -1 -1 -1 -1 67 79 -1 -1 -1 -1 -1 0 -14 -3 -1 -1 -1 -1 -1 -1 -1 -1 -1 -1 -1 -1 -9 -8 -20 -1 -8 -14 -22 -13 -1 -1 -1 -1 -1 -1 25 10 47 52 96 107 67 50 65 10 31 -98 -59 -58 -47 -63 -58 -55 -60 -55 -55 -59 -60 -59 -64 -75 -75 -56 -67 -63 -72 -63 -74 -72 -61 -61 -72 -61 -73 -68 -64 -77 -82 -65 -64 -69 -63 -67 -63 -61
-1 85 76 56 72 55 25 0 -1 -1 -1 41 52 48 53 76 41 -1 -1 -1 -1 105 -1 104 -1 89 -1 66 60 82 64 64 94 83 77 81 96 61 97 54 73 79 74 64 -1 -1 -1 -1 -1 -1 67 70 82 -1 -1 -1 -2 -18 -12 -26 -20 -21 -28 -17 -2 -1 -1 -1 -1 -1 -1 -1 -1 -12 -46 -25 -16 -20 -11 -16 -54 -26 -14 -7 -1 -1 -1 -54 18 31 120 85 74 48 53 24 -1 -2 -100 -54 -68 -53 -53 -86 -70 -55 -54 -58 -55 -61 -69 -73 -73 -65 -69 -65 -59 -69 -58 -59 -68 -64 -58 -65 -72 -70 -70 -72 -78 -68 -70 -70 -65 -69 -65 -63
56 72 118 67 72 93 91 35 -86 65 59 77 77 60 73 82 67 -1 -1 -1 58 76 50 67 62 62 64 67 122 82 104 73 112 85 87 82 76 64 59 67 32 61 74 85 -1 -1 -1 -1 54 55 67 52 -16 -1 -1 -1 -7 19 -14 -21 -27 -21 -25 -36 -1 -1 -2 -1 -1 -1 -1 -1 -1 -39 -21 -12 -27 -17 -20 -23 -11 -8 -36 -16 -7 -1 -1 0 19 95 52 100 56 4 0 -1 -54 -16 -120 -51 -59 -58 -51 -72 -65 -67 -72 -58 -58 -79 -77 -58 -54 -56 -63 -58 -68 -61 -69 -58 -63 -78 -81 -78 -58 -60 -63 -70 -58 -67 -59 -70 -67 -77 -96 -56
62 54 82 88 60 70 105 65 56 81 55 78 64 68 70 71 61 76 71 76 72 73 66 52 64 68 76 111 93 101 118 72 102 114 87 94 71 108 38 54 48 66 65 76 -1 -1 -1 60 64 62 54 68 2 -1 -1 -1 -1 -1 0 -7 -8 -116 -77 -20 -25 -47 -16 -9 -30 -18 -1 -1 -1 -1 -26 -12 -2 -2 -16 -12 -23 -13 -12 -21 -18 -22 -1 -1 21 58 21 74 56 2 38 -1 -23 -75 -45 -54 -51 -47 -61 -51 -64 -67 -81 -55 -55 -75 -64 -64 -67 -69 -60 -64 -65 -63 -56 -58 -65 -56 -56 -81 -67 -65 -78 -61 -61 -64 -60 -58 -60 -105 -64 -65
68 76 90 81 91 87 83 64 81 53 65 60 70 74 74 73 73 74 76 79 71 74 74 66 0 0 117 120 120 81 82 95 91 90 100 90 78 53 59 61 52 73 70 0 -1 100 39 55 60 66 72 -1 -1 -1 -1 -1 -1 -2 -3 -23 -26 43 -37 -37 -41 -25 -17 -12 -7 -17 -13 -35 -42 -41 -31 -1 -1 -4 -14 -22 -9 -12 -13 -14 -14 -16 -1 -1 -1 0 33 39 2 0 35 -1 -31 -27 -116 -53 -61 -49 -50 -75 -58 -61 -59 -65 -59 -61 -63 -68 -79 -59 -59 -61 -55 -60 -59 -59 -63 -55 -61 -63 -63 -61 -60 -65 -65 -61 -65 -63 -83 -63 -60 -65
107 83 77 95 76 72 67 59 68 73 74 67 53 65 68 68 62 70 61 58 95 88 72 77 93 71 105 95 77 99 81 111 65 85 60 96 64 53 68 62 74 60 71 12 82 77 77 65 76 68 79 -1 -1 -1 -1 -1 -1 -1 -4 -3 -17 -17 -68 -46 -41 -25 -47 -63 -9 -18 -25 -46 -31 -16 -12 -13 -4 -27 -9 -34 -17 -16 -17 -13 -13 -16 -3 -1 -1 -1 89 0 -1 24 9 -1 -1 -86 -88 -84 -67 -67 -65 -105 -64 -65 -59 -61 -60 -63 -61 -61 -61 -65 -70 -65 -72 -67 -59 -59 -70 -56 -68 -64 -67 -65 -61 -63 -60 -63 -73 -74 -68 -70 -60 -56
106 99 95 104 89 88 78 91 112 91 90 58 78 101 73 48 58 64 88 87 74 89 85 127 88 100 85 95 70 64 62 67 58 54 68 72 65 64 65 74 67 58 61 65 74 70 68 73 70 78 -1 -1 -1 -1 -1 -1 -1 -1 -4 -28 -21 -20 -25 -26 -26 -27 -30 -40 -55 -6 -16 -18 -39 -50 -20 -7 -9 -16 -31 -20 -17 -25 -16 -14 -13 -20 -1 -1 -1 -1 -1 -1 -1 -18 -1 -1 -1 -55 -73 -81 -70 -65 -67 -59 -60 -59 -60 -59 -59 -64 -59 -58 -59 -59 -60 -59 -73 -58 -59 -63 -63 -65 -67 -64 -58 -61 -64 -73 -87 -68 -74 -70 -56 -60 -64 -63
106 85 88 113 79 122 79 113 104 107 108 76 72 82 96 90 82 81 87 111 91 94 107 0 101 124 101 88 58 64 4 59 100 100 8 55 61 73 66 93 71 18 58 65 66 85 70 62 67 71 -1 -1 -1 -1 -1 -1 -3 -1 -1 -1 -7 -21 -17 -14 -27 -31 -26 -28 -22 -18 -35 -17 -42 -27 -7 -18 -30 -4 -8 -8 -20 -6 -16 -16 -14 -9 -2 -1 -1 -1 -1 -1 -1 -1 -1 -1 -1 -1 -69 -67 -64 -58 -55 -58 -56 -61 -61 -61 -58 -63 -59 -60 -56 -59 -59 -82 -67 -60 -58 -64 -60 -74 -70 -63 -59 -65 -60 -64 -65 -72 -77 -72 -64 -63 -78 -59
99 90 104 96 91 111 104 118 112 105 113 95 94 102 110 83 73 124 111 73 84 0 105 96 60 81 110 20 67 67 74 119 99 83 26 82 73 64 81 73 36 67 102 82 100 89 64 71 60 27 -1 -1 -1 -1 -1 -1 -1 -1 -1 -1 -1 -8 -9 -8 -23 -26 -22 -28 -31 -12 -13 -18 -40 -72 -37 -36 -58 -36 -1 -4 -11 -9 -12 -13 -28 -22 -1 -1 -1 -1 -1 -1 -1 -21 -1 -1 -1 -1 -36 -34 -32 -60 -63 -61 -59 -58 -63 -64 -59 -58 -59 -64 -69 -64 -64 -58 -59 -61 -65 -67 -69 -67 -68 -68 -79 -72 -69 -73 -73 -78 -70 -77 -64 -70 -61 -72
112 100 94 106 97 122 118 117 116 110 112 106 76 96 77 74 53 77 89 113 102 0 120 81 7 72 61 62 44 71 94 119 117 96 89 81 94 79 71 79 15 66 72 76 58 71 56 73 70 52 -1 -1 -1 -1 -1 -1 -1 -1 -1 -1 -1 -2 -2 -6 -22 -6 -11 -32 -25 -61 -35 -28 -39 -60 -42 -36 -34 -30 -88 -6 -9 -1 -4 -13 -14 -12 -9 -11 -1 -1 -1 -1 -1 -1 -1 -1 -1 -1 -1 -82 -117 -75 -65 -61 -63 -56 -60 -61 -59 -58 -61 -59 -60 -67 -65 -60 -64 -63 -61 -68 -91 -60 -64 -68 -67 -73 -56 -64 -61 -75 -61 -63 -67 -78 -64 -60
127 99 97 106 105 122 89 118 127 101 99 117 127 118 97 111 104 119 107 110 127 88 79 0 102 122 79 77 93 85 87 106 96 112 3 76 83 74 49 50 76 90 64 54 64 68 59 26 -1 -1 -1 -1 -1 -1 -1 -1 -7 -1 -1 -1 -1 -1 -7 -14 -9 -32 -35 -40 -22 -20 -42 -18 -11 -21 -20 -28 -53 -31 -64 -4 -8 -7 -2 -4 -11 -8 -31 -1 -1 -1 -1 -1 -1 -17 -1 -1 -1 -1 -46 -87 -78 -87 -60 -60 -58 -59 -56 -60 -60 -59 -59 -63 -59 -60 -60 -58 -63 -61 -59 -69 -59 -59 -65 -82 -79 -64 -53 -73 -68 -67 -67 -67 -69 -69 -64 -72
116 118 100 93 108 113 127 113 127 125 125 123 81 67 107 119 110 119 113 68 93 9 117 120 118 119 107 76 108 95 90 108 110 64 70 89 85 88 83 77 82 108 89 66 68 66 -47 -1 -1 -1 -1 -1 -1 -1 -1 -1 -2 -1 -1 -1 -4 -1 -6 -14 -11 -26 -37 -14 -12 -35 -28 -9 -13 -16 -12 -11 -6 -63 -27 -18 -18 -16 -1 -1 -13 -8 -9 -1 -1 -1 -1 -1 -1 -1 -1 -1 -1 -1 -1 -68 -128 -79 -70 -59 -65 -79 -58 -64 -60 -70 -59 -61 -61 -60 -60 -61 -59 -74 -64 -64 -69 -70 -61 -72 -64 -69 -68 -70 -68 -69 -65 -64 -67 -65 -65 -59
108 119 101 116 120 127 117 100 112 95 127 114 122 122 102 127 99 31 111 110 123 105 127 127 113 99 102 112 108 93 108 100 94 93 108 106 116 101 101 90 104 87 89 79 64 68 -1 -1 -1 -1 -1 -1 -1 -1 -1 -1 -1 -1 -1 -1 -1 -12 -6 -4 -13 -17 -12 -13 -28 -20 -8 -22 -12 -16 -7 -8 -3 -35 -28 -42 -1 -1 -1 -4 -14 -6 -11 -11 -1 -1 -1 -1 -1 -18 -1 -1 -1 -9 -73 -56 -105 -65 -68 -61 -67 -65 -61 -61 -60 -55 -60 -59 -64 -59 -58 -64 -64 -58 -73 -64 -68 -60 -63 -64 -69 -72 -65 -81 -70 -69 -68 -67 -61 -65 -63 -65
87 123 124 100 116 122 127 111 123 119 110 122 127 105 101 24 7 102 125 105 124 119 118 0 119 107 100 127 111 116 101 101 122 73 119 117 111 93 108 95 119 74 74 71 76 65 -1 -1 -1 -1 -1 -1 -1 -1 -1 -1 -2 -1 -1 -1 -1 -1 -1 -8 -25 -16 -14 -14 -17 -22 -13 -12 -9 -6 -9 -9 -9 -9 -23 -34 -32 -1 -1 -1 -1 0 -1 -1 66 0 -1 -1 -1 -1 -1 -1 -1 -8 -50 -49 -47 -114 -69 -61 -56 -59 -61 -58 -64 -63 -55 -68 -63 -60 -61 -61 -60 -60 -63 -69 -67 -72 -72 -75 -74 -64 -77 -82 -67 -68 -67 -65 -60 -64 -63 -59
125 117 127 120 93 124 113 117 113 112 122 116 118 100 104 119 114 106 122 122 122 117 1 107 91 101 108 114 118 111 123 111 114 67 116 116 106 107 105 101 85 66 64 59 72 0 -1 -1 -1 -1 -1 -1 -1 -1 -1 -1 -1 -1 -1 -1 -1 -1 -1 -7 -12 -8 -9 -8 -6 -20 -12 -32 -6 -7 -8 -14 -11 -8 -12 -35 -25 -36 -25 0 -1 -1 -1 -1 -1 -1 0 -1 -1 -21 -1 -1 -1 -1 -8 -102 -41 -106 -72 -63 -63 -61 -61 -63 -58 -64 -59 -60 -68 -68 -67 -63 -61 -89 -73 -69 -60 -69 -69 -65 -61 -72 -72 -97 -65 -67 -65 -67 -68 -65 -61 -60
118 89 127 127 123 104 117 127 124 110 123 113 96 125 127 122 123 118 122 123 118 116 114 0 113 116 112 123 112 120 107 116 123 105 49 123 125 106 112 87 82 61 58 58 70 77 -1 -1 -1 -1 -1 -1 -1 -1 -1 -1 -1 -1 -1 -1 -1 -1 -1 -1 -1 -6 -8 -12 -13 -20 -23 -23 -12 -2 -9 -8 -9 -16 -26 -46 -36 -30 -21 -9 -1 -1 -1 -1 -1 -1 -1 -1 0 -1 -1 -1 -1 -1 -35 -114 -86 -128 -64 -70 -75 -63 -65 -65 -64 -64 -61 -67 -67 -70 -61 -60 -70 -65 -73 -64 -70 -58 -68 -82 -87 -77 -74 -65 -72 -73 -65 -65 -65 -63 -63 -87
127 122 114 116 127 104 113 122 123 120 101 127 125 124 117 116 110 113 118 112 116 105 0 112 106 114 122 114 112 113 114 120 112 110 110 127 127 97 90 82 61 62 61 62 74 70 -1 -1 -1 -1 -1 -1 -1 -1 -1 -1 -1 -1 -1 -1 -1 -1 -1 -1 -1 -13 -26 -21 -21 -12 -20 -31 -21 -6 -8 -12 -9 -16 -17 -22 -25 -23 -16 -4 -1 55 -64 -1 -1 -1 -1 -1 -1 -20 -1 -1 -1 -13 -45 -36 -63 -53 -63 -70 -65 -68 -65 -67 -63 -68 -67 -56 -65 -75 -65 -70 -63 -65 -75 -68 -72 -74 -70 -73 -72 -73 -67 -70 -65 -64 -68 -67 -128 -65 -73 -100
116 116 107 50 125 112 91 117 112 104 119 120 125 117 125 119 122 120 127 90 27 114 10 67 112 105 122 120 125 122 122 118 122 108 100 122 127 99 102 87 64 65 67 70 74 73 77 -1 -1 -1 -1 -1 -1 -1 -1 -1 -1 -1 -1 -1 -1 -1 -1 -1 -1 -1 -1 -12 -16 -23 -34 -28 -34 -37 -4 -12 -11 -12 -11 -11 -12 -16 -20 -28 -11 -1 -1 -72 -1 -1 -1 -1 -1 -1 -1 -1 -1 -8 -17 -30 -60 -39 -78 -65 -81 -53 -63 -65 -67 -65 -64 -69 -65 -64 -65 -73 -77 -88 -67 -65 -69 -75 -81 -72 -69 -70 -70 -67 -70 -70 -68 -67 -72 -128 -58 -60
114 127 127 118 127 122 119 114 114 114 116 119 120 120 127 116 127 127 112 124 111 117 0 118 120 122 122 127 125 125 119 105 125 122 116 49 107 104 77 62 56 67 53 -44 67 71 70 -1 -1 -1 102 -1 -1 -1 -1 -1 -1 -1 -1 -1 -1 -1 -1 -1 -1 -1 97 -3 -23 -14 -14 -9 -34 -49 -2 -18 -4 -14 -11 -9 -11 0 -20 -31 -1 -1 18 47 -22 -1 -1 -1 -1 -16 -1 -1 -1 -12 -4 -6 -13 -128 -84 -67 -63 -70 -67 -67 -64 -74 -64 -65 -67 -69 -69 -67 -64 -64 -72 -63 -78 -67 -65 -67 -69 -65 -69 -65 -69 -68 -64 -69 -69 -61 -64 -67
119 127 120 125 123 0 113 112 120 117 120 118 118 118 106 120 122 127 127 122 117 111 0 120 0 0 122 0 108 123 120 97 26 124 101 120 113 111 89 64 62 68 71 118 52 61 73 4 0 94 -1 -1 -1 -1 -1 -1 -1 -1 -1 -4 -1 -1 -1 -1 -1 -1 -1 -1 -6 -27 -17 -30 -70 -41 -58 -34 -8 -11 -8 -9 -8 -9 -18 -23 -45 -28 -1 -110 59 -73 -1 -1 -1 -1 -1 -1 -1 -1 -2 -9 -11 -53 -72 -60 -91 -65 -70 -68 -64 -63 -72 -82 -74 -69 -72 -72 -69 -69 -69 -74 -73 -73 -69 -68 -68 -73 -67 -65 -65 -67 -68 -67 -67 -64 -61 -69
120 122 124 120 104 0 122 122 125 118 116 114 116 106 110 113 117 117 120 123 120 117 116 124 104 119 125 108 70 106 123 108 119 117 112 112 112 101 78 65 71 70 76 82 60 65 67 0 104 -1 -1 -1 -1 -1 -1 -1 -1 -1 -1 -1 -1 -1 -1 -1 -4 -12 -1 -1 -1 -1 -4 -1 -64 -27 -32 -54 -23 -8 -16 -8 -9 -8 -23 -20 -14 -36 -1 -1 -1 -1 -1 -1 -1 -18 -1 -1 -1 -1 -7 -1 -4 -128 -82 -72 -64 -64 -69 -64 -64 -64 -63 -67 -70 -64 -68 -63 -68 -70 -68 -70 -73 -68 -64 -64 -68 -67 -72 -65 -65 -65 -86 -69 -68 -63 -63 -61
123 127 118 113 127 123 25 27 22 20 12 3 26 0 0 0 0 0 0 0 12 21 0 29 8 24 22 0 0 0 0 0 0 0 16 22 9 9 4 0 0 0 0 0 0 0 0 0 74 65 -1 -1 -1 -1 -1 -1 -1 -1 -1 -1 -1 -1 -1 -1 -1 -1 -1 -1 -8 -1 -3 -1 -1 -3 -25 -35 -27 -26 -20 -7 -9 -11 -9 -12 -16 -20 -23 -39 -2 -1 -1 -1 -1 -1 -1 -1 -1 -7 -8 -7 -21 -60 -70 -56 -64 -63 -67 -63 -64 -65 -65 -68 -69 -75 -67 -68 -67 -67 -65 -70 -67 -73 -67 -68 -65 -67 -74 -70 -78 -75 -70 -64 -64 -64 -65 -63
110 122 122 105 120 127 127 127 127 127 127 0 0 0 0 0 0 0 127 127 127 127 127 50 0 0 0 0 0 0 127 127 127 127 127 125 0 0 0 0 0 0 15 66 72 60 66 59 71 74 48 -1 -1 -1 -1 -1 -1 -1 -1 -1 -1 -1 -1 -1 -1 -2 -1 -1 -1 -1 -1 -1 -6 -3 -9 -16 -11 -14 -12 -8 -8 -7 -7 -4 -11 -16 -11 -12 -26 -1 -1 -1 -1 -20 -1 -1 -1 -6 -14 -14 -25 -50 -47 -58 -60 -87 -70 -64 -64 -65 -70 -67 -70 -69 -70 -70 -69 -68 -68 -64 -67 -65 -68 -68 -69 -72 -67 -67 -64 -64 -68 -68 -69 -67 -63 -60
104 110 105 84 112 120 120 123 123 123 123 127 119 119 114 114 116 116 93 127 119 113 107 0 118 127 127 127 118 107 82 119 91 100 118 114 106 87 73 66 62 26 64 7 -1 112 60 64 71 62 76 78 -1 -1 -1 -1 -1 -1 -1 -1 -1 -1 -1 -1 93 -1 -1 -1 -1 -1 -1 -1 -1 -4 -11 -13 -11 -7 -8 -6 -6 -4 -8 -4 -1 -1 -3 -4 -2 -1 -1 -1 -1 -1 -1 -1 -1 -1 -7 -8 -4 -7 -128 -58 -53 -110 -55 -89 -65 -63 -61 -64 -67 -67 -64 -67 -67 -65 -70 -69 -70 -69 -68 -65 -65 -69 -65 -67 -65 -65 -67 -68 -68 -64 -63 -67
112 105 87 110 110 113 120 120 122 122 122 116 114 107 116 116 95 94 123 116 117 101 101 116 114 123 112 111 111 102 117 120 117 120 104 111 90 84 67 61 -70 53 66 53 111 -2 55 61 58 71 74 0 -1 -1 -1 -1 -1 -1 -1 -1 -1 -1 -1 -1 82 -1 -1 -1 -1 -12 -1 -7 -1 -4 -1 -4 -7 -12 -17 -17 -9 -9 -8 -2 -2 -1 -2 -2 -2 -1 -1 -1 -1 -1 -1 -1 -2 -1 -1 -7 -9 -68 -50 -78 -59 -53 -103 -73 -56 -60 -69 -60 -69 -64 -64 -65 -67 -67 -65 -72 -69 -72 -74 -65 -69 -70 -68 -67 -65 -64 -61 -69 -69 -67 -67 -61
84 108 99 106 111 102 111 114 118 107 116 114 107 89 116 112 105 107 110 123 124 87 91 20 91 111 107 111 117 113 0 2 120 111 113 100 97 100 29 54 62 56 58 67 73 60 94 65 64 64 72 76 -1 -1 -1 -1 -1 -1 -1 -1 -1 0 0 -1 -1 0 -1 -1 83 -1 -4 -1 0 -2 -2 -2 -1 -1 -18 -11 -8 -7 -7 -7 -4 -1 -13 -23 -16 -8 -3 -3 -1 0 0 -128 -6 -7 -9 -12 -3 -18 -8 -39 -78 -40 -45 -102 -49 -53 -55 -55 -103 -72 -69 -65 -67 -67 -65 -65 -64 -64 -64 -65 -64 -68 -128 -124 -67 -67 -68 -68 -70 -64 -64 -61
71 82 112 108 96 102 89 81 108 94 111 99 106 112 112 107 106 84 114 114 123 119 110 81 85 116 114 111 118 4 122 113 87 105 97 95 93 68 68 67 64 60 64 65 71 58 65 62 60 72 73 38 -1 -1 -1 -1 -1 -1 -1 -1 -1 -1 33 -1 -1 0 101 -1 -1 -1 88 39 -1 -1 -4 -1 -1 -1 -18 -8 -7 -13 -8 -11 -11 -20 -8 -4 -9 -6 -4 -4 -2 -8 0 -14 -2 -1 -2 -1 -1 -2 -1 -119 -58 -47 -51 -47 -54 -58 -91 -73 -78 -61 -64 -64 -64 -65 -63 -67 -70 -64 -65 -67 -64 -128 -65 -67 -60 -74 -68 -67 -65 -65 -67 -61
84 82 88 91 101 99 97 94 76 78 104 107 111 108 111 108 110 108 105 104 111 106 104 106 106 125 127 118 111 100 105 122 122 107 102 100 108 87 90 67 67 62 70 65 68 66 67 59 62 66 61 77 -1 -1 -1 -1 -1 -1 -1 -1 -1 104 -1 -1 -1 -1 -1 105 0 0 97 -1 -1 -8 -1 -1 -1 -1 -12 -11 -8 -16 -12 -13 -14 -12 -3 -7 -6 -8 -3 -1 -1 -2 -3 -6 -1 -3 -1 -6 -2 -2 -2 -9 -21 -51 -42 -44 -41 -50 -46 -55 -122 -51 -67 -63 -63 -63 -64 -64 -61 -77 -68 -65 -65 -73 -64 -65 -68 -72 -65 -65 -79 -65 -69 -68
85 62 88 88 64 84 88 60 97 62 107 110 110 102 94 102 111 108 97 87 101 105 107 112 118 124 97 96 93 119 120 111 110 104 105 88 87 96 111 67 62 62 60 67 61 62 65 62 56 58 71 73 -1 -1 -1 -1 -1 -1 -1 -1 -1 -1 -1 -1 -1 -1 -1 -1 -1 -1 -1 -1 -1 -1 -1 -1 -7 -7 -12 -9 -7 -9 -11 -8 -9 -9 -8 -6 -6 -7 -6 -1 -1 -3 -2 -1 -1 -1 -7 -3 -1 -1 -3 -4 -58 -54 -42 -41 -42 -46 -25 -60 -122 -63 -82 -61 -63 -63 -61 -61 -58 -65 -63 -69 -67 -64 -69 -67 -64 -69 -68 -68 -67 -64 -64 -67
