136 100
113 112 119 112 117 99 107 116 117 90 8 111 112 107 114 106 104 117 117 100 113 72 -73 94 97 78 112 102 113 114 106 90 112 104 102 102 113 104 89 93 -53 -50 -51 102 104 71 104 107 100 102 99 100 78 97 96 0 105 102 90 79 85 105 81 68 65 83 6 9 62 56 53 71 87 91 84 70 88 102 65 84 81 84 89 48 100 60 79 107 111 96 90 95 89 67 74 90 67 83 72 74 53 87 65 67 106 76 71 77 62 68 62 47 48 47 58 88 88 96 81 96 90 88 84 74 87 72 81 85 70 72 84 89 85 71 74 74
122 124 120 125 119 127 125 118 111 0 116 111 107 82 87 110 94 112 77 56 97 95 112 94 93 110 112 127 100 123 116 48 122 106 102 106 118 108 58 -28 96 101 110 97 87 104 97 119 77 101 88 74 44 101 0 114 114 96 93 58 44 72 99 74 71 36 36 38 22 73 56 50 60 33 64 107 35 42 101 72 81 54 67 87 125 72 84 122 114 96 87 73 66 72 37 122 87 54 30 37 39 60 38 82 108 65 59 73 59 62 79 108 74 78 89 65 107 59 58 60 73 58 81 84 66 61 56 65 59 90 64 66 53 65 67 56
118 118 120 101 118 120 114 114 88 0 100 113 91 82 91 78 90 53 96 102 39 111 108 111 110 112 125 106 106 111 117 114 62 110 110 107 106 105 112 117 78 -1 -28 -39 70 70 110 99 99 104 56 81 70 110 0 0 114 106 90 116 110 72 79 41 64 38 68 43 65 68 73 79 60 43 65 -47 -28 71 85 82 71 47 43 66 67 95 77 101 67 78 66 67 66 76 66 122 77 70 95 77 59 61 74 43 50 49 71 58 54 84 88 48 84 67 58 82 58 81 97 79 52 52 53 71 70 49 87 65 49 50 45 48 50 58 73 67
114 124 99 111 125 124 119 0 78 112 62 127 106 88 84 66 101 82 93 99 106 104 108 117 118 118 118 117 122 114 118 127 101 111 105 79 72 127 117 117 125 111 120 113 105 101 99 65 94 93 83 68 100 0 114 13 94 102 120 81 44 65 43 66 84 74 52 65 47 25 77 66 32 85 53 111 74 65 67 68 96 78 76 78 83 41 119 97 78 58 73 60 62 56 59 70 56 73 81 95 59 53 64 56 49 67 60 84 78 45 41 87 31 68 89 62 95 56 85 66 53 65 78 38 56 78 65 82 82 87 79 88 100 88 102 76
123 127 110 124 110 118 97 0 87 87 117 88 82 76 64 108 61 55 120 104 108 114 116 127 116 119 112 120 114 117 58 95 116 107 101 114 -1 110 114 106 114 79 111 94 106 67 104 77 52 52 67 64 56 79 0 91 0 100 60 85 117 90 83 85 87 89 60 74 74 66 91 67 95 66 49 74 54 55 67 62 84 68 42 39 37 36 95 70 84 68 73 72 77 78 91 67 62 65 45 67 68 76 59 85 72 44 49 71 70 84 64 99 49 78 60 56 91 101 55 76 72 -65 41 55 84 54 65 106 87 106 108 96 48 89 93 72
116 124 110 112 107 0 52 114 110 85 82 118 82 58 106 110 111 101 116 113 117 123 123 123 127 127 120 125 122 119 116 116 104 106 114 106 49 108 89 108 106 -49 96 91 76 94 127 84 89 107 90 73 56 94 0 74 45 76 81 64 78 96 84 81 81 71 81 93 64 36 50 88 68 16 59 76 45 68 52 60 47 82 58 87 56 53 35 61 66 31 67 73 44 78 56 81 68 83 91 53 8 68 94 76 61 68 53 91 83 52 71 61 85 89 94 54 59 72 77 68 60 41 42 38 66 81 68 64 39 64 58 52 62 50 77 105
116 93 111 88 108 0 106 94 71 113 101 79 59 100 108 111 114 120 117 117 117 113 122 112 116 114 110 123 112 117 113 101 107 100 111 -35 83 105 82 88 102 71 105 52 70 6 114 73 71 68 82 74 110 41 0 0 0 0 47 81 82 81 58 82 66 54 71 89 36 90 64 81 54 53 91 58 84 61 83 59 73 49 74 60 79 49 50 82 64 84 42 94 29 78 73 54 68 0 0 0 10 0 50 48 74 61 48 77 59 58 54 38 39 53 60 68 70 74 66 68 89 53 83 53 42 54 64 106 99 58 41 77 96 59 85 97
120 56 38 108 0 107 113 60 123 61 106 95 113 94 111 116 110 114 111 116 122 117 111 123 114 106 110 114 119 95 120 97 100 -20 90 52 73 85 77 91 87 79 85 71 99 43 118 52 66 60 66 93 99 55 107 67 91 12 0 0 0 81 73 41 81 91 58 54 78 85 84 67 47 88 77 96 91 73 60 62 79 89 42 73 35 81 44 97 33 65 39 47 60 55 78 0 0 12 52 0 0 47 60 76 47 37 70 68 62 74 38 72 67 38 74 70 49 26 78 52 66 70 37 61 72 88 79 74 68 87 90 74 89 60 84 73
95 24 87 0 0 90 120 67 84 90 107 -28 107 104 119 99 104 106 68 110 127 110 122 111 117 111 94 97 102 122 100 100 90 50 50 50 56 62 -37 110 104 50 104 78 77 0 102 79 82 71 35 101 81 48 29 95 71 59 96 60 42 31 61 93 43 44 37 77 76 0 36 52 26 60 79 41 87 65 95 84 71 90 81 95 72 0 0 68 0 0 0 0 0 10 0 0 6 38 53 0 41 76 64 64 42 85 96 67 39 58 64 55 66 54 84 42 78 64 48 79 35 62 74 66 49 66 49 59 73 81 55 77 65 73 85 97
81 0 106 95 74 106 84 99 106 106 -1 97 82 117 114 112 106 112 107 113 112 104 114 118 105 99 97 101 102 106 85 64 68 120 108 84 93 39 116 93 78 70 88 59 39 94 88 53 73 62 72 74 64 116 22 100 81 107 31 78 0 62 84 58 70 33 77 74 0 9 0 58 93 76 79 73 81 82 72 44 70 74 0 0 0 9 16 26 53 55 38 45 0 9 0 52 0 0 48 0 65 74 68 72 72 54 38 37 82 72 58 47 47 59 61 50 58 60 68 35 66 39 49 104 64 94 76 79 67 83 55 67 91 90 95 100
71 48 114 96 113 101 78 85 102 102 93 64 47 122 114 116 119 118 120 33 117 124 108 127 101 123 96 111 118 85 89 68 93 117 93 91 54 82 54 100 48 89 53 66 55 68 70 33 97 85 70 56 73 91 52 116 96 104 110 100 38 0 0 53 64 93 84 0 0 88 36 0 84 77 93 44 65 95 88 29 81 94 0 30 7 48 0 0 8 55 48 16 14 19 31 0 0 42 31 30 0 47 74 76 89 66 85 72 91 59 68 48 54 101 78 37 107 90 74 94 78 62 61 68 125 99 94 84 85 64 71 52 47 89 99 88
107 65 106 99 74 93 93 116 82 104 111 120 118 117 123 120 123 119 104 78 120 123 111 99 110 95 102 91 96 73 68 -35 124 65 120 85 66 47 89 127 96 62 55 81 54 78 79 81 55 39 42 30 91 37 118 64 60 59 61 70 88 31 2 0 84 62 0 52 76 41 0 90 87 44 59 78 65 45 67 67 84 0 39 8 0 24 56 43 49 0 0 24 43 0 26 21 87 0 0 56 0 0 44 76 59 81 83 78 85 66 55 71 101 41 116 72 81 41 72 91 74 44 47 124 71 82 76 64 62 79 70 96 85 90 97 99
107 0 76 68 89 89 101 84 108 108 116 113 110 116 122 125 122 127 113 101 55 119 102 105 96 91 85 68 107 71 87 104 81 97 61 54 78 62 70 111 78 85 89 67 50 7 53 48 53 44 93 71 67 -30 96 99 79 76 71 78 83 82 71 81 0 0 60 55 37 66 53 0 0 0 0 0 77 54 36 95 97 0 0 10 0 18 13 31 21 60 4 33 0 18 0 3 9 27 31 66 16 0 0 54 50 36 70 61 44 64 106 90 83 91 78 77 78 54 61 52 53 110 100 96 83 59 78 82 90 48 84 81 76 88 118 105
0 65 106 102 58 59 108 119 102 120 120 120 112 125 122 127 117 123 110 114 93 102 119 111 81 96 84 102 83 62 120 96 104 66 77 83 82 76 56 102 41 56 67 60 54 60 48 44 49 93 41 101 60 83 106 62 59 85 71 85 66 82 66 82 44 33 45 67 64 55 0 -58 35 56 42 0 31 60 81 90 0 29 35 0 32 7 13 29 3 19 29 94 70 60 102 71 95 30 84 0 0 36 8 78 55 70 36 50 64 78 88 58 95 37 36 45 76 53 58 64 53 83 35 56 -13 68 108 78 95 96 94 70 91 94 117 111
10 6 100 104 113 110 125 122 105 119 125 116 113 124 124 105 102 104 107 102 116 45 111 106 88 72 85 43 55 82 67 56 76 62 43 67 41 52 42 101 101 82 66 62 33 10 87 48 43 105 64 43 52 81 59 78 65 77 43 87 74 66 61 50 52 9 33 72 81 77 0 0 42 18 27 49 0 0 0 0 0 16 0 8 74 2 14 32 22 26 4 95 116 15 21 95 67 0 94 76 67 19 8 0 25 55 74 72 36 74 73 68 64 41 83 64 65 67 65 100 101 97 105 58 -41 81 108 65 83 50 58 85 81 105 102 77
114 112 110 118 127 118 119 96 123 111 127 125 124 113 105 97 94 97 91 101 127 -1 76 71 62 101 48 72 81 83 -46 78 93 100 73 83 67 71 106 79 81 36 26 67 39 81 82 47 101 84 35 52 81 68 71 83 48 41 88 49 87 76 95 52 61 66 56 52 77 0 0 0 43 0 50 2 39 20 13 22 0 0 0 105 21 15 20 47 44 38 8 120 14 78 1 55 30 45 1 74 44 0 0 0 76 85 84 45 49 62 78 62 73 78 68 37 42 50 100 96 77 52 62 97 107 52 100 70 111 106 105 74 95 110 113 104
107 114 101 118 123 123 118 101 123 127 120 91 117 106 99 65 81 89 53 89 58 97 47 54 58 81 -3 76 73 60 45 32 76 83 74 64 54 38 89 61 38 55 66 72 61 24 72 30 96 65 33 73 82 67 90 62 48 77 74 88 85 60 82 41 43 71 53 96 89 0 16 20 50 0 67 22 27 52 26 7 0 15 25 97 2 31 47 77 35 8 0 117 50 14 24 45 41 0 12 49 56 43 21 12 0 0 55 72 77 94 102 99 88 99 77 64 44 72 58 100 83 100 76 84 82 105 97 93 48 107 79 68 59 125 127 111
100 112 111 114 120 122 112 122 124 120 112 120 110 88 99 97 60 93 116 113 116 70 114 -14 37 96 39 35 36 73 65 72 21 76 99 55 66 49 44 44 42 67 79 78 60 68 50 83 84 44 89 49 41 73 70 94 88 71 49 61 89 67 26 64 62 91 71 78 67 0 25 0 70 0 0 0 0 0 0 0 0 38 29 73 47 22 27 7 36 39 119 59 50 27 0 47 30 27 0 39 3 7 43 58 14 0 0 0 0 0 0 83 68 76 96 125 119 74 55 83 107 49 43 74 111 83 114 110 82 94 32 110 102 108 116 118
119 119 110 117 124 120 117 108 124 107 123 119 127 127 72 83 70 122 76 66 110 32 110 82 77 74 97 55 104 65 84 55 52 32 87 60 44 72 76 47 65 81 76 89 55 30 44 84 73 67 66 66 56 74 50 84 65 81 44 82 89 54 42 54 77 9 0 0 66 58 31 0 0 79 0 33 0 0 22 48 48 0 66 0 43 21 21 76 0 49 45 26 25 39 43 9 38 0 25 9 35 61 12 0 0 14 0 6 73 59 0 15 0 0 60 52 77 70 81 111 127 116 122 116 104 77 78 82 111 -40 88 102 107 36 55 -44
111 112 111 118 118 110 118 117 122 108 107 100 100 74 73 97 87 79 60 68 25 106 68 79 77 43 68 101 61 85 59 48 58 39 68 77 82 89 62 68 68 65 76 35 49 90 44 93 83 72 43 54 77 81 48 60 81 83 68 56 37 58 79 77 0 52 0 0 70 90 0 16 38 50 35 0 64 19 18 0 3 85 52 30 76 37 110 41 1 93 42 59 0 0 0 54 0 53 30 0 0 16 6 91 6 50 64 18 7 0 49 60 21 56 6 0 0 0 45 89 37 4 85 70 112 118 93 87 83 118 54 77 60 119 118 123
106 116 99 96 106 117 113 119 122 113 104 60 111 62 72 73 62 106 54 66 33 95 91 66 62 60 89 97 62 85 72 72 89 26 48 60 77 30 42 65 61 83 65 41 76 22 96 93 38 43 20 79 79 83 82 81 84 91 65 90 30 71 60 42 0 44 36 -124 0 0 0 0 0 8 58 0 43 6 8 14 73 55 56 87 8 48 32 59 15 110 72 29 53 14 67 44 41 16 0 21 61 0 49 42 84 42 0 39 22 0 0 2 29 27 41 90 68 85 30 0 0 7 0 2 0 0 49 107 108 108 96 117 107 107 -18 67
101 -20 -1 -6 68 77 125 113 127 106 48 108 42 79 74 100 60 87 72 48 100 32 76 105 83 67 106 66 70 91 88 49 62 45 78 47 37 74 60 55 59 48 60 41 84 70 65 19 61 70 0 0 16 35 77 85 65 66 66 22 72 74 81 0 9 52 0 0 0 27 0 58 4 27 0 67 0 0 56 15 45 16 43 31 0 22 64 61 99 0 22 36 0 12 0 0 0 27 26 38 0 29 0 0 2 85 3 31 0 47 30 29 95 20 88 2 91 42 73 36 84 101 101 101 70 104 0 0 0 0 0 0 65 82 81 102
56 101 1 29 9 36 95 61 94 110 81 78 102 97 58 68 88 71 99 64 81 36 60 27 100 45 50 73 45 70 42 31 36 83 61 0 65 76 53 58 82 50 79 58 118 24 43 43 42 54 0 26 0 0 61 59 56 73 78 19 55 54 36 0 26 70 0 53 0 68 49 59 65 7 77 29 7 0 0 0 24 53 54 77 53 0 50 74 61 91 66 0 30 21 24 0 36 12 0 3 1 70 26 21 1 73 61 0 0 0 47 15 50 45 37 65 113 0 95 20 21 16 59 83 26 30 62 0 82 89 21 73 0 66 0 90
10 0 101 113 106 0 0 119 -22 89 82 97 100 56 61 66 65 54 99 82 85 101 54 45 37 84 58 62 39 38 62 70 70 0 0 7 37 53 20 88 76 31 72 58 93 85 41 79 71 0 6 35 0 38 55 82 76 25 44 72 111 94 79 0 0 9 14 62 0 50 20 0 19 0 0 0 0 3 25 0 100 71 89 0 108 36 48 52 72 59 10 7 0 22 6 9 54 52 56 35 41 30 19 32 37 14 42 18 0 53 0 38 83 70 29 113 26 87 88 30 55 61 0 0 0 0 0 66 95 71 94 90 32 91 0 0
76 111 89 117 122 114 93 0 -31 54 89 72 95 67 73 100 77 68 82 94 81 29 94 43 82 62 76 42 88 32 52 67 32 0 1 15 0 78 67 60 85 31 70 29 50 58 39 41 93 71 0 0 53 0 74 66 77 78 53 90 99 78 104 49 58 0 59 0 0 0 1 13 85 90 0 13 39 24 0 0 123 88 102 71 27 0 89 53 58 66 41 33 0 0 0 0 0 26 42 47 32 47 3 26 20 16 22 41 73 127 93 56 107 90 79 61 0 53 81 119 93 62 21 79 0 106 47 72 64 88 41 55 88 106 -31 94
95 119 107 106 108 77 0 64 62 72 50 108 108 93 71 73 78 43 53 44 24 64 50 88 36 38 43 84 81 59 52 70 0 37 0 4 74 56 110 74 56 93 61 83 78 59 64 76 45 81 0 64 0 0 31 66 91 87 68 0 0 0 0 78 0 2 0 0 0 0 29 50 0 0 47 0 0 0 119 25 79 108 43 0 13 101 64 30 36 0 24 14 38 0 9 41 30 0 0 62 88 27 0 47 0 0 0 36 41 8 67 47 106 74 66 61 45 8 60 50 117 72 0 7 71 52 85 93 78 62 66 96 84 76 87 114
108 119 89 113 94 114 66 0 81 71 107 65 71 71 42 72 37 38 89 60 83 82 59 78 84 60 47 77 55 48 67 59 0 0 0 21 16 53 90 47 65 41 82 61 66 27 74 73 24 93 0 0 78 62 0 50 78 53 0 8 0 0 0 49 16 3 26 0 0 50 37 0 0 48 0 49 83 93 77 0 78 88 71 0 24 113 84 21 30 0 0 52 33 42 0 8 0 0 0 18 70 35 15 32 6 70 0 59 3 53 0 71 49 89 89 73 65 94 108 52 20 70 0 88 106 106 106 95 79 72 110 53 84 24 105 62
124 73 112 82 94 117 66 0 66 52 100 95 85 71 78 43 48 97 65 -26 79 67 74 49 95 66 56 38 82 0 0 16 18 0 37 0 82 65 89 90 76 73 70 56 50 83 49 43 87 0 20 25 13 0 62 0 0 0 32 0 31 48 0 25 45 0 0 68 0 39 0 71 0 15 37 45 8 55 0 25 45 108 36 13 50 0 36 96 97 97 49 39 41 0 0 0 0 78 79 38 15 84 0 6 47 35 37 90 20 25 21 95 25 85 37 0 37 64 58 72 45 0 56 104 77 82 81 67 76 -44 84 -12 83 104 84 87
85 119 108 79 82 76 89 2 71 100 70 106 68 42 25 56 93 55 66 83 55 61 82 85 88 38 84 66 70 73 0 2 0 29 56 14 0 74 71 76 90 65 59 52 72 19 55 85 105 0 0 12 33 27 42 2 83 0 0 0 71 25 3 0 12 0 6 78 22 20 76 62 48 15 60 25 0 50 22 30 25 79 0 9 100 10 83 67 55 44 9 37 7 14 54 0 0 29 43 87 62 38 19 14 45 70 74 0 33 53 36 84 53 64 21 0 31 32 37 84 97 73 0 82 90 73 83 91 53 58 84 68 72 70 66 99
114 77 88 87 76 94 44 56 116 49 61 70 67 65 93 68 58 112 73 81 89 96 64 72 72 62 82 88 62 53 0 84 62 78 60 2 29 0 83 95 73 50 101 38 66 30 102 83 0 0 18 0 0 70 39 0 1 0 0 0 55 0 58 0 1 19 36 0 89 27 0 45 0 0 0 2 39 50 7 0 122 25 110 49 117 85 29 48 41 0 15 49 14 24 20 0 30 35 13 90 29 0 61 0 0 45 64 73 83 81 31 38 36 20 42 21 30 41 47 60 79 0 0 0 0 54 71 83 84 96 105 112 122 111 122 108
104 72 79 70 72 91 56 0 96 73 71 45 27 61 47 78 95 38 90 74 43 74 65 101 78 88 43 83 38 85 54 0 0 31 112 0 15 0 0 111 111 73 49 45 31 30 112 95 0 66 44 0 26 0 2 2 14 48 0 22 53 0 76 45 0 64 71 85 54 48 0 78 79 20 -110 0 64 39 3 0 97 0 61 68 111 87 32 10 0 35 0 15 45 65 78 47 0 32 85 52 52 42 0 85 85 21 54 77 47 33 55 43 33 25 27 27 29 36 37 29 25 81 62 44 74 39 0 93 74 101 102 104 64 83 62 68
127 106 71 59 107 37 0 0 0 77 38 -55 22 105 61 49 50 87 70 64 95 77 114 47 74 112 65 101 68 29 0 43 12 91 124 104 105 102 0 62 53 73 122 74 84 123 0 0 70 102 -1 62 76 99 79 101 96 20 83 74 0 56 66 64 27 0 30 0 108 14 50 0 39 18 27 0 33 0 0 62 0 25 116 91 84 4 41 8 64 33 25 10 54 59 84 0 122 0 37 82 31 94 65 99 89 3 100 6 54 49 33 25 16 10 20 32 43 30 22 19 13 27 10 39 81 0 78 127 83 97 93 88 114 97 102 96
81 55 99 116 123 110 93 43 42 50 43 60 110 50 76 60 81 54 83 56 78 48 89 38 77 100 55 61 60 0 0 0 4 88 47 0 72 48 82 16 0 0 0 53 117 12 105 38 42 10 -45 50 21 38 0 61 36 53 2 39 18 19 14 39 42 30 42 0 96 8 38 0 0 0 26 8 36 0 0 77 53 113 21 72 68 96 22 9 0 1 13 20 0 0 0 20 15 25 65 18 21 106 102 -64 58 71 0 10 37 38 30 16 10 4 12 12 15 14 12 12 12 7 9 48 0 0 119 110 101 94 99 94 91 99 127 117
94 108 124 73 95 101 120 61 0 0 83 72 31 72 104 37 74 83 35 68 79 91 56 26 73 81 52 61 0 91 21 127 61 102 59 61 0 43 114 79 0 127 0 65 94 0 0 47 47 0 44 18 35 72 24 36 0 0 0 41 29 0 0 45 0 19 33 13 77 13 41 55 3 0 16 0 0 25 0 95 87 0 114 73 76 39 8 67 81 0 60 41 22 127 76 48 62 0 62 79 124 101 7 55 32 10 10 13 16 12 4 8 8 10 7 8 8 7 4 9 16 7 25 0 72 81 127 123 123 111 101 104 108 100 114 114
83 81 50 60 99 71 45 85 35 90 0 79 41 96 83 78 50 88 64 83 100 58 43 36 61 89 70 53 0 45 0 37 43 3 15 13 6 37 72 10 -91 -64 0 91 90 0 0 -77 26 19 -88 89 27 9 9 0 29 14 31 50 36 0 65 41 0 74 59 0 29 93 0 0 27 27 38 96 0 94 102 25 72 4 0 15 -86 52 100 48 72 31 42 32 62 61 26 64 54 19 82 122 90 58 8 29 52 1 7 13 8 9 14 18 18 19 16 14 16 15 15 15 16 1 16 0 66 81 91 106 124 99 97 117 112 106 111 117
48 85 85 55 82 50 49 76 21 70 0 72 106 72 79 65 77 60 90 0 0 0 84 67 64 0 0 0 6 66 89 76 66 94 66 0 18 88 0 25 12 31 0 -35 78 0 100 16 0 -20 48 68 108 62 68 55 74 0 19 0 33 96 39 20 68 14 26 0 112 58 0 9 0 2 70 32 0 81 0 124 0 0 48 66 101 87 9 0 16 33 50 0 112 114 105 43 0 82 70 29 36 59 15 0 6 25 31 22 22 26 29 27 25 25 24 24 24 22 20 24 29 16 9 0 0 0 81 120 102 88 91 95 124 108 112 96
90 84 81 67 116 49 85 77 44 71 81 0 76 82 74 77 61 68 20 0 25 0 16 0 0 48 12 0 24 15 52 13 2 29 30 13 20 33 0 0 112 42 97 0 45 0 25 71 -17 79 -87 48 0 116 30 12 25 113 65 25 54 42 44 4 19 72 72 45 113 21 0 9 44 64 64 4 0 25 0 66 14 10 79 21 62 48 58 62 15 45 67 56 67 112 32 55 -75 54 1 44 44 30 8 13 15 0 37 31 31 32 32 30 29 29 29 29 29 27 25 27 26 26 29 20 6 0 0 64 81 83 89 88 117 123 107 112
107 70 71 97 111 107 93 108 90 72 0 0 60 52 29 0 0 0 0 41 0 0 2 16 0 0 0 0 41 8 31 36 19 113 27 107 -78 101 6 32 61 102 79 0 41 62 0 -53 60 38 0 78 95 65 14 4 68 89 85 0 9 76 64 108 25 0 113 58 70 26 49 0 22 59 37 16 49 3 100 21 0 91 78 79 0 74 56 44 27 30 1 6 101 70 45 87 30 19 30 10 27 10 14 20 31 32 0 33 35 31 35 29 32 32 30 36 32 32 32 30 31 31 31 29 20 0 65 59 56 54 66 99 113 110 117 113
83 65 82 58 104 87 84 79 116 50 0 19 0 0 0 0 16 0 38 0 0 66 35 12 2 0 0 16 45 59 35 82 77 42 59 14 73 91 -73 58 54 50 70 77 0 32 0 0 100 59 84 0 16 45 36 58 30 104 44 30 70 112 64 95 0 21 107 67 19 22 0 0 0 31 91 49 79 -58 101 19 0 73 105 90 3 24 44 53 100 100 76 50 49 53 0 21 30 0 22 13 8 21 19 20 33 36 35 36 31 33 33 27 33 35 37 35 36 35 33 36 36 33 32 32 1 0 99 100 61 73 73 58 127 102 104 114
56 68 110 101 91 127 77 0 0 0 44 61 0 9 8 0 88 47 0 3 0 53 0 24 0 0 0 0 24 93 26 39 117 53 19 66 113 0 0 67 -100 71 72 0 0 0 -93 47 39 87 0 78 85 21 81 77 67 30 19 22 55 45 55 4 35 93 30 56 0 25 42 0 94 60 0 0 0 62 22 50 102 31 26 8 58 84 114 100 91 77 61 62 39 0 44 12 91 15 0 27 0 10 24 32 32 35 36 29 32 37 0 15 0 43 0 33 37 37 35 32 37 37 35 29 0 79 88 83 87 76 85 94 104 113 96 108
39 81 91 90 44 68 77 0 0 55 64 0 41 48 29 25 25 0 0 55 1 36 0 31 8 18 39 14 20 2 100 60 58 91 66 0 77 27 0 0 38 -86 76 70 85 36 55 94 50 50 -28 2 52 99 53 77 49 90 108 43 97 81 47 58 13 72 0 49 82 15 65 0 35 0 0 45 -117 25 0 93 0 26 79 0 74 111 73 38 7 15 82 42 19 19 25 6 0 0 10 0 7 24 -120 38 36 36 36 38 38 0 32 31 36 39 42 42 31 31 29 32 37 31 35 33 25 0 0 72 89 89 95 101 79 68 107 111
99 95 64 108 76 74 0 52 30 0 50 36 20 0 0 10 26 0 0 39 0 65 52 21 3 0 0 3 72 85 26 45 111 79 95 70 58 0 54 -92 64 68 58 72 72 71 61 72 72 58 73 54 0 67 31 48 42 52 30 73 47 116 64 -39 114 13 26 102 41 48 26 74 55 71 62 -67 39 3 27 0 43 32 93 44 52 19 39 42 52 42 29 0 4 8 12 16 9 10 8 14 20 22 27 -88 31 32 26 35 35 37 32 30 38 25 36 32 12 -92 -93 20 41 38 39 0 -1 0 0 0 91 101 99 100 125 120 110 119
110 106 113 107 47 81 39 0 0 0 45 4 55 1 21 113 96 20 65 74 45 44 90 20 24 0 33 0 4 53 41 43 58 93 79 72 64 59 0 3 59 60 67 64 62 22 64 60 60 55 70 52 54 16 60 52 67 39 59 39 31 114 118 29 -63 58 12 77 27 62 118 54 59 72 18 -63 67 0 16 81 49 13 3 10 91 39 29 22 25 8 0 20 15 12 15 18 19 0 19 19 24 27 30 32 8 27 42 26 33 39 37 36 37 37 29 26 0 100 -1 -1 -1 -70 3 42 -128 -1 102 16 9 53 96 94 120 122 116 112
73 64 93 73 83 55 33 0 0 26 66 0 61 81 77 21 74 56 18 61 2 48 88 35 0 50 18 13 42 85 56 93 56 61 73 56 64 72 49 26 66 48 60 62 52 54 58 50 50 48 52 61 39 32 45 47 50 47 56 55 70 41 0 -70 111 44 71 108 72 39 64 110 88 0 -1 60 39 58 38 0 54 25 42 67 66 72 21 15 2 8 13 16 15 21 25 24 24 25 26 25 29 33 35 33 37 0 27 39 37 37 37 37 37 36 39 0 0 -1 -1 -1 -45 -75 -79 105 85 -1 -1 -89 60 3 112 104 99 96 94 114
49 84 74 77 87 52 39 52 47 0 0 0 87 55 42 48 0 0 53 39 31 0 55 53 0 42 38 0 73 52 76 77 66 61 50 65 50 55 64 33 47 50 54 49 50 2 49 49 44 44 37 38 41 41 38 37 36 39 37 36 39 27 43 47 45 83 94 99 84 90 72 33 38 0 72 43 65 84 29 78 77 71 68 59 90 52 48 0 10 16 19 24 24 26 26 27 30 10 31 32 32 35 35 36 32 36 0 29 38 37 37 37 37 37 32 32 0 104 -1 -1 -1 -1 -1 -1 -1 -1 -1 -1 6 29 0 100 112 108 105 118
37 61 78 68 49 41 91 48 68 27 2 50 0 0 72 21 54 0 25 32 32 18 85 58 96 32 10 35 89 49 65 55 56 59 50 55 49 47 48 0 41 41 45 42 39 36 37 33 32 31 30 29 39 32 12 30 29 30 29 26 29 43 53 31 30 25 29 20 95 61 43 0 -1 58 -86 21 47 70 111 65 76 67 56 73 74 50 30 29 22 27 25 26 27 29 30 31 31 33 32 35 35 33 41 37 33 39 39 0 29 37 38 33 31 -65 -1 -1 -1 -1 -1 -1 -1 -1 -1 -1 -1 -1 -1 45 0 3 26 110 113 114 108 96
94 81 58 45 33 22 118 81 16 67 0 55 0 58 55 73 1 0 70 0 0 0 37 22 0 41 0 55 78 61 53 53 56 54 49 48 45 43 41 36 0 37 38 39 32 0 32 29 24 25 25 26 27 26 0 25 24 22 22 21 25 30 26 31 21 18 24 61 49 33 37 58 0 -1 -1 24 47 54 29 65 73 71 74 105 85 47 7 1 9 22 26 29 29 31 30 31 32 13 32 35 35 36 35 31 47 45 26 33 32 0 39 37 7 -1 -1 -1 -1 -1 -1 -1 -1 -1 -1 -1 -1 -1 -1 -65 0 0 91 110 111 114 105 116
41 76 36 60 99 55 73 61 20 65 0 0 66 0 67 0 30 0 0 0 42 0 32 0 27 47 71 61 66 64 61 42 50 41 35 35 33 35 26 29 22 30 26 27 31 26 24 24 20 15 19 18 14 12 16 16 14 14 16 18 18 16 15 16 10 20 6 0 18 37 42 19 -1 41 -1 18 0 0 29 76 82 79 53 52 68 10 10 14 33 24 32 31 31 31 32 32 32 35 35 35 35 33 42 43 21 -47 -73 -102 22 16 -97 -1 -1 -1 -1 -1 -1 -1 -1 -1 -1 -1 -1 -1 -1 -1 14 29 59 81 97 97 117 122 117 111
49 85 25 89 70 70 83 83 56 52 42 0 59 12 50 0 18 16 43 33 50 0 0 66 74 59 38 95 64 59 52 47 29 36 33 33 30 31 25 26 25 0 22 21 24 0 19 19 18 16 15 13 13 14 0 10 9 9 9 13 10 13 12 10 9 12 18 10 27 13 22 8 -1 -1 79 0 12 0 2 22 13 21 21 47 8 43 12 16 24 1 22 31 31 32 33 33 33 15 36 36 33 37 31 18 -128 -22 -22 21 6 -1 -1 -1 -1 -1 -1 -1 -1 -1 -1 -1 -1 -1 -1 -1 -1 26 59 85 78 84 96 101 112 0 111 119
83 39 91 55 49 78 49 72 76 47 6 0 0 0 0 18 0 0 0 4 82 0 53 70 30 54 53 36 79 44 32 35 25 26 29 24 25 24 24 18 24 0 6 13 18 13 15 15 13 10 9 20 0 0 7 8 10 10 9 9 7 8 7 7 8 9 9 6 10 10 20 7 0 1 -1 12 16 6 4 6 25 0 1 0 13 3 9 25 58 67 32 32 35 33 32 33 36 36 37 37 31 38 -1 -1 -128 0 -94 -1 -1 -1 -1 -1 -1 -1 -1 -1 -1 -1 -1 -1 -1 -1 -1 12 58 29 50 102 111 99 55 0 111 99 0 0
67 68 68 85 70 71 91 82 96 73 76 74 42 0 2 56 22 26 74 24 74 71 78 68 61 55 49 49 26 32 44 36 30 24 25 21 22 22 19 18 19 14 0 14 16 0 10 13 12 8 8 9 9 0 16 13 13 13 13 13 10 12 13 12 12 13 13 10 8 10 8 14 8 10 1 0 9 6 10 14 -128 27 19 13 30 22 29 19 25 13 38 33 35 32 33 33 35 18 36 26 37 29 -7 -128 -121 -1 -1 -1 -1 -1 -1 -1 -1 -1 -1 -1 -1 -1 -1 -1 -1 -1 -1 -1 81 65 0 0 0 0 0 49 71 112 91 105
68 101 66 73 62 85 102 72 76 88 71 45 84 0 0 0 0 42 78 53 36 70 67 67 88 49 47 70 52 44 41 32 25 24 16 19 18 25 21 12 13 0 0 1 15 12 9 9 9 9 15 18 6 18 25 13 15 15 14 15 18 15 14 15 14 18 19 18 15 8 14 14 13 7 0 7 4 20 24 20 0 0 25 42 24 32 30 22 0 33 31 12 32 30 33 35 36 38 27 31 0 -63 -1 -65 -1 -1 -1 -1 -1 -1 -1 -1 -1 -1 -1 -1 -1 -1 -1 -1 -1 -1 -1 -1 67 64 64 72 79 45 65 70 84 97 100 97
74 82 81 58 70 53 99 53 95 77 54 87 85 0 22 4 15 62 44 29 45 64 65 59 62 74 54 47 52 43 30 31 27 21 19 16 15 0 3 0 16 0 10 0 15 0 9 9 10 10 14 15 12 0 16 19 19 18 19 19 18 20 18 20 19 20 22 21 20 19 18 15 12 6 4 0 14 22 27 25 24 21 33 26 -112 29 35 32 29 33 36 21 18 35 37 35 36 18 37 36 7 -74 -1 -124 -1 -1 -1 -1 -1 -1 -1 -1 -1 -1 -1 -1 -1 -1 -1 -1 -1 -1 -1 -1 14 59 73 72 67 64 61 55 88 88 74 107
59 84 68 85 52 101 48 56 27 50 78 58 0 1 39 79 61 33 71 88 66 62 58 53 56 56 50 48 41 36 33 29 21 21 16 9 8 15 18 8 18 14 10 12 0 6 12 4 12 13 13 15 16 13 0 0 20 25 13 20 20 24 24 20 21 27 24 22 22 24 25 25 26 18 0 0 4 29 26 30 30 31 25 35 0 33 32 32 32 33 20 21 19 19 36 36 33 37 42 -97 -97 -1 -16 -1 -1 -1 -1 -1 -1 -1 -1 -1 -1 -1 -1 -1 -1 -1 -1 -1 -1 -1 -1 -1 -36 61 73 96 95 97 73 83 90 78 93 100
66 59 85 90 53 58 50 84 73 83 82 72 90 0 30 0 0 102 70 87 72 73 58 54 45 52 47 41 43 36 32 30 26 20 16 16 10 14 15 14 20 8 8 12 6 0 14 15 12 13 15 16 14 18 15 3 0 14 15 21 16 20 24 24 21 24 25 25 26 26 24 26 26 24 21 0 24 0 31 30 31 31 31 32 6 41 33 33 35 35 36 31 0 36 35 32 35 14 35 30 -67 -128 -1 -1 -1 -1 -1 -1 -1 -1 -1 -1 -1 -1 -1 -1 -1 -1 -1 -1 -1 -1 -1 -1 -1 0 61 82 93 99 82 93 89 83 68 114
100 53 35 37 41 38 91 81 53 59 47 12 0 0 27 32 81 108 26 84 73 65 62 47 48 45 37 39 36 33 27 21 21 15 15 19 6 13 10 10 9 12 7 12 21 0 0 12 15 16 18 16 16 18 16 27 20 -121 8 19 22 27 25 24 25 27 26 26 26 26 26 26 25 25 26 27 25 12 30 36 33 32 30 33 0 30 33 37 35 35 35 15 37 39 35 32 39 36 38 29 32 -1 -58 -1 -1 -1 -1 -1 -1 -1 -1 -1 -1 -1 -1 -1 -1 -1 -1 -1 -1 -1 -1 -1 -1 68 65 83 95 90 105 96 66 55 59 111
50 83 60 73 88 88 68 62 62 100 0 1 12 21 35 19 16 95 8 67 71 62 59 49 47 35 29 37 33 26 30 26 19 18 15 10 10 0 8 13 9 8 10 10 13 0 0 -60 12 12 18 19 16 13 22 21 19 24 8 29 22 19 25 25 26 26 26 26 30 27 29 27 29 29 29 31 32 27 26 0 38 33 32 35 32 0 31 32 35 35 33 35 37 36 33 37 35 18 37 37 30 20 -119 96 -1 -1 -1 -1 -1 -1 -1 -1 -1 -1 -1 -1 -1 -1 -1 -1 -1 -1 -1 -1 -1 44 60 72 90 84 100 105 101 48 71 70
88 65 61 61 82 61 0 88 0 0 99 0 0 21 7 7 26 58 31 62 50 58 52 45 24 93 38 35 36 38 30 0 47 15 0 13 12 0 8 7 14 9 16 18 8 18 13 20 -107 30 16 15 15 14 24 21 16 19 0 0 26 21 25 24 26 27 29 29 30 30 31 30 31 30 -128 0 33 24 32 27 41 27 42 31 36 32 2 29 30 33 42 39 33 45 35 36 32 35 38 35 42 33 31 -1 -1 -1 -1 -1 -1 -1 -1 -1 -1 -1 -1 -1 -1 -1 -1 -1 -1 -1 -1 -1 -1 77 58 71 85 95 104 96 35 93 56 62
59 66 74 64 0 0 0 32 0 0 89 82 117 104 83 21 43 45 87 72 61 67 47 45 26 55 58 67 81 74 59 38 26 19 42 21 9 4 0 1 9 9 10 8 13 0 18 22 0 2 0 24 26 19 33 4 0 27 26 32 18 0 0 24 27 27 29 29 30 29 30 32 31 32 33 36 27 0 25 31 39 32 39 27 39 38 47 0 33 0 0 31 33 39 0 22 31 12 31 27 0 45 -89 -89 -1 -1 -1 -1 -1 -1 -1 -1 -1 -1 -1 -1 -1 -1 -1 -1 -1 -1 -1 -1 91 -1 0 30 68 89 96 100 67 90 90 87
68 65 87 26 0 45 13 0 42 42 39 27 18 65 53 44 36 77 78 65 50 64 32 47 78 73 64 60 52 43 47 55 33 41 38 21 6 15 0 12 10 13 13 20 0 0 6 18 22 15 14 0 0 0 0 13 16 14 0 0 13 22 31 25 27 29 30 27 30 30 32 32 31 32 27 31 41 33 0 29 38 0 35 3 32 42 41 37 36 35 35 37 33 36 33 30 36 38 35 41 36 35 0 -1 79 -1 -1 -1 -1 -1 -1 -1 -1 -1 -1 -1 -1 -1 -1 -1 -1 -1 -1 -1 -1 38 64 64 77 83 94 88 61 77 45 -1
29 36 55 60 32 35 56 52 79 36 10 20 0 36 0 93 83 72 68 62 59 58 0 95 62 56 64 50 42 53 37 33 54 44 37 15 16 12 2 0 12 14 0 0 12 0 22 9 20 15 31 22 0 8 16 15 10 30 16 20 20 21 24 0 30 18 33 25 30 32 32 32 32 35 0 0 0 0 0 37 0 0 0 0 0 43 37 39 36 36 38 38 27 39 35 35 38 16 33 33 35 32 37 -87 -128 -1 -1 -1 -1 -1 -1 -1 -1 -1 -1 -1 -1 -1 -1 -1 -1 -1 -1 -1 -1 -1 -1 65 61 76 87 89 89 60 101 -1
60 33 66 47 0 0 2 68 12 39 14 49 66 18 36 61 93 70 65 59 54 39 39 53 56 59 61 59 44 47 33 25 50 37 39 20 36 29 8 0 0 0 14 22 9 20 9 32 33 35 52 0 18 7 15 20 14 20 19 26 26 24 27 20 0 30 0 47 26 37 32 35 32 26 7 36 32 32 32 33 30 33 35 33 0 39 36 32 33 35 35 35 35 37 36 35 38 36 0 0 0 31 13 -69 6 -1 -1 -1 -1 -1 -1 -1 -1 -1 -1 -1 -1 -1 -1 -1 -1 -1 -1 -1 -1 -1 -6 71 58 77 88 66 6 61 47 -1
37 71 36 50 48 62 0 77 0 25 26 0 21 74 37 73 43 60 49 59 60 55 0 49 55 55 60 50 47 47 39 31 36 35 38 31 21 10 9 38 0 12 12 20 0 0 14 33 44 59 52 15 58 31 21 13 13 9 13 20 22 25 26 27 29 26 36 26 0 0 31 33 32 33 0 0 43 31 36 25 32 35 33 33 35 35 0 41 36 36 39 41 38 35 0 0 0 0 0 32 36 33 24 -72 38 25 0 -1 -1 -1 -1 -1 -1 -1 -1 -1 -1 -1 -1 -1 -1 -1 -1 -1 -1 -1 -1 -1 59 53 67 77 71 -46 53 -46
68 54 66 79 26 29 13 64 24 2 0 43 87 58 88 89 58 61 59 56 55 49 0 47 50 55 59 32 38 37 21 18 37 20 25 20 12 20 1 -124 12 8 6 4 0 35 82 66 72 83 32 29 79 45 33 10 27 13 7 13 12 18 25 25 26 19 0 26 25 29 38 31 26 0 27 8 22 41 36 0 24 32 0 39 0 36 35 45 0 43 30 32 0 25 37 36 36 38 33 2 37 24 0 25 7 37 -86 -1 -1 -1 -1 -1 -1 -1 -1 -1 -1 -1 -1 -1 -1 -1 -1 -1 -1 -1 -1 -54 44 58 60 61 -30 -1 -1 -1
44 33 78 47 32 59 0 1 47 1 25 0 0 0 97 32 65 65 61 59 55 54 0 48 53 58 60 56 32 35 21 19 13 20 24 8 0 0 0 2 7 14 14 33 31 0 44 81 88 105 76 81 68 87 84 15 54 37 24 19 14 10 16 18 22 25 22 21 26 29 30 25 0 14 35 32 32 35 0 35 35 35 29 37 33 41 41 0 31 32 0 8 39 32 38 39 37 19 37 42 32 33 0 -46 31 0 -69 -1 -1 -1 -1 -1 -1 -1 -1 -1 -1 -1 -1 -1 -1 -1 -1 -1 -1 -1 -1 -1 -89 61 62 55 22 -1 -1 -1
67 91 47 39 68 88 52 0 4 0 0 49 0 59 52 61 71 62 61 59 54 45 38 56 60 62 66 47 26 29 0 35 27 0 0 10 15 7 9 9 14 18 18 50 78 54 42 117 116 107 99 79 104 56 32 37 77 72 38 38 33 25 6 6 22 15 0 27 26 31 30 31 32 31 33 32 31 33 33 32 35 29 38 38 37 31 0 37 35 31 19 37 29 42 31 32 33 35 41 41 36 42 32 7 -1 0 -1 -1 -1 -1 -1 -1 -1 -1 -1 -1 -1 -1 -1 -1 -1 -1 -1 -1 -1 -1 -1 -1 -105 70 68 47 -1 -1 -1 -1
82 60 101 41 45 66 93 79 48 26 49 0 0 0 77 82 70 67 55 66 49 -128 55 54 61 64 70 59 49 32 0 33 24 29 20 22 21 10 10 13 18 24 24 53 58 22 13 62 93 97 64 104 62 42 76 106 73 88 62 49 64 39 36 20 8 15 16 19 24 27 27 29 30 31 32 31 31 31 32 31 30 31 37 33 20 0 25 27 31 38 26 -59 0 26 0 32 33 27 0 0 44 41 -106 -121 -81 -112 -1 -1 -1 -1 -1 -1 -1 -1 -1 -1 -1 -1 -1 -1 -1 -1 -1 -1 -1 -1 -1 -1 96 -1 56 53 -1 -1 -1 -1
54 65 59 53 76 45 45 35 90 52 0 31 81 30 100 72 68 71 59 0 65 59 55 55 66 71 44 42 49 0 55 43 27 32 25 52 27 9 15 14 27 32 33 67 84 84 90 91 108 96 0 31 100 81 119 59 88 100 106 91 91 42 61 38 20 8 2 22 20 25 27 31 31 31 30 30 30 29 32 32 27 33 -65 31 37 41 30 26 48 33 39 24 29 38 30 12 0 45 43 37 0 -91 -1 -41 -1 -1 -1 -1 -1 -1 -1 -1 -1 -1 -1 -1 -1 -1 -1 -1 -1 -1 -1 -1 -1 -1 -1 -1 -1 97 -59 -1 -1 -1 -1 -1
42 37 89 60 54 66 48 74 74 60 47 0 42 0 41 76 65 65 43 36 55 64 61 61 60 73 53 49 71 0 43 52 48 24 43 61 44 15 36 18 27 45 45 55 55 52 84 106 116 30 62 73 101 66 116 60 119 108 48 119 105 64 73 73 41 4 19 6 9 15 18 25 29 29 29 29 29 30 31 36 26 -111 31 41 31 37 26 36 -112 43 43 29 32 33 35 31 20 14 42 35 41 39 -1 -1 -1 96 -1 -1 -1 -1 -1 -1 -1 -1 -1 -1 -1 -1 -1 -1 -1 -1 -1 -1 -1 -1 -1 -1 -1 -1 -1 -1 -1 -1 -1 -1
61 91 43 58 59 60 72 48 76 76 54 0 0 0 10 85 45 61 47 59 64 59 61 61 59 39 61 18 0 53 73 31 38 55 60 67 47 33 47 26 32 62 45 59 85 100 78 82 27 0 19 25 107 67 68 104 53 106 96 58 79 54 81 58 0 30 31 24 9 9 13 20 25 22 24 22 29 29 31 30 0 32 31 36 14 35 33 32 31 0 42 36 35 35 37 42 37 37 39 33 36 -75 -1 -1 -1 -1 -1 -1 -1 -1 -1 -1 -1 -1 -1 -1 -1 -1 -1 -1 -1 -1 -1 -1 -1 -1 -1 -1 -1 -1 -1 -1 -1 -1 -1 -1
60 60 38 48 102 100 43 59 71 70 0 0 25 0 12 0 33 64 0 61 71 66 65 67 61 37 0 9 65 61 99 54 60 52 31 21 21 42 61 16 55 50 61 66 0 38 110 90 52 0 0 113 82 55 30 95 118 70 59 47 70 72 61 54 0 54 47 43 27 15 12 10 6 14 25 25 26 26 29 26 0 33 32 33 25 39 33 35 35 35 37 25 39 35 38 38 37 22 38 33 26 21 -1 -1 -1 -1 -1 -1 -1 -1 -1 -1 -1 -1 -1 -1 -1 -1 -1 -1 -1 -1 -1 -1 -1 -1 -1 -1 -1 -1 -1 -1 -1 -1 -1 -1
68 60 59 66 99 67 59 88 54 0 0 4 10 36 13 93 0 0 96 68 71 68 68 72 58 0 52 58 93 108 47 24 60 61 65 84 64 70 31 44 76 95 83 43 91 0 65 108 0 99 54 91 95 95 107 102 72 36 97 106 35 95 14 82 76 78 84 66 55 26 35 24 10 10 12 19 24 26 27 0 32 32 32 32 22 29 32 35 35 43 31 0 9 12 39 39 35 39 38 -50 -96 0 -1 -1 -1 -1 -1 -1 -1 -1 -1 -1 -1 -1 -1 -1 -1 -1 -1 -1 -1 -1 -1 -1 -1 -1 -1 -1 -1 -1 -1 -1 -1 -1 -1 -1
43 39 78 84 84 72 84 45 64 24 15 0 0 0 0 36 39 83 95 84 79 74 74 76 68 71 36 79 59 114 60 33 112 62 61 41 70 54 61 70 90 96 113 97 70 36 117 0 94 42 0 95 82 42 81 7 91 65 84 99 93 61 1 118 70 111 62 71 81 53 58 67 48 48 10 14 19 18 25 19 0 27 26 32 29 0 31 33 35 35 33 37 42 43 6 32 43 24 42 -45 -1 -1 0 -1 -1 -1 -1 -1 -1 -1 -1 -1 -1 -1 -1 -1 -1 -1 -1 -1 -1 -1 -1 -1 -1 -1 -1 -1 -1 -1 -1 -1 -1 -1 -1 -1
66 83 94 31 78 100 36 89 0 25 70 0 30 43 62 59 114 90 99 89 78 78 78 68 76 64 68 88 111 112 71 104 52 47 77 67 117 101 110 88 0 110 20 0 83 59 82 47 43 60 67 3 19 24 71 60 85 76 104 70 77 47 114 91 84 25 79 67 90 90 72 53 50 21 54 22 3 10 21 0 27 26 19 31 32 16 30 31 32 33 33 36 36 35 26 0 0 0 42 -30 -1 26 -1 -1 -1 -1 -1 -1 -1 -1 -1 -1 -1 -1 -1 -1 -1 -1 -1 -1 -1 -1 -1 -1 -1 -1 -1 -1 -1 -1 -1 -1 -1 -1 -1 -1
38 101 112 50 70 47 50 60 0 29 0 0 24 0 3 24 49 26 79 95 83 85 79 77 71 76 0 78 100 111 44 68 0 59 77 72 82 96 0 111 99 0 0 36 44 52 58 116 85 107 93 26 107 68 16 120 66 64 83 95 0 111 113 97 59 113 79 112 58 94 79 81 93 79 64 26 48 32 21 13 8 19 18 25 26 0 26 26 27 30 32 33 37 33 36 36 32 24 31 29 41 29 0 -1 -1 -1 -1 -1 -1 -1 -1 -1 -1 -1 -1 -1 -1 -1 -1 -1 -1 -1 -1 -1 -1 -1 -1 -1 -1 -1 -1 -1 -1 -1 -1 -1
60 83 79 49 47 52 35 67 0 0 0 81 44 88 101 65 30 76 104 94 88 79 81 83 82 72 85 106 104 67 87 0 65 0 0 71 93 104 108 72 88 70 89 1 56 97 104 97 68 59 67 62 65 15 32 39 -68 81 -68 108 97 114 91 67 119 66 96 50 106 89 107 74 102 54 33 59 82 53 47 10 0 10 21 9 0 15 19 22 24 31 32 32 35 36 33 36 38 38 33 38 32 30 -1 -1 -1 -1 -1 -1 -1 -1 -1 -1 -1 -1 -1 -1 -1 -1 -1 -1 -1 -1 -1 -1 -1 -1 -1 -1 -1 -1 -1 -1 -1 -1 -1 -1
93 52 59 82 73 61 95 61 56 0 0 0 72 30 30 74 84 104 101 100 99 78 85 85 67 84 49 87 106 108 76 81 74 73 93 88 102 88 104 68 43 31 27 0 12 0 64 44 60 30 74 73 14 0 24 14 100 85 102 88 55 64 0 106 73 14 65 118 96 101 101 117 71 96 85 107 117 90 82 0 53 32 44 30 33 33 9 10 20 21 26 29 31 33 36 35 33 12 37 30 35 41 41 96 -1 -1 -1 -1 -1 -1 -1 -1 -1 -1 -1 -1 -1 -1 -1 -1 -1 -1 -1 -1 -1 -1 -1 -1 -1 -1 -1 -1 -1 -1 -1 -1
77 26 60 47 35 94 74 79 0 0 32 44 47 0 44 64 83 104 104 105 101 93 84 84 88 83 0 31 99 97 73 0 67 108 110 102 84 32 1 0 -97 -84 0 0 3 96 93 68 36 38 44 30 54 24 0 0 62 104 0 74 77 120 0 73 49 81 118 111 82 81 64 70 67 84 71 83 110 58 0 87 67 41 58 49 0 38 13 39 14 16 22 29 29 33 35 35 35 37 35 37 33 35 0 -1 -1 -1 -1 -1 -1 -1 -1 -1 -1 -1 -1 -1 -1 -1 -1 -1 -1 -1 -1 -1 -1 -1 -1 -1 -1 -1 -1 -1 -1 -1 -1 -1
73 91 72 81 107 100 61 71 82 36 9 24 1 0 14 48 73 30 118 102 101 101 97 104 89 106 83 97 26 110 110 74 73 68 89 43 53 59 20 -60 -1 -1 -16 -1 -1 -87 -114 0 85 30 14 8 85 65 111 72 101 44 0 58 59 61 99 0 78 49 90 48 20 107 112 97 83 38 116 104 84 84 45 111 104 66 100 66 0 66 59 36 65 48 18 8 24 31 31 32 32 15 36 39 38 37 39 -53 -1 -1 -1 -1 -1 -1 -1 -1 -1 -1 -1 -1 -1 -1 -1 -1 -1 -1 -1 -1 -1 -1 -1 -1 -1 -1 -1 -1 -1 -1 -1 -1
70 82 61 65 56 74 82 55 13 16 16 35 0 10 4 6 84 94 105 112 106 104 104 84 106 104 108 119 0 111 88 111 79 83 68 22 12 -92 93 -3 -6 -45 -6 -36 -4 -1 105 -1 4 0 0 70 53 116 79 70 65 37 110 38 38 35 67 6 0 60 24 127 104 79 117 81 114 84 85 118 117 89 9 125 85 90 64 0 48 85 65 73 36 38 29 7 19 31 29 33 33 35 35 35 37 36 32 -1 -1 -1 -1 -1 -1 -1 -1 -1 -1 -1 -1 -1 -1 -1 -1 -1 -1 -1 -1 -1 -1 -1 -1 -1 -1 -1 -1 -1 -1 -1 -1 -1
91 60 90 58 84 88 68 49 43 68 0 0 41 90 94 90 118 94 78 97 56 87 116 99 76 111 76 54 65 0 111 94 47 101 15 0 0 -1 -22 -34 -21 -37 -50 -39 -28 -74 -25 -2 -7 -58 97 -63 27 54 30 102 56 82 35 78 91 33 45 101 71 110 0 70 65 54 72 65 76 102 91 67 58 91 2 89 119 47 0 47 49 83 64 91 61 71 32 16 20 2 19 27 31 14 33 36 33 37 35 32 -1 -1 -1 -1 -1 -1 -1 -1 -1 -1 -1 -1 -1 -1 -1 -1 -1 -1 -1 -1 -1 -1 -1 -1 -1 -1 -1 -1 -1 -1 -1 -1
82 39 42 33 56 67 72 77 61 43 0 49 12 37 29 0 33 79 95 95 65 35 35 76 42 59 84 31 59 97 99 99 110 89 0 0 -44 -23 -34 -31 -44 -72 -12 -67 -20 -14 -40 -40 -26 -8 -1 -1 8 44 94 85 43 62 59 0 42 2 38 87 31 90 6 4 0 45 30 93 96 22 20 78 119 12 113 90 56 0 64 71 49 108 54 99 64 30 58 25 13 36 25 24 33 33 32 35 35 36 39 14 -1 -1 -1 -1 -1 -1 -1 -1 -1 -1 -1 -1 -1 -1 -1 -1 -1 -1 -1 -1 -1 -1 -1 -1 -1 -1 -1 -1 -1 -1 -1 -1
95 106 76 66 85 79 87 84 85 78 49 0 0 18 66 0 50 26 52 10 67 21 83 43 41 90 91 0 8 0 122 47 32 30 47 0 -46 -34 -45 -35 -26 -67 -12 -69 -28 -78 -45 -46 -27 -46 -63 -17 -1 -31 0 90 78 42 18 27 0 64 6 10 30 84 89 50 96 79 0 56 90 26 96 59 47 95 97 60 53 0 88 65 102 93 91 0 68 87 88 77 47 7 14 18 10 9 29 31 32 32 35 32 14 -1 -1 -1 -1 -1 -1 -1 -1 -1 -1 -1 -1 -1 -1 -1 -1 -1 -1 -1 -1 -1 -1 -1 -1 -1 -1 -1 -1 -1 -1 -1
87 90 58 14 90 59 78 50 62 82 90 83 22 0 38 58 56 19 14 42 90 0 21 19 4 3 24 78 120 59 88 43 10 3 0 -54 -59 -42 -50 -39 -86 -30 -81 -41 -35 -37 -31 -22 -26 -27 -25 -45 -27 -1 -1 8 90 47 21 29 0 53 26 52 55 96 112 93 65 91 56 47 94 74 24 70 102 122 48 36 50 114 70 96 88 0 49 62 54 89 101 56 66 64 73 38 14 21 27 30 30 32 35 38 0 -1 -1 -1 -1 -1 -1 -1 -1 -1 -1 -1 -1 -1 -1 -1 -1 -1 -1 -1 -1 -1 -1 -1 -1 -1 -1 -1 -1 -1 -1 -1
102 105 67 50 67 62 68 52 55 56 56 77 90 67 6 0 0 56 26 13 0 0 0 1 0 0 31 0 0 12 68 47 2 0 -44 -65 -64 -41 -46 -39 -50 -53 -72 -54 -34 -97 -47 -18 -16 -17 -14 -11 -31 -30 -1 -1 0 64 32 43 19 0 0 53 93 100 88 111 70 68 71 54 50 0 2 0 56 94 66 56 76 114 76 72 0 30 72 84 99 0 47 84 74 38 81 65 1 0 6 20 20 29 32 31 37 0 -1 -1 -1 -1 -1 -1 -1 -1 -1 -1 -1 -1 -1 -1 -1 -1 -1 -1 -1 -1 -1 -1 -1 -1 -1 -1 -1 -1 -1 -1
44 49 48 83 76 47 96 99 76 79 73 64 87 65 48 56 0 0 0 43 64 77 0 0 0 0 0 1 52 30 77 19 -22 -25 -64 -44 -45 -50 -36 -44 -64 -39 -34 -21 -34 -22 -18 -14 -13 -12 -6 -9 -6 -18 -21 -1 -1 0 68 9 14 29 0 68 33 58 36 55 59 66 90 123 0 16 65 56 6 83 39 0 99 94 60 29 45 77 90 104 90 111 0 0 19 94 52 62 42 45 20 39 12 6 30 31 38 25 -1 -1 -1 -1 -1 -1 -1 -1 -1 -1 -1 -1 -1 -1 -1 -1 -1 -1 -1 -1 -1 -1 -1 -1 -1 -1 -1 -1 -1 -1
65 82 93 52 43 48 79 72 114 94 76 85 101 62 55 87 61 30 72 49 55 50 82 0 29 37 48 35 39 26 3 10 -1 -26 -44 -47 -55 -44 -41 -40 -40 -41 -51 -39 -12 -72 -16 -14 -13 -11 -8 -7 -6 -6 -4 -14 -8 94 -1 20 -1 0 0 13 10 113 82 20 6 122 10 59 101 105 96 27 91 29 19 0 27 48 53 82 52 72 110 104 95 107 59 99 91 94 72 90 77 39 30 55 35 49 7 8 26 24 29 -81 -1 -1 -1 -1 -1 -1 -1 -1 -1 -1 -1 -1 -1 -1 -1 -1 -1 -1 -1 -1 -1 -1 -1 -1 -1 -1 -1 -1
89 84 45 74 62 97 56 120 93 66 41 68 91 93 94 90 67 54 39 43 113 101 0 10 27 61 43 90 41 0 47 0 -32 -35 -44 -22 -36 -34 -39 -54 -56 -42 -28 -21 -20 -16 -13 -13 -12 -7 -11 -11 -7 -6 -4 -7 -1 -1 94 -22 -1 -59 -30 16 10 89 43 48 0 117 43 31 71 16 112 66 113 85 81 67 125 52 74 71 71 43 52 54 54 114 118 116 114 38 90 53 62 60 27 19 15 53 30 15 14 27 24 33 97 102 -1 -1 -1 -1 -1 -1 -1 -1 -1 -1 -1 -1 -1 -1 -1 -1 -1 -1 -1 -1 -1 -1 -1 -1 -1 -1
104 76 39 85 90 95 65 125 71 78 84 97 94 97 72 64 108 88 62 77 119 62 0 62 77 67 52 25 64 39 4 0 -9 -54 -42 -28 -22 -34 -31 -46 -32 -60 -36 -28 -27 -68 -18 -12 -11 -9 -12 -17 -6 -6 -3 -3 -1 -1 -1 -1 -1 -1 -1 -1 -51 30 0 30 107 48 77 91 16 81 110 88 114 0 54 39 82 68 24 99 55 54 58 58 52 84 120 31 53 117 74 83 67 82 105 39 64 37 58 45 20 22 0 26 33 -1 -1 -1 -1 -1 -1 -1 -1 -1 -1 -1 -1 -1 -1 -1 -1 -1 -1 -1 -1 -1 -1 -1 -1 -1 -1 -1
93 76 74 97 116 113 101 81 97 61 114 100 74 95 83 83 90 85 83 119 13 0 48 68 83 70 97 24 30 50 0 -20 -47 -31 -22 -21 -31 -59 -82 -47 -61 -44 -31 -20 -16 -17 -18 -17 -7 -17 -7 -7 -6 -3 -3 -2 -3 -3 -1 -1 -1 -1 -1 -1 -1 29 7 62 117 32 54 41 113 81 25 113 49 8 2 68 31 41 96 73 76 42 39 44 52 87 70 0 30 114 90 50 94 89 74 85 27 59 56 18 0 0 27 14 18 18 -65 -1 -1 -1 -1 -1 -1 -1 -1 -1 -1 -1 -1 -1 -1 -1 -1 -1 -1 -1 -1 -1 -1 -1 -1 -1
107 89 42 99 116 106 71 102 77 78 100 116 106 93 127 127 123 83 65 90 0 41 110 77 14 54 73 38 2 0 -98 -1 -35 -17 -11 -20 -56 -46 -89 -47 -79 -47 -31 -17 -17 -74 -21 -25 -21 -23 -25 -14 -14 -4 -3 -2 -2 -2 -1 -1 -1 -1 -1 -1 -1 -1 0 22 7 56 27 29 44 74 59 74 26 15 12 16 14 24 32 18 85 78 67 48 50 90 76 62 25 113 54 67 101 48 119 60 26 83 79 52 2 91 0 26 8 22 0 31 4 -1 -1 -1 -1 -1 -1 -1 -1 -1 -1 -1 -1 -1 -1 -1 -1 -1 -1 -1 -1 -1 -1 -1
110 62 91 104 71 101 104 113 116 122 65 100 87 71 76 76 111 91 84 0 41 44 59 71 74 79 35 19 0 -1 -6 -26 -17 -11 -22 -51 -72 -97 -39 -84 -44 -32 -22 -27 -65 -34 -35 -36 -37 -37 -39 -27 -8 -9 -1 -1 -2 -1 -1 -1 -1 -1 -1 -1 -1 -1 0 12 43 42 0 22 12 0 8 19 0 42 16 31 26 19 0 87 93 91 81 123 66 112 62 100 66 113 102 70 78 50 50 85 95 101 85 85 0 0 29 0 29 4 14 16 21 0 -1 -1 -1 -1 -1 -1 -1 -1 -1 -1 -1 -1 -1 -1 -1 -1 -1 -1 -1 -1 -1 -1
93 79 44 116 84 105 104 112 88 104 120 100 102 78 111 73 101 124 108 0 54 9 83 42 47 0 9 0 -37 -1 -31 -46 -42 -34 -42 -82 -101 -89 -45 -69 -46 -39 -42 -21 -60 -70 -27 -28 -26 -39 -26 -13 -8 -6 -1 -2 -1 -2 -1 -1 -1 -1 -1 -1 -1 -1 -1 33 36 36 26 30 35 31 4 32 33 1 52 9 27 31 22 12 82 39 43 89 52 60 99 53 12 3 96 82 60 89 72 100 96 97 60 13 89 44 76 20 12 15 10 19 13 3 2 -27 -1 -1 -1 -1 -1 -1 -1 -1 -1 -1 -1 -1 -1 -1 -1 -1 -1 -1 -1 -1
59 64 76 101 76 94 99 85 85 79 70 90 116 62 114 78 101 127 71 0 16 25 39 0 0 -40 -1 -46 -42 -46 -42 -11 -28 -79 -101 -106 -58 -42 -103 -42 -28 -31 -26 -17 -21 -21 -63 -34 -47 -18 -14 -21 -4 -6 -1 -2 -1 -1 -1 -1 -1 -1 -1 -1 -1 -1 -1 29 37 22 9 27 29 35 30 37 30 30 42 25 13 29 31 22 27 79 30 62 56 97 76 30 95 65 42 93 111 48 95 106 72 89 62 71 45 60 29 21 4 55 39 30 6 7 19 0 -1 -1 -1 -1 -1 -1 -1 -1 -1 -1 -1 -1 -1 -1 -1 -1 -1 -1 -1 -1
45 108 114 101 104 104 108 91 106 107 114 104 101 78 74 79 60 120 66 43 -126 -83 0 -1 -11 -34 -65 -49 -51 -49 -54 -69 -98 -110 -101 -68 -64 -41 -94 -50 -31 -31 -28 -28 -44 -96 -86 -37 -41 -34 -21 -11 -14 -12 -8 -8 -1 -2 -1 -1 -1 -1 -1 -1 -1 -1 -1 -22 10 42 12 60 36 25 27 22 18 26 22 16 24 0 0 0 8 1 0 0 45 113 102 93 22 102 60 116 8 94 65 33 72 61 2 64 74 59 81 50 30 31 45 74 61 6 24 0 4 -1 -1 -1 -1 -1 -1 -1 -1 -1 -1 -1 -1 -1 -1 -1 -1 -1 -1 -1
113 125 105 62 73 107 66 102 93 87 127 83 61 65 78 59 108 0 -22 -9 -27 -34 -35 -47 -36 -67 -61 -79 -74 -84 -97 -106 -87 -67 -78 -65 -63 -68 -56 -60 -77 -59 -32 -27 -51 -61 -49 -41 -44 -39 -42 -22 -21 -11 -14 -3 -2 -2 -1 -1 -1 -1 -1 -1 -1 -1 -1 21 31 30 20 8 41 27 26 0 39 24 13 0 3 19 14 0 10 18 77 43 53 95 70 74 0 83 73 83 120 27 0 22 0 84 0 70 60 91 71 64 67 78 27 45 0 0 1 8 19 0 -1 -1 -1 -1 -1 -1 -1 -1 -1 -1 -1 -1 -1 -1 -1 -1 -1 -1
110 91 113 114 83 100 94 113 93 77 71 72 66 65 72 47 -88 -8 -39 -55 -59 -79 -81 -59 -58 -51 -83 -79 -87 -88 -89 -65 -53 -54 -73 -53 -56 -50 -51 -58 -78 -75 -92 -72 -81 -93 -49 -46 -34 -30 -42 -39 -35 -16 -11 -9 -13 -9 -7 -4 -1 -1 -1 -1 -1 -1 -1 -1 25 0 0 -116 19 36 20 33 0 0 22 30 24 13 8 44 43 9 91 32 18 81 62 48 114 41 79 106 53 42 119 95 106 120 55 45 91 70 81 84 61 21 68 37 0 21 27 25 22 0 24 -16 -1 -1 -1 -1 -1 -1 -1 -1 -1 -1 -1 -1 -1 -1 -1 -1
123 118 122 108 90 105 82 119 72 73 82 70 67 53 -69 -68 -49 -68 -56 -67 -59 -22 -54 -61 -92 -93 -64 -82 -89 -83 -54 -53 -56 -61 -51 -51 -51 -59 -50 -53 -65 -60 -74 -65 -44 -42 -36 -32 -31 -28 -21 -18 -13 -23 -11 -12 -9 -6 -12 -14 -1 -1 -1 -1 -1 -1 -1 0 29 35 30 30 2 -124 0 19 25 7 30 10 36 35 24 35 27 44 88 0 39 76 66 77 89 91 54 127 33 93 60 87 74 0 39 61 44 0 29 39 0 116 0 38 56 14 0 25 0 36 1 1 -1 -1 -1 -1 -1 -1 -1 -1 -1 -1 -1 -1 -1 -1 -1 -1
97 101 102 91 85 84 79 82 83 62 79 62 64 -60 -67 -67 -32 -53 -53 -63 -64 -56 -58 -84 -72 -74 -63 -73 -69 -47 -51 -53 -54 -53 -54 -51 -50 -51 -50 -50 -53 -53 -45 -45 -49 -91 -41 -36 -28 -27 -23 -18 -14 -8 -8 -9 -9 -4 -12 -9 -3 -1 -1 -1 -1 -1 -1 -1 37 38 35 36 36 31 20 3 10 10 4 18 9 22 41 29 61 48 84 54 0 42 105 64 55 73 36 88 79 53 44 89 74 47 100 116 97 78 82 59 56 37 72 70 74 44 14 27 21 14 3 15 20 7 -1 -1 -1 -1 -1 -1 -1 -1 -1 -1 -1 -1 -1 -1
96 96 96 96 96 96 96 96 96 96 96 96 96 -1 -1 -1 -1 -1 -1 -1 -1 -1 -1 -1 -1 -1 -1 -1 -1 -1 -1 -1 -1 -1 -1 -1 -1 -1 -1 -1 -1 -1 -1 -1 -1 -1 -1 -1 -1 -1 -1 -1 -1 -1 -1 -1 -1 -1 -1 -1 -1 -1 -1 -1 -1 -1 -1 -1 -26 113 113 113 113 113 113 113 113 113 113 113 113 113 113 113 113 113 113 113 113 113 113 113 113 113 113 113 113 113 113 113 113 113 113 0 113 113 113 113 113 113 113 113 113 113 113 113 113 113 113 113 113 113 113 113 113 113 -1 -1 -1 -1 -1 -1 -1 -1 -1 -1
