136 161
-128 -128 -128 -128 -128 -128 -128 -128 -128 -128 -128 -128 -128 -128 -128 -128 -128 -128 -128 -128 -128 -128 -128 -128 -128 -128 -128 -128 -128 -128 -128 -128 -128 -128 -128 -128 -128 -128 -128 -128 -128 -128 -128 -128 -128 -128 7 0 0 8 25 16 0 14 95 0 56 61 16 8 52 -1 -1 -8 -22 -13 -13 -14 -16 -16 -16 -14 -14 -13 -13 -12 -11 -8 -6 -3 -2 -3 -3 -4 -4 -3 -1 -1 -1 -1 -1 -1 -1 -1 -1 -1 -1 -1 -1 -1 -1 -1 -1 -1 -1 -1 -1 -1 -6 -13 -14 -20 -22 -23 -25 -23 -23 -23 -25 -25 -25 -25 -25 -25 -23 -25 -25 -25 -25 -25 -25 -25 -25 -23 -26 -25
-128 -128 -128 -128 -128 -128 -128 -128 -128 -128 -128 -128 -128 -128 -128 -128 -128 -128 -128 -128 -128 -128 -128 -128 -128 -128 -128 -128 -128 -128 -128 -128 -128 -128 -128 -128 -128 -128 -128 -128 -128 -128 -128 -128 -128 0 0 0 0 33 0 0 0 24 19 12 0 24 0 110 -1 -3 -27 -18 -13 -13 -14 -16 -14 -16 -14 -13 -13 -12 -11 -9 -7 -4 -3 -2 -2 -2 -3 -3 -3 -2 -1 -1 -1 -1 -1 -1 -1 -1 -1 -1 -1 -1 -1 -1 -1 -1 -1 -1 -1 -1 -1 -4 -6 -7 -8 -11 -17 -22 -23 -23 -23 -23 -23 -23 -25 -25 -25 -25 -23 -23 -23 -25 -23 -25 -23 -25 -25 -25 -26 -26
-128 -128 -128 -128 -128 -128 -128 -128 -128 -128 -128 -128 -128 -128 -128 -128 -128 -128 -128 -128 -128 -128 -128 -128 -128 -128 -128 -128 -128 -128 -128 -128 -128 -128 -128 -128 -128 -128 -128 -128 -128 -128 -128 -128 -128 -128 0 0 0 0 19 0 0 24 22 38 0 6 1 -1 -1 -2 -23 -17 -16 -14 -16 -14 -14 -16 -14 -13 -12 -11 -9 -8 -6 -4 -2 -1 -1 -1 -2 -3 -3 -1 -1 -1 -1 -1 -1 -1 -1 -1 -1 -1 -1 -1 -1 -1 -1 -1 -1 -1 -1 -1 -1 -2 -3 -4 -4 -6 -9 -16 -23 -23 -23 -23 -23 -25 -23 -23 -23 -25 -23 -23 -23 -25 -22 -23 -25 -25 -23 -23 -22 -25
-128 -128 -128 -128 -128 -128 -128 -128 -128 -128 -128 -128 -128 -128 -128 -128 -128 -128 -128 -128 -128 -128 -128 -128 -128 -128 -128 -128 -128 -128 -128 -128 -128 -128 -128 -128 -128 -128 -128 -128 -128 -128 -128 -128 -128 0 0 0 0 7 0 8 0 0 0 22 21 -1 -1 -1 -6 -35 -20 -14 -14 -17 -16 -14 -14 -16 -16 -14 -12 -9 -7 -7 -4 -2 -2 -1 -1 -1 -1 -4 -1 -1 -1 -1 -1 -1 -1 -1 -1 -1 -1 -1 -1 -1 -1 -1 -1 -1 -1 -1 -1 -1 -1 -4 -4 -2 -4 -6 -13 -21 -25 -23 -23 -23 -23 -23 -23 -23 -25 -25 -23 -25 -23 -23 -23 -25 -23 -25 -23 -23 -20 -18
-128 -128 -128 -128 -128 -128 -128 -128 -128 -128 -128 -128 -128 -128 -128 -128 -128 -128 -128 -128 -128 -128 -128 -128 -128 -128 -128 -128 -128 -128 -128 -128 -128 -128 -128 -128 -128 -128 -128 -128 -128 -128 -128 -128 -128 -128 0 0 0 8 32 14 9 9 22 39 32 -1 -1 -1 -25 -22 -22 -16 -14 -14 -16 -14 -16 -16 -16 -16 -16 -13 -11 -8 -6 -3 -2 -2 -1 -1 -1 -2 -3 110 111 -1 -1 -1 -1 -1 108 78 -1 -1 -1 -1 -1 -1 -1 -1 -1 -1 -1 -1 -1 -1 -6 -4 -4 -6 -11 -21 -25 -23 -23 -23 -23 -23 -23 -23 -23 -23 -23 -23 -23 -23 -23 -23 -23 -23 -23 -23 -22 -22
-128 -128 -128 -128 -128 -128 -128 -128 -128 -128 -128 -128 -128 -128 -128 -128 -128 -128 -128 -128 -128 -128 -128 -128 -128 -128 -128 -128 -128 -128 -128 -128 -128 -128 -128 -128 -128 -128 -128 -128 -128 -128 -128 -128 -128 0 0 6 0 0 15 35 27 55 1 24 -1 -1 -1 -14 -21 -21 -16 -16 -17 -14 -17 -17 -17 -16 -16 -16 -16 -13 -9 -8 -6 -3 -2 -1 -1 -1 -1 -2 -1 101 -1 -1 -1 -1 55 104 44 22 -1 -1 -1 -1 -1 -1 -1 -1 -1 -1 -1 -1 -1 -6 -6 -6 -7 -9 -21 -20 -21 -22 -23 -23 -23 -23 -23 -23 -23 -23 -23 -25 -23 -23 -25 -25 -25 -23 -25 -23 -22 -20
-128 -128 -128 -128 -128 -128 -128 -128 -128 -128 -128 -128 -128 -128 -128 -128 -128 -128 -128 -128 -128 -128 -128 -128 -128 -128 -128 -128 -128 -128 -128 -128 -128 -128 -128 -128 -128 -128 -128 -128 -128 -128 -128 -128 -128 -128 3 0 0 0 0 19 16 1 26 -1 -1 -1 -2 -14 -30 -18 -17 -16 -16 -17 -17 -16 -16 -16 -16 -16 -13 -8 -8 -8 -6 -4 -3 -2 -1 -1 -1 -1 -1 -1 104 99 -1 -1 66 102 111 49 24 -6 -1 -1 -1 -1 -1 -1 -1 -1 -1 -1 -1 -1 -4 -4 -6 -7 -7 -11 -13 -17 -21 -22 -22 -22 -23 -23 -23 -23 -23 -23 -23 -23 -23 -23 -23 -23 -23 -23 -21 -7
-128 -128 -128 -128 -128 -128 -128 -128 -128 -128 -128 -128 -128 -128 -128 -128 -128 -128 -128 -128 -128 -128 -128 -128 -128 -128 -128 -128 -128 -128 -128 -128 -128 -128 -128 -128 -128 -128 -128 -128 -128 -128 -128 -128 -128 0 0 0 0 0 0 52 18 100 -1 -1 -1 -3 -14 -36 -20 -17 -20 -16 -17 -17 -17 -16 -16 -16 -16 -13 -8 -6 -6 -8 -3 -3 -2 -2 -1 -1 -1 -1 -1 -1 0 1 -1 -1 68 101 54 33 32 99 -1 -1 -1 -1 -1 -1 -1 -1 -1 -1 -1 -1 -3 -3 -6 -6 -6 -7 -20 -20 -21 -22 -22 -22 -22 -22 -23 -23 -23 -23 -23 -23 -22 -22 -22 -21 -21 -18 -11 -7
-128 -128 -128 -128 -128 -128 -128 -128 -128 -128 -128 -128 -128 -128 -128 -128 -128 -128 -128 -128 -128 -128 -128 -128 -128 -128 -128 -128 -128 -128 -128 -128 -128 -128 -128 -128 -128 -128 -128 -128 -128 -128 -128 -128 -128 -128 0 0 0 20 4 43 20 101 -1 -1 -1 -4 -16 -36 -21 -22 -21 -17 -18 -17 -16 -16 -16 -16 -16 -13 -7 -6 -6 -6 -6 -4 -2 -1 -1 -1 -1 -1 -1 -1 -1 94 -1 -1 97 99 53 32 38 39 110 106 -1 -1 -1 -1 -1 -1 -1 -1 -1 -1 -1 -2 -1 -4 -6 -9 -17 -21 -21 -21 -21 -22 -22 -22 -22 -23 -23 -23 -23 -22 -21 -20 -18 -14 -13 -14 -12 -2
-128 -128 -128 -128 -128 -128 -128 -128 -128 -128 -128 -128 -128 -128 -128 -128 -128 -128 -128 -128 -128 -128 -128 -128 -128 -128 -128 -128 -128 -128 -128 -128 -128 -128 -128 -128 -128 -128 -128 -128 -128 -128 -128 -128 -128 0 0 8 42 0 39 15 -1 -1 -1 -3 -8 -17 -34 -26 -23 -20 -20 -18 -18 -18 -17 -16 -16 -16 -14 -7 -8 -6 -4 -4 -6 -2 -1 -1 -1 -1 -1 -1 -1 -1 -1 -1 -1 -1 90 105 47 33 20 78 13 43 -1 -1 -1 -1 -1 -1 -1 -1 -1 -1 -1 -1 -1 -7 -13 -22 -18 -21 -23 -21 -21 -21 -22 -22 -21 -23 -23 -21 -22 -21 -14 -12 -14 -11 -9 -6 -6 -60
-128 -128 -128 -128 -128 -128 -128 -128 -128 -128 -128 -128 -128 -128 -128 -128 -128 -128 -128 -128 -128 -128 -128 -128 -128 -128 -128 -128 -128 -128 -128 -128 -128 -128 -128 -128 -128 -128 -128 -128 -128 -128 -128 -128 -128 -128 14 15 22 38 27 37 -1 -1 -2 -13 -16 -21 -32 -25 -20 -20 -20 -18 -18 -18 -17 -16 -16 -16 -14 -11 -11 -9 -4 -4 -4 -2 -1 -1 -1 -1 -2 -1 -1 -1 -1 -1 -1 -1 -1 105 74 39 30 66 39 29 70 -1 -1 -1 -1 -1 -1 -1 -1 -1 -1 -1 -1 -1 -23 -21 -18 -22 -21 -20 -21 -21 -21 -22 -22 -22 -23 -23 -22 -7 -16 -9 -8 -14 -11 -2 102 60
-128 -128 -128 -128 -128 -128 -128 -128 -128 -128 -128 -128 -128 -128 -128 -128 -128 -128 -128 -128 -128 -128 -128 -128 -128 -128 -128 -128 -128 -128 -128 -128 -128 -128 -128 -128 -128 -128 -128 -128 -128 -128 -128 -128 -128 0 14 20 38 95 107 -1 -1 -11 -23 -21 -23 -21 -27 -20 -20 -21 -20 -20 -20 -18 -16 -16 -16 -13 -11 -13 -12 -11 -6 -6 -1 -1 -1 -1 -1 -1 -1 -1 -1 -1 -1 -1 -1 -1 -1 110 41 55 21 58 38 32 72 -1 -1 -1 -1 -1 -1 -1 -1 -1 -1 -1 -1 -14 -21 -18 -16 -17 -18 -20 -20 -20 -21 -22 -21 -21 -21 -22 -18 -22 -12 -1 -20 -9 43 61 0 14
-128 -128 -128 -128 -128 -128 -128 -128 -128 -128 -128 -128 -128 -128 -128 -128 -128 -128 -128 -128 -128 -128 -128 -128 -128 -128 -128 -128 -128 -128 -128 -128 -128 -128 -128 -128 -128 -128 -128 -128 -128 -128 -128 -128 -128 -128 38 0 0 38 -1 -1 -2 -14 -22 -21 -18 -17 -21 -18 -20 -20 -20 -20 -20 -18 -17 -18 -14 -12 -11 -11 -11 -11 -2 -7 -2 -1 -1 -1 -1 -1 -1 -1 -1 -1 -1 -1 -1 -1 -1 -1 8 30 42 16 53 41 45 49 -1 -1 -1 -1 -1 -1 -1 -1 -1 -1 -1 -17 -31 -18 -14 -16 -16 -17 -18 -20 -21 -21 -22 -18 -14 -14 -12 -4 -11 -1 -1 -7 -1 78 27 -1
-128 -128 -128 -128 -128 -128 -128 -128 -128 -128 -128 -128 -128 -128 -128 -128 -128 -128 -128 -128 -128 -128 -128 -128 -128 -128 -128 -128 -128 -128 -128 -128 -128 -128 -128 -128 -128 -128 -128 -128 -128 -128 -128 -128 -128 27 8 1 26 -1 -1 -6 -26 -26 -18 -16 -17 -17 -17 -21 -21 -21 -20 -20 -18 -18 -20 -18 -16 -9 -8 -11 -11 -1 -8 -6 -3 -1 -1 -1 -1 -1 -1 -1 -1 -1 -1 -1 -1 -1 -1 36 26 37 53 78 72 32 37 37 -115 -1 -1 -1 -1 -1 -1 -1 -1 -1 -8 -17 -14 -13 -13 -12 -11 -13 -18 -18 -20 -21 -20 -16 -7 -2 -1 -4 -1 -1 -4 100 54 36 -1 -1
-128 -128 -128 -128 -128 -128 -128 -128 -128 -128 -128 -128 -128 -128 -128 -128 -128 -128 -128 -128 -128 -128 -128 -128 -128 -128 -128 -128 -128 -128 -128 -128 -128 -128 -128 -128 -128 -128 -128 -128 -128 -128 -128 -128 -128 -128 20 0 16 -1 -1 -4 -23 -20 -17 -18 -21 -20 -20 -23 -22 -20 -21 -20 -18 -18 -18 -21 -20 -21 -12 -7 -8 -6 -7 -11 -7 -3 -1 -1 -1 -1 -1 -1 -1 -1 -1 -1 -1 -1 -1 -1 29 72 81 13 66 9 65 42 85 66 -1 -1 -1 -1 -1 -1 -1 -1 -1 -14 -12 -11 -12 -13 -9 -11 -23 -14 -14 -21 -21 -20 -12 111 -1 -1 -1 -1 -2 36 12 106 -1 -1
-128 -128 -128 -128 -128 -128 -128 -128 -128 -128 -128 -128 -128 -128 -128 -128 -128 -128 -128 -128 -128 -128 -128 -128 -128 -128 -128 -128 -128 -128 -128 -128 -128 -128 -128 -128 -128 -128 -128 -128 -128 -128 -128 -128 -128 12 32 99 -1 -1 -4 -9 -12 -13 -18 -23 -22 -21 -21 -23 -21 -20 -21 -20 -18 -18 -20 -21 -26 -40 -31 -8 -9 -4 -27 -11 -7 -6 -2 -1 -1 -1 -1 -1 -1 -1 -1 -1 -1 -1 -1 55 24 82 81 38 66 77 37 110 0 29 85 -1 -1 -1 -1 -1 -1 -1 -2 -4 -9 -11 -11 -9 -11 -16 127 -1 -39 -22 -18 -12 25 0 -60 -51 118 -1 30 56 -1 -1 -1 -1
-128 -128 -128 -128 -128 -128 -128 -128 -128 -128 -128 -128 -128 -128 -128 -128 -128 -128 -128 -128 -128 -128 -128 -128 -128 -128 -128 -128 -128 -128 -128 -128 -128 -128 -128 -128 -128 -128 -128 -128 -128 -128 -128 -128 -128 -128 97 -1 -1 -1 -3 -9 -12 -14 -13 -21 -23 -23 -22 -23 -21 -22 -20 -20 -18 -16 -18 -23 -39 -30 -28 -21 -8 -7 -11 -13 -9 -8 -8 -3 -1 -1 -1 -1 -1 -1 -1 -1 -1 -1 -1 87 27 71 18 36 41 60 30 35 37 60 33 32 116 -1 -1 -1 -1 -1 -1 -1 -22 -8 -9 -8 -6 -8 -7 102 -39 -22 -14 -9 0 10 0 108 -1 -1 -1 -1 -1 -1 -1 -1
-128 -128 -128 -128 -128 -128 -128 -128 -128 -128 -128 -128 -128 -128 -128 -128 -128 -128 -128 -128 -128 -128 -128 -128 -128 -128 -128 -128 -128 -128 -128 -128 -128 -128 -128 -128 -128 -128 -128 -128 -128 -128 -128 -128 -128 94 -1 -1 -1 -3 -8 -12 -13 -13 -16 -21 -23 -23 -21 -21 -21 -21 -21 -17 -11 -12 -27 -39 -28 -26 -27 -11 -8 -6 -17 -11 -9 -9 -7 -2 -2 -1 -1 -1 -1 -1 -1 -1 -1 -1 43 39 33 24 35 27 49 54 91 53 41 10 26 26 52 32 -1 -1 -1 -1 -1 -1 -4 -6 -8 -6 -3 -4 50 -25 -20 -9 -2 38 19 99 -1 -1 -1 -1 -1 -1 -1 -1 -1 -1
-128 -128 -128 -128 -128 -128 -128 -128 -128 -128 -128 -128 -128 -128 -128 -128 -128 -128 -128 -128 -128 -128 -128 -128 -128 -128 -128 -128 -128 -128 -128 -128 -128 -128 -128 -128 -128 -128 -128 -128 -128 -128 -128 -128 -128 -128 -1 -1 -2 -7 -9 -12 -12 -12 -17 -21 -18 -23 -25 -22 -21 -22 -22 -17 -9 -16 -25 -42 -28 -26 -25 -23 -20 -9 -17 -9 -9 -9 -8 -3 -3 -1 -1 -3 -1 -1 -1 -1 -1 -1 -1 36 45 37 7 30 104 81 4 55 0 26 32 36 37 74 66 99 27 113 -1 -1 -4 -2 -3 -3 -1 19 20 -39 125 -4 100 12 107 -1 -1 -1 -1 -1 -1 -1 -1 -1 -1 -1
-128 -128 -128 -128 -128 -128 -128 -128 -128 -128 -128 -128 -128 -128 -128 -128 -128 -128 -128 -128 -128 -128 -128 -128 -128 -128 -128 -128 -128 -128 -128 -128 -128 -128 -128 -128 -128 -128 -128 -128 -128 -128 -128 -128 -128 -1 -1 -4 -8 -12 -12 -17 -16 -17 -20 -18 -26 -35 -26 -28 -30 -21 -18 -11 -26 -56 -34 -28 -26 -25 -26 -11 -13 -13 -16 -11 -9 -7 -8 -3 -2 -4 -3 -1 -1 -1 -1 -1 -1 -1 89 29 49 47 26 24 33 49 48 55 20 45 43 25 44 22 93 53 105 -1 29 -1 -1 -1 -1 -1 52 0 -8 -8 -1 97 0 -1 -1 -1 -1 -1 -1 -1 -1 -1 -1 -1 -1 -1
-128 -128 -128 -128 -128 -128 -128 -128 -128 -128 -128 -128 -128 -128 -128 -128 -128 -128 -128 -128 -128 -128 -128 -128 -128 -128 -128 -128 -128 -128 -128 -128 -128 -128 -128 -128 -128 -128 -128 -128 -128 -128 -128 -128 -128 -128 -7 -7 -8 -16 -17 -20 -21 -28 -27 -25 -32 -36 -26 -26 -27 -26 -31 -31 -45 -40 -31 -27 -25 -25 -23 -23 -16 -28 -11 -12 -13 -11 -13 -6 -2 -7 -3 -2 -1 -1 -1 -1 -1 -1 -1 68 35 35 54 35 38 10 25 48 7 31 29 25 16 38 82 49 53 39 -14 67 112 -1 -1 102 47 2 -3 127 -1 29 0 -1 -1 -1 -1 -1 -1 -1 -1 -1 -1 -1 -1 -1
-128 -128 -128 -128 -128 -128 -128 -128 -128 -128 -128 -128 -128 -128 -128 -128 -128 -128 -128 -128 -128 -128 -128 -128 -128 -128 -128 -128 -128 -128 -128 -128 -128 -128 -128 -128 -128 -128 -128 -128 -128 -128 -128 -128 -128 -30 -20 -22 -23 -28 -28 -31 -39 -35 -30 -32 -31 -27 -27 -27 -27 -26 -36 -31 -32 -28 -27 -26 -26 -25 -23 -22 -50 -22 -14 -11 -8 -7 -8 -3 -6 -4 -3 -3 -2 -1 -1 -1 -1 108 39 31 33 27 24 44 37 45 36 10 47 44 76 41 22 85 10 82 118 110 116 111 112 116 77 71 30 -1 -1 104 4 -1 -1 -1 -1 -1 -1 -1 -1 112 68 100 -1 -1 -1 -1
-128 -128 -128 -128 -128 -128 -128 -128 -128 -128 -128 -128 -128 -128 -128 -128 -128 -128 -128 -128 -128 -128 -128 -128 -128 -128 -128 -128 -128 -128 -128 -128 -128 -128 -128 -128 -128 -128 -128 -128 -128 -128 -128 -128 -128 -128 -46 -25 -31 -35 -46 -45 -39 -31 -30 -32 -35 -31 -30 -27 -27 -26 -26 -28 -28 -28 -26 -26 -26 -25 -25 -23 -35 -26 -21 -35 -14 -8 -6 -6 -2 -6 -4 -3 -3 -1 -1 -1 102 29 32 16 76 53 61 18 118 61 44 48 54 105 67 117 7 49 71 114 118 108 123 108 107 120 104 71 15 114 127 -1 42 94 -1 -1 -1 -1 -1 -1 -1 25 33 -1 -1 -1 -1 -4
-128 -128 -128 -128 -128 -128 -128 -128 -128 -128 -128 -128 -128 -128 -128 -128 -128 -128 -128 -128 -128 -128 -128 -128 -128 -128 -128 -128 -128 -128 -128 -128 -128 -128 -128 -128 -128 -128 -128 -128 -128 -128 -128 -128 -128 -51 -30 -42 -45 -42 -34 -32 -30 -30 -28 -28 -27 -28 -27 -26 -25 -25 -26 -26 -26 -26 -26 -26 -26 -25 -25 -28 -32 -23 -20 -20 -20 -12 -14 -6 -6 -4 -4 -3 -1 -1 -1 -1 33 18 0 27 111 113 85 32 119 114 60 100 77 41 2 52 26 55 117 48 102 112 101 90 102 108 25 9 38 102 127 -1 0 -1 -1 -1 -1 -1 -1 -1 -1 -1 -1 -1 -1 -3 -12 -34
-128 -128 -128 -128 -128 -128 -128 -128 -128 -128 -128 -128 -128 -128 -128 -128 -128 -128 -128 -128 -128 -128 -128 -128 -128 -128 -128 -128 -128 -128 -128 -128 -128 -128 -128 -128 -128 -128 -128 -128 -128 -128 -128 -128 -128 -128 -36 -36 -32 -34 -30 -28 -27 -27 -26 -26 -26 -26 -26 -26 -25 -25 -26 -27 -26 -25 -25 -25 -25 -25 -25 -25 -23 -26 -4 -17 -20 -17 -11 -8 -8 -4 -4 -3 -2 -1 -1 -1 90 48 20 26 67 104 26 60 62 127 117 99 72 61 10 0 29 37 33 37 66 52 81 -11 83 64 79 62 77 25 60 107 -1 97 -1 -1 -1 -1 -1 -1 -1 -1 -1 -1 -3 -8 -23 -60
-128 -128 -128 -128 -128 -128 -128 -128 -128 -128 -128 -128 -128 -128 -128 -128 -128 -128 -128 -128 -128 -128 -128 -128 -128 -128 -128 -128 -128 -128 -128 -128 -128 -128 -128 -128 -128 -128 -128 -128 -128 -128 -128 -128 -128 -39 -31 -28 -28 -27 -27 -26 -26 -26 -26 -26 -26 -26 -26 -26 -26 -26 -26 -26 -25 -23 -25 -25 -25 -25 -25 -25 -27 -23 -39 -18 -9 -8 -8 -2 -2 -4 -4 -2 -1 -1 -1 -1 32 6 110 18 85 96 52 43 113 72 55 31 7 3 27 39 25 19 54 73 44 54 35 45 106 106 102 77 42 35 114 -1 -1 -1 -1 -1 110 56 -1 -1 -1 -3 -11 -23 -32 -55 -40 -31
-128 -128 -128 -128 -128 -128 -128 -128 -128 -128 -128 -128 -128 -128 -128 -128 -128 -128 -128 -128 -128 -128 -128 -128 -128 -128 -128 -128 -128 -128 -128 -128 -128 -128 -128 -128 -128 -128 -128 -128 -128 -128 -128 -128 -128 -128 -31 -27 -27 -26 -26 -26 -26 -26 -26 -26 -26 -26 -26 -26 -26 -26 -26 -26 -23 -25 -27 -25 -23 -27 -23 -23 -23 -28 -25 -26 -23 -23 -7 -2 -1 -1 -1 -1 -1 -1 -1 -1 -1 41 44 45 105 84 29 44 76 125 94 0 54 101 8 12 9 67 36 22 53 52 58 78 37 117 95 55 33 37 42 -1 -1 96 -59 -1 -1 -1 -1 -1 -1 -7 -32 -32 -36 -27 -26 -32
-128 -128 -128 -128 -128 -128 -128 -128 -128 -128 -128 -128 -128 -128 -128 -128 -128 -128 -128 -128 -128 -128 -128 -128 -128 -128 -128 -128 -128 -128 -128 -128 -128 -128 -128 -128 -128 -128 -128 -128 -128 -128 -128 -128 -128 -30 -27 -25 -26 -26 -26 -26 -26 -26 -26 -26 -26 -26 -26 -26 -26 -26 -25 -25 -23 -28 -26 -27 -28 -27 -27 -23 -34 -26 -25 -25 -20 -8 -2 -1 19 41 -64 -1 -1 -1 -1 -1 37 37 110 118 53 42 78 74 67 81 1 2 67 42 0 71 102 105 79 53 55 85 58 38 74 83 106 29 85 41 47 112 49 102 -1 -1 -1 -1 -1 -7 -31 -35 -31 -30 -25 -35 -31 -28
-128 -128 -128 -128 -128 -128 -128 -128 -128 -128 -128 -128 -128 -128 -128 -128 -128 -128 -128 -128 -128 -128 -128 -128 -128 -128 -128 -128 -128 -128 -128 -128 -128 -128 -128 -128 -128 -128 -128 -128 -128 -128 -128 -128 -128 -128 -27 -25 -26 -26 -26 -26 -26 -26 -26 -26 -26 -26 -26 -26 -26 -26 -26 -25 -25 -27 -28 -26 -27 -30 -26 -25 -40 -26 -31 -23 -25 -12 -6 -3 -1 7 0 41 114 0 -1 -1 83 64 116 114 108 45 37 68 30 106 44 30 32 37 73 78 64 66 43 29 24 0 37 90 32 73 111 56 49 58 44 31 33 -1 -1 -1 -1 -2 -9 -32 -37 -32 -27 -28 -26 -28 -28 -32
-128 -128 -128 -128 -128 -128 -128 -128 -128 -128 -128 -128 -128 -128 -128 -128 -128 -128 -128 -128 -128 -128 -128 -128 -128 -128 -128 -128 -128 -128 -128 -128 -128 -128 -128 -128 -128 -128 -128 -128 -128 -128 -128 -128 -128 -26 -26 -26 -26 -26 -26 -26 -26 -26 -26 -26 -26 -26 -26 -26 -25 -26 -26 -26 -27 -27 -26 -26 -27 -26 -25 -25 -31 -23 -26 -25 -22 -7 -6 -1 -1 45 81 58 94 76 47 113 113 118 113 88 58 35 55 7 45 33 68 32 104 68 99 54 59 112 12 25 15 56 25 44 35 56 36 39 36 119 -1 -1 -1 -1 -2 84 127 -41 -35 -26 -25 -22 -26 -30 -31 -40 -42 -40
-128 -128 -128 -128 -128 -128 -128 -128 -128 -128 -128 -128 -128 -128 -128 -128 -128 -128 -128 -128 -128 -128 -128 -128 -128 -128 -128 -128 -128 -128 -128 -128 -128 -128 -128 -128 -128 -128 -128 -128 -128 -128 -128 -128 -128 -128 -25 -27 -26 -26 -26 -25 -26 -26 -26 -26 -26 -25 -26 -26 -26 -26 -26 -26 -26 -25 -25 -26 -25 -25 -25 -26 -23 -40 -26 -25 -23 -16 -8 -4 -2 -1 102 58 66 61 12 15 124 108 119 123 118 43 53 33 20 56 59 0 119 112 106 33 39 37 44 13 21 26 31 82 50 26 27 41 30 108 -1 -1 -1 -1 -8 -36 -35 -26 127 -25 -27 -28 -30 -28 -34 -49 -46 -47
-128 -128 -128 -128 -128 -128 -128 -128 -128 -128 -128 -128 -128 -128 -128 -128 -128 -128 -128 -128 -128 -128 -128 -128 -128 -128 -128 -128 -128 -128 -128 -128 -128 -128 -128 -128 -128 -128 -128 -128 -128 -128 -128 -128 -128 -26 -25 -26 -26 -26 -25 -27 -26 -25 -26 -26 -26 -26 -26 -26 -26 -26 -26 -26 -26 -27 -27 -25 -26 -26 -27 -25 -23 -34 -25 -25 -20 -9 -6 -1 95 54 111 61 55 56 31 33 26 93 117 114 55 41 37 36 52 39 27 18 117 118 116 77 54 27 22 24 36 102 -1 96 113 117 47 -1 -1 -1 -1 -2 -11 -31 -40 -32 -28 -26 -31 -35 -35 -34 -35 -42 -40 -41 -47 -50
-128 -128 -128 -128 -128 -128 -128 -128 -128 -128 -128 -128 -128 -128 -128 -128 -128 -128 -128 -128 -128 -128 -128 -128 -128 -128 -128 -128 -128 -128 -128 -128 -128 -128 -128 -128 -128 -128 -128 -128 -128 -128 -128 -128 -128 -128 -25 -26 -26 -26 -25 -54 -28 -26 -26 -26 -26 -26 -25 -26 -26 -26 -26 -26 -26 -26 -26 -26 -26 -26 -26 -26 -23 -26 -26 -23 -18 -13 -2 97 107 97 89 35 26 84 50 43 20 0 99 116 116 43 0 3 35 37 61 18 47 119 112 87 50 33 26 27 106 -1 -1 -2 -1 -1 -1 -1 -1 -1 -7 -22 -37 -39 -35 -31 -30 -30 -31 -36 -37 -39 -35 -36 -37 -40 -49 -46
-128 -128 -128 -128 -128 -128 -128 -128 -128 -128 -128 -128 -128 -128 -128 -128 -128 -128 -128 -128 -128 -128 -128 -128 -128 -128 -128 -128 -128 -128 -128 -128 -128 -128 -128 -128 -128 -128 -128 -128 -128 -128 -128 -128 -128 -26 -26 -26 -26 -25 -31 -30 -26 -26 -26 -26 -25 -26 -26 -26 -26 -26 -26 -26 -26 -26 -26 -26 -26 -26 -26 -25 -23 -27 -25 -22 -7 -1 77 3 61 123 55 36 49 73 38 32 -31 0 37 110 33 0 53 32 39 47 72 33 73 62 107 44 59 94 41 -1 -1 -1 -7 -2 -1 -1 -1 -2 -6 -27 -35 -32 -28 -28 -26 -27 -27 -27 -30 -30 -30 -32 -36 -41 -42 -44 -47 -44
-128 -128 -128 -128 -128 -128 -128 -128 -128 -128 -128 -128 -128 -128 -128 -128 -128 -128 -128 -128 -128 -128 -128 -128 -128 -128 -128 -128 -128 -128 -128 -128 -128 -128 -128 -128 -128 -128 -128 -128 -128 -128 -128 -128 -128 -128 -26 -27 -26 -25 -40 -31 -28 -26 -26 -26 -26 -26 -26 -26 -26 -26 -26 -26 -26 -26 -26 -26 -26 -26 -25 -26 -22 -26 -26 -25 -9 112 113 56 111 97 15 35 56 47 47 13 9 0 81 107 110 41 33 15 58 0 56 72 22 36 62 101 15 29 111 -1 -1 -8 -8 -16 -9 -14 -16 -20 -27 -28 -28 -28 -25 -27 -30 -28 -26 -26 -26 -27 -27 -31 -35 -40 -45 -40 -41 -37
-128 -128 -128 -128 -128 -128 -128 -128 -128 -128 -128 -128 -128 -128 -128 -128 -128 -128 -128 -128 -128 -128 -128 -128 -128 -128 -128 -128 -128 -128 -128 -128 -128 -128 -128 -128 -128 -128 -128 -128 -128 -128 -128 -128 -128 -26 -26 -26 -23 -42 -31 -27 -26 -26 -26 -26 -25 -26 -26 -26 -26 -26 -25 -26 -26 -26 -26 -26 -26 -26 -26 -23 -26 -22 -25 -14 31 97 55 65 66 99 101 0 49 119 0 31 13 -1 -1 -1 83 84 38 22 39 15 105 89 15 10 70 59 29 -1 -1 -1 -9 -8 -9 -13 -17 -26 -23 -27 -28 -28 -26 -23 -31 -31 -30 -28 -28 -28 -28 -31 -37 -40 -45 -49 -45 -37 -36 -41
-128 -128 -128 -128 -128 -128 -128 -128 -128 -128 -128 -128 -128 -128 -128 -128 -128 -128 -128 -128 -128 -128 -128 -128 -128 -128 -128 -128 -128 -128 -128 -128 -128 -128 -128 -128 -128 -128 -128 -128 -128 -128 -128 -128 -128 -128 -26 -26 -26 -34 -32 -28 -26 -26 -26 -26 -26 -26 -26 -27 -26 -26 -26 -25 -26 -26 -26 -26 -26 -26 -26 -26 -25 -21 -21 -18 -1 108 68 71 24 -1 -1 -1 101 29 26 38 -1 -1 -1 -1 -1 -1 -1 107 32 29 20 26 53 58 22 97 89 -1 -1 -1 -6 -9 -11 -11 -14 -14 -22 -36 -27 -26 -28 -30 -31 -31 -28 -27 -28 -28 -42 -39 -42 -49 -55 -50 -53 -45 -44 -47
-128 -128 -128 -128 -128 -128 -128 -128 -128 -128 -128 -128 -128 -128 -128 -128 -128 -128 -128 -128 -128 -128 -128 -128 -128 -128 -128 -128 -128 -128 -128 -128 -128 -128 -128 -128 -128 -128 -128 -128 -128 -128 -128 -128 -128 -26 -26 -26 -25 -49 -30 -26 -26 -26 -26 -26 -26 -26 -26 -26 -26 -26 -26 -26 -26 -26 -26 -25 -26 -26 -26 -25 -30 -12 -16 -1 97 90 36 24 -1 -1 -1 -1 96 100 -1 -1 -4 -2 -3 -1 -1 -1 -1 72 105 21 29 25 0 36 43 47 -1 -1 -1 -8 -9 -9 -13 -14 -17 -20 -21 -35 -30 -34 -32 -32 -32 -31 -28 -28 -42 -42 -47 -53 -53 -45 -46 -53 -42 -41 -41 -41
-128 -128 -128 -128 -128 -128 -128 -128 -128 -128 -128 -128 -128 -128 -128 -128 -128 -128 -128 -128 -128 -128 -128 -128 -128 -128 -128 -128 -128 -128 -128 -128 -128 -128 -128 -128 -128 -128 -128 -128 -128 -128 -26 -26 -26 -26 -26 -26 -26 -27 -27 -26 -26 -26 -26 -26 -26 -26 -25 -26 -26 -26 -26 -26 -26 -26 -26 -25 -26 -26 -26 -26 -25 -18 -1 -3 0 67 83 36 30 -1 -1 -1 -1 93 -1 -1 -3 -3 -4 -6 -7 -8 -3 -1 -1 77 107 102 30 27 42 18 -1 -1 -2 -11 -11 -9 -11 -12 -14 -16 -20 -23 -35 -30 -30 -36 -34 -32 -36 -44 -47 -47 -49 -46 -41 -40 -44 -50 -39 -36 -36 -37
-128 -128 -128 -128 -128 -128 -128 -128 -128 -128 -128 -128 -128 -128 -128 -128 -128 -128 -128 -128 -128 -128 -128 -128 -128 -128 -128 -128 -128 -128 -128 -128 -128 -128 -128 -128 -128 -26 -26 -25 -26 -26 -26 -26 -26 -26 -26 -26 -26 -26 -26 -26 -26 -26 -26 -26 -26 -26 -26 -26 -26 -25 -26 -26 -26 -26 -26 -26 -26 -26 -26 -26 -14 50 -7 -1 -1 71 21 58 38 107 -1 -1 -1 -1 -1 -1 -1 -4 -4 -6 -6 -7 -11 -6 -1 -1 105 85 61 25 38 108 -1 -1 -7 -7 -8 -11 -11 -13 -14 -17 -21 -26 -27 -28 -31 -31 -40 -37 -45 -46 -46 -46 -44 -39 -40 -45 -44 -40 -35 -35 -32 -34
-128 -128 -128 -128 -128 -128 -128 -128 -128 -128 -128 -128 -128 -128 -128 -128 -128 -128 -128 -128 -128 -128 -128 -128 -128 -128 -128 -128 -128 -128 -128 -128 -128 -31 -27 -26 -28 -26 -26 -26 -25 -26 -26 -26 -26 -26 -26 -26 -26 -26 -26 -26 -26 -26 -26 -25 -26 -26 -26 -26 -26 -26 -26 -26 -26 -26 -25 -26 -26 -28 -26 -26 -21 94 96 -6 -16 -1 106 61 39 21 29 32 118 -1 -1 -1 -1 -2 -4 -6 -6 -7 -7 -6 -6 -2 -1 -1 -1 29 52 33 -1 -1 -1 -8 -7 -8 -11 -13 -13 -14 -22 -28 -30 -31 -34 -35 -40 -40 -44 -42 -41 -39 -39 -41 -42 -47 -46 -39 -35 -32 -34 -34
-128 -128 -128 -128 -128 -128 -128 -128 -128 -128 -128 -128 -128 -128 -128 -128 -128 -128 -128 -128 -128 -128 -128 -128 -128 -128 -128 -128 -26 -45 -32 -30 -31 -27 -26 -26 -26 -26 -27 -25 -25 -26 -26 -26 -26 -26 -23 -27 -27 -26 -26 -26 -26 -26 -26 -26 -26 -26 -26 -26 -26 -26 -26 -26 -26 -26 -26 -26 -26 -26 -27 -21 -23 -1 -7 -14 -12 -9 106 61 56 47 36 83 35 -1 -1 -1 -1 -3 -6 -6 -7 -7 -7 -7 -6 -4 -1 -1 -1 -1 102 -1 -1 -1 -1 -11 -9 -11 -14 -17 -16 -21 -25 -32 -35 -49 -42 -50 -45 -45 -41 -40 -41 -44 -44 -42 -49 -42 -37 -35 -34 -34 -34 -34
-128 -128 -128 -128 -128 -128 -128 -128 -128 -128 -128 -128 -128 -128 -128 -128 -128 -128 -128 -128 -128 -128 -128 -128 -25 -25 -25 -26 -27 -28 -30 -27 -26 -26 -25 -26 -26 -26 -26 -26 -25 -25 -26 -26 -25 -25 -25 -26 -26 -26 -26 -26 -25 -26 -26 -26 -26 -26 -26 -26 -26 -26 -26 -26 -26 -26 -26 -26 -27 -26 -25 -21 -21 -18 -1 -25 -13 -9 -1 95 113 85 31 106 0 27 110 -1 -1 -1 -4 -6 -6 -6 -6 -6 -6 -7 -3 -1 -1 -1 -1 -1 -1 -1 -2 -7 -9 -12 -16 -17 -18 -22 -31 -42 -45 -40 -50 -42 -37 -37 -35 -36 -37 -41 -41 -44 -37 -36 -34 -35 -35 -34 -34 -34
-128 -128 -128 -128 -128 -128 -128 -128 -128 -128 -128 -128 -128 -128 -128 -128 -128 -128 -128 -128 -28 -31 -26 -26 -25 -26 -26 -25 -26 -27 -26 -27 -26 -25 -25 -26 -25 -26 -26 -25 -25 -25 -25 -25 -25 -25 -26 -26 -26 -26 -26 -26 -26 -26 -26 -26 -26 -26 -26 -26 -26 -26 -26 -26 -26 -26 -26 -26 -26 -22 -20 -20 -20 -17 -13 -12 -11 -6 -119 45 119 26 50 113 32 29 54 -1 -1 -1 -6 -6 -6 -7 -7 -8 -7 -6 -3 -1 -1 -1 -1 -1 -1 -1 -2 -8 -12 -18 -21 -22 -25 -34 -50 -51 -50 -50 -41 -39 -41 -37 -36 -44 -44 -41 -44 -36 -34 -34 -35 -32 -34 -34 -32 -34
-128 -128 -128 -128 -128 -128 -128 -128 -128 -128 -128 -128 -128 -128 -128 -128 -25 -25 -23 -28 -26 -39 -28 -25 -25 -25 -26 -25 -25 -26 -26 -26 -26 -25 -26 -26 -26 -26 -26 -26 -25 -25 -25 -25 -26 -25 -25 -26 -25 -25 -25 -26 -26 -26 -26 -26 -26 -26 -26 -26 -26 -26 -26 -25 -26 -26 -26 -26 -23 -21 -14 -16 -18 -18 -8 -17 -9 -9 70 59 26 44 -1 -1 -1 106 96 -1 -1 -1 -1 -6 -7 -7 -9 -7 -7 -7 -7 -4 -1 -1 -1 -1 -1 -1 -2 -8 -17 -25 -28 -31 -34 -41 -54 -47 -40 -39 -37 -39 -39 -39 -44 -49 -47 -42 -39 -34 -32 -32 -32 -34 -34 -34 -32 -32
-128 -128 -128 -128 -128 -128 -128 -128 -128 -128 -128 -25 -25 -25 -23 -25 -23 -26 -28 -30 -27 -27 -25 -26 -25 -25 -25 -27 -25 -26 -25 -26 -26 -26 -25 -26 -26 -26 -27 -27 -25 -25 -25 -25 -25 -25 -25 -25 -25 -25 -25 -25 -25 -27 -26 -26 -26 -26 -26 -26 -26 -26 -26 -26 -26 -26 -27 -23 -20 -16 -13 -11 -16 -14 -6 -9 -9 107 54 9 36 -1 -1 -1 -1 -1 -1 -1 -1 -1 -12 -7 -6 -7 -9 -8 -8 -7 -7 -6 -12 -4 -6 -6 -11 -7 -11 -12 -20 -26 -30 -32 -40 -53 -42 -36 -39 -39 -39 -41 -41 -46 -45 -41 -41 -39 -35 -32 -34 -34 -32 -32 -32 -32 -32 -32
-128 -128 -128 -128 -128 -128 -128 -23 -23 -26 -23 -25 -25 -25 -25 -26 -25 -25 -26 -28 -26 -26 -27 -25 -25 -26 -25 -26 -25 -26 -25 -25 -26 -25 -25 -25 -26 -26 -26 -26 -26 -25 -25 -25 -25 -25 -25 -25 -25 -25 -25 -25 -25 -25 -25 -26 -26 -26 -26 -25 -26 -26 -25 -26 -26 -26 -26 -28 -22 -16 -9 -8 -7 77 -11 -9 -9 -1 47 44 55 70 -1 -1 -1 37 -1 -1 -1 -1 -8 -8 -7 -7 -7 -7 -8 -8 -8 -8 -13 -14 -23 -25 -32 -31 -35 -35 -31 -27 -30 -28 -41 -44 -37 -37 -39 -39 -44 -47 -50 -42 -42 -40 -36 -35 -35 -32 -34 -34 -32 -34 -32 -32 -32 -32
-128 -128 -21 -23 -26 -23 -25 -25 -25 -25 -25 -25 -25 -25 -25 -25 -25 -26 -25 -26 -26 -25 -25 -25 -26 -25 -25 -26 -26 -26 -26 -25 -26 -25 -27 -25 -26 -27 -25 -21 -26 -25 -25 -25 -25 -25 -25 -25 -25 -26 -25 -25 -25 -26 -26 -27 -26 -26 -26 -26 -26 -26 -26 -26 -26 -26 -25 -21 -20 -11 -9 -16 -36 -27 -9 -8 -7 -1 43 104 -1 -1 -1 -1 62 39 29 -1 -1 -1 -9 -7 -6 -7 -8 -8 -9 -9 -11 -14 -17 -21 -21 -23 -23 -32 -28 -32 -34 -37 -44 -50 -44 -35 -39 -45 -39 -39 -44 -44 -39 -36 -35 -34 -34 -35 -34 -32 -34 -34 -34 -32 -32 -32 -32 -31
-37 -25 -26 -27 -27 -25 -27 -26 -25 -25 -25 -25 -25 -25 -25 -25 -25 -25 -26 -25 -26 -25 -25 -25 -25 -25 -26 -26 -25 -26 -26 -26 -26 -26 -25 -26 -26 -26 -26 -37 -30 -25 -25 -25 -25 -25 -25 -25 -27 -25 -25 -25 -25 -25 -25 -25 -25 -26 -26 -26 -25 -26 -26 -26 -26 -26 -26 -25 -23 -21 -23 -34 -26 -28 -17 -6 -1 -1 -1 -1 -1 -1 -1 -1 16 32 29 30 58 76 -11 -6 -7 -8 -7 -9 -9 -11 -12 -14 -17 -21 -22 -23 -22 -25 -23 -25 -27 -35 -34 -40 -44 -36 -46 -55 -42 -49 -47 -40 -39 -35 -34 -32 -30 -42 -32 -32 -34 -34 -32 -32 -32 -32 -31 -31
-25 -26 -23 -25 -25 -25 -26 -25 -25 -25 -25 -25 -26 -25 -25 -25 -25 -25 -25 -25 -25 -25 -25 -27 -25 -25 -25 -25 -25 -25 -27 -26 -26 -26 -26 -25 -27 -27 -26 -27 -26 -25 -25 -25 -26 -25 -25 -25 -25 -25 -25 -25 -25 -25 -25 -25 -25 -26 -26 -26 -26 -26 -26 -25 -26 -26 -26 -23 -36 -35 -26 -27 -28 -22 -14 -22 -7 -1 -1 -1 52 -1 101 102 26 47 33 104 27 -11 -6 -4 -6 -7 -8 -9 -11 -13 -14 -18 -18 -17 -17 -18 -20 -20 -23 -26 -28 -31 -51 -50 -51 -63 -53 -53 -49 -41 -40 -37 -36 -34 -31 -39 -60 -35 -34 -34 -32 -32 -32 -32 -32 -32 -32 -32
-27 -27 -22 -26 -25 -25 -23 -25 -26 -26 -25 -25 -25 -25 -25 -25 -25 -25 -25 -25 -25 -25 -26 -25 -25 -27 -25 -25 -25 -26 -25 -26 -26 -26 -22 -26 -26 -26 -25 -26 -25 -25 -25 -27 -25 -25 -25 -25 -25 -25 -25 -25 -25 -25 -25 -25 -26 -25 -26 -26 -26 -26 -25 -26 -26 -26 -25 -25 -28 -30 -23 -28 -23 -22 -18 -12 -18 -1 -1 -1 64 42 41 97 36 97 -1 -1 33 -8 -4 -3 -4 -7 -8 -8 -9 -12 -13 -16 -16 -16 -16 -18 -17 -18 -20 -27 -36 -36 -54 -47 -44 -41 -46 -49 -42 -41 -39 -37 -37 -35 -32 -39 -50 -37 -34 -32 -32 -32 -32 -32 -32 -32 -32 -32
-22 -23 -32 -26 -23 -25 -25 -23 -25 -25 -25 -25 -25 -25 -25 -23 -25 -27 -25 -26 -25 -27 -25 -25 -25 -26 -25 -25 -25 -25 -26 -26 -25 -27 -26 -26 -26 -27 -26 -25 -25 -25 -25 -25 -23 -25 -25 -25 -25 -25 -25 -23 -25 -25 -25 -23 -25 -26 -25 -26 -26 -26 -26 -26 -26 -25 -25 -25 -25 -25 -25 -23 -22 -18 -17 -18 -13 -1 -1 -1 93 48 22 -1 -1 -1 -1 101 33 -2 -3 -3 -4 -7 -8 -11 -11 -13 -14 -14 -16 -16 -16 -16 -16 -17 -26 -35 -45 -51 -49 -39 -36 -41 -37 -37 -36 -36 -36 -35 -35 -35 -34 -32 -32 -32 -32 -32 -32 -32 -32 -31 -32 -32 -32 -32
-17 -37 -32 -26 -23 -25 -23 -25 -25 -25 -25 -25 -25 -25 -25 -25 -25 -25 -25 -25 -25 -25 -26 -26 -25 -26 -23 -25 -25 -25 -25 -27 -25 -25 -26 -25 -25 -26 -26 -25 -25 -25 -25 -25 -23 -25 -25 -23 -25 -25 -25 -25 -25 -26 -25 -25 -25 -25 -25 -25 -27 -26 -26 -26 -27 -25 -25 -25 -25 -25 -25 -23 -23 -20 -22 -17 -14 -4 -1 -1 113 124 24 110 -1 4 -1 108 68 -1 -1 -1 -1 -3 -7 -9 -9 -11 -12 -13 -14 -16 -16 -16 -16 -17 -25 -35 -45 -44 -45 -39 -40 -41 -36 -31 -30 -32 -35 -35 -32 -35 -34 -32 -32 -32 -32 -32 -32 -31 -31 -39 -31 -31 -31 -32
-25 -23 -27 -23 -23 -25 -23 -23 -26 -23 -25 -25 -25 -25 -25 -26 -25 -25 -25 -25 -25 -25 -27 -25 -25 -25 -25 -25 -26 -26 -25 -25 -25 -25 -25 -25 -26 -25 -23 -25 -23 -25 -25 -21 -22 -25 -25 -25 -25 -25 -25 -25 -23 -25 -25 -25 -25 -25 -25 -25 -25 -26 -26 -26 -25 -25 -25 -25 -25 -25 -25 -25 -23 -16 -17 -16 -8 -1 -1 -1 119 97 27 96 30 58 8 56 35 -1 -1 -1 -1 -3 -6 -7 -11 -11 -12 -13 -12 -11 -13 -16 -16 -23 -27 -39 -39 -36 -36 -36 -40 -49 -44 -41 -53 -41 -35 -34 -34 -34 -32 -32 -32 -32 -32 -32 -32 -31 -31 -32 -31 -31 -32 -32
-42 -30 -37 -27 -23 -23 -25 -21 -28 -26 -23 -23 -25 -25 -25 -26 -23 -22 -26 -25 -25 -25 -25 -25 -26 -25 -26 -25 -25 -25 -26 -25 -26 -26 -25 -25 -25 -25 -23 -23 -23 -23 -23 -22 -34 -26 -25 -25 -25 -25 -25 -25 -23 -23 -23 -23 -25 -25 -23 -25 -23 -25 -26 -26 -26 -25 -25 -25 -25 -25 -25 -25 -23 -21 -18 -16 -11 -1 111 96 108 113 84 47 73 42 15 45 -8 97 -1 -1 -1 -1 -3 -7 -7 -9 -11 -12 -11 -9 -9 -13 -20 -25 -28 -36 -44 -37 -35 -41 -42 -51 -42 -37 -46 -37 -35 -32 -34 -34 -32 -32 -31 -31 -31 -31 -31 -31 -31 -31 -32 -32 -32 -32
-34 -31 -28 -25 -23 -23 -23 -32 -28 -25 -23 -23 -25 -23 -25 -22 -21 -46 -27 -25 -25 -26 -25 -25 -25 -25 -26 -25 -25 -25 -25 -25 -26 -26 -25 -26 -23 -23 -23 -22 -26 -23 -23 -25 -25 -23 -23 -23 -23 -25 -23 -23 -23 -23 -23 -23 -23 -23 -22 -25 -25 -25 -25 -25 -25 -25 -25 -25 -25 -25 -25 -23 -21 -11 -8 -13 -1 70 18 49 25 91 87 76 56 32 76 83 38 -1 -1 -1 -1 -1 -4 -6 -9 -11 -11 -12 -11 -11 -13 -21 -25 -25 -30 -36 -39 -42 -51 -47 -53 -44 -36 -35 -34 -34 -32 -34 -32 -32 -34 -31 -31 -31 -31 -31 -31 -31 -30 -32 -32 -32 -32 -32
-34 -26 -23 -23 -23 -23 -23 -25 -27 -25 -22 -23 -25 -25 -25 -25 -28 -35 -28 -26 -25 -25 -25 -25 -25 -25 -26 -26 -25 -26 -25 -25 -25 -26 -25 -25 -23 -22 -23 -23 -23 -23 -23 -23 -23 -23 -23 -23 -23 -23 -25 -25 -23 -25 -23 -23 -23 -23 -23 -23 -23 -25 -25 -25 -25 -25 -25 -26 -25 -25 -25 -23 -22 -18 -9 -9 -1 12 87 12 26 73 106 100 100 9 24 95 26 15 -1 -1 -1 -1 -2 -6 -7 -9 -12 -12 -12 -12 -13 -18 -21 -22 -27 -32 -35 -47 -51 -47 -45 -44 -37 -35 -35 -35 -35 -34 -32 -32 -32 -31 -31 -31 -31 -31 -31 -31 -26 -65 -41 -32 -32 -32
-25 -23 -23 -23 -23 -25 -23 -25 -25 -25 -23 -25 -25 -25 -25 -25 -27 -32 -25 -25 -25 -25 -26 -25 -25 -25 -25 -25 -25 -25 -25 -22 -23 -23 -23 -23 -22 -22 -21 -22 -22 -22 -27 -22 -22 -23 -23 -23 -23 -23 -25 -25 -23 -23 -23 -22 -16 -25 -23 -22 -23 -23 -25 -25 -25 -25 -22 -25 -25 -25 -22 -22 -21 -20 -4 -3 -1 64 66 65 49 36 24 72 25 100 60 106 18 54 61 -1 -1 -1 -3 -6 -8 -11 -11 -12 -12 -12 -14 -21 -21 -26 -36 -37 -44 -39 -61 -51 -45 -39 -36 -34 -32 -32 -34 -32 -32 -31 -31 -31 -31 -31 -31 -31 -32 -37 -51 -40 -32 -32 -32 -32
-25 -22 -22 -23 -23 -22 -25 -23 -23 -23 -25 -25 -25 -25 -25 -25 -25 -27 -25 -25 -25 -25 -25 -25 -25 -25 -25 -25 -25 -25 -25 -23 -22 -21 -17 -21 -21 -17 -14 -17 -18 -16 -17 -20 -21 -20 -22 -22 -22 -21 -23 -25 -25 -22 -20 -20 -23 -17 -28 -23 -23 -21 -25 -25 -23 -25 -22 -23 -23 -22 -22 -21 -21 -18 -11 -1 -1 -1 59 60 24 0 31 32 41 45 22 35 61 19 14 19 -1 -1 -1 -3 -4 -7 -9 -12 -11 -12 -12 -13 -16 -23 -28 -30 -34 -37 -53 -49 -44 -41 -37 -35 -36 -32 -34 -32 -32 -32 -31 -31 -31 -31 -31 -31 -31 -31 -32 -35 -32 -32 -32 -32
-26 -22 -22 -22 -23 -23 -23 -23 -25 -23 -22 -25 -25 -25 -25 -25 -25 -25 -25 -25 -25 -25 -25 -25 -25 -25 -25 -23 -23 -22 -21 -16 -14 -9 -11 -12 -9 -16 -9 -9 -16 -14 -11 -12 -12 -18 -20 -21 -31 -22 -25 -23 -20 -20 -16 -30 -20 -37 -22 -22 -22 -23 -23 -23 -23 -22 -20 -23 -22 -23 -21 -21 -20 -12 -4 -1 -1 96 42 58 21 19 27 107 27 15 55 33 21 32 30 21 -1 -1 -1 -4 -6 -7 -9 -11 -11 -11 -11 -12 -21 -26 -27 -31 -40 -47 -56 -47 -42 -39 -35 -35 -32 -34 -34 -32 -32 -31 -31 -31 -31 -31 -31 -31 -31 -31 -31 -31 -32 -32 -32 -32
-34 -25 -22 -23 -23 -23 -22 -23 -25 -25 -23 -31 -25 -25 -23 -23 -25 -20 -22 -25 -25 -25 -25 -25 -25 -25 -25 -25 -21 -21 -11 -9 -8 -9 -9 -4 -4 -27 -13 -13 -12 -11 -3 -11 -9 -11 -11 -16 -31 -22 -21 -23 -20 -20 -17 -21 -16 -22 -22 -23 -22 -22 -22 -23 -22 -21 -20 -23 -25 -21 -21 -21 -20 -11 -8 -1 -1 -1 108 61 38 53 106 72 58 56 0 30 38 38 22 26 114 -1 -1 -3 -4 -4 -7 -9 -9 -9 -9 -9 -14 -23 -32 -37 -40 -45 -56 -47 -42 -37 -37 -36 -34 -35 -34 -32 -32 -31 -31 -31 -31 -31 -31 -31 -31 -31 -31 -31 -32 -32 -32 -32
-20 -22 -22 -22 -22 -22 -22 -25 -23 -23 -25 -23 -25 -25 -25 -23 -23 -27 -25 -25 -25 -25 -26 -23 -25 -25 -25 -21 -11 -7 -8 -8 -1 -4 -8 -8 -22 -14 -9 -13 -9 -9 -4 -7 -7 -8 -8 -23 -14 -14 -21 -20 -20 -21 -18 -14 -14 -16 -23 -23 -23 -22 -23 -23 -22 -20 -21 -26 -22 -13 -20 -17 -13 -9 -4 -1 -1 0 39 42 100 48 24 38 27 41 50 49 30 31 22 0 -1 -1 -1 -3 -4 -6 -8 -9 -9 -9 -8 -12 -18 -25 -34 -35 -39 -51 -56 -41 -39 -36 -35 -35 -32 -34 -32 -32 -34 -31 -31 -31 -31 -31 -31 -31 -31 -31 -31 -32 -32 -32 -32 -32
-22 -22 -22 -22 -21 -21 -22 -23 -23 -23 -23 -23 -22 -25 -25 -22 -25 -23 -23 -25 -23 -23 -23 -25 -23 -25 -22 -12 -9 -8 -6 -7 -4 -12 -9 -12 -12 -11 -9 -12 -6 -8 -6 -7 -6 -6 -17 -11 -9 -14 -14 -16 -20 -20 -20 -16 -23 -22 -25 -23 -22 -22 -22 -25 -22 -22 -22 -23 -20 -16 -18 -16 -12 -11 -11 -1 -1 0 -11 30 38 94 111 110 45 25 53 44 101 54 41 32 27 -1 -1 -1 -6 -4 -7 -9 -8 -9 -11 -13 -16 -26 -32 -35 -40 -51 -59 -46 -41 -36 -35 -32 -34 -34 -32 -32 -32 -31 -31 -31 -31 -31 -31 -31 -31 -31 -31 -31 -32 -32 -32 -32
-21 -22 -23 -22 -22 -22 -23 -23 -23 -22 -23 -23 -23 -23 -23 -23 -23 -23 -23 -23 -23 -23 -23 -23 -25 -22 -13 -11 -7 -3 -3 -7 -11 -8 -12 -18 -20 -12 -13 -9 -16 -9 -8 -6 -8 -18 -9 -9 -9 -25 -18 -18 -31 -18 -16 -23 -25 -23 -25 -23 -22 -21 -26 -22 -21 -21 -21 -18 -20 -16 -12 -11 -12 -11 -1 0 37 70 105 50 70 90 108 64 14 68 76 21 42 31 36 15 30 -1 -1 -4 -4 -4 -7 -9 -11 -13 -14 -14 -23 -32 -30 -40 -44 -53 -53 -42 -37 -36 -35 -32 -34 -32 -32 -32 -31 -31 -31 -31 -31 -31 -31 -31 -31 -31 -31 -31 -32 -32 -32 -32
-21 -22 -22 -23 -22 -20 -22 -21 -18 -20 -22 -25 -23 -22 -25 -23 -23 -23 -23 -21 -20 -27 -23 -23 -23 -23 -12 -13 -4 -1 -8 -4 -7 -9 -16 -26 -18 -16 -12 -11 -8 -9 -7 -7 -8 -8 -8 -9 -16 -25 -22 -13 -22 -18 -14 -22 -20 -20 -23 -22 -21 -22 -21 -22 -21 -21 -22 -16 -21 -16 -11 -11 -11 -12 -2 -1 104 -1 106 50 73 47 44 50 35 25 31 4 44 82 32 18 14 0 -1 -1 -6 -4 -6 -9 -11 -14 -18 -23 -26 -27 -30 -40 -40 -53 -55 -45 -41 -36 -34 -34 -34 -34 -32 -32 -32 -32 -31 -31 -31 -31 -31 -31 -31 -31 -31 -31 -31 -32 -32 -34
-22 -20 -22 -21 -14 -16 -14 -9 -26 -32 -31 -23 -23 -23 -23 -25 -23 -22 -25 -28 -32 -25 -23 -23 -22 -13 -16 -9 -2 -6 -4 -6 -12 -27 -23 -17 -17 -13 -9 -7 -7 -7 -7 -7 -8 -8 -8 -12 -16 -20 -20 -25 -20 -22 -26 -21 -21 -21 -25 -22 -22 -22 -21 -22 -21 -21 -17 -18 -20 -7 -9 -9 -11 -7 -1 -1 -1 -1 114 43 24 54 49 122 0 35 87 33 66 67 26 25 1 -1 -1 -6 -4 -4 -9 -12 -16 -20 -23 -22 -23 -30 -36 -47 -53 -51 -49 -42 -35 -36 -35 -32 -34 -32 -32 -32 -32 -32 -32 -31 -31 -31 -31 -31 -31 -31 -31 -31 -31 -32 -32 -31
-22 -18 -11 -11 -12 -9 -16 -27 -42 -34 -28 -26 -23 -23 -23 -25 -23 -23 -25 -26 -25 -23 -23 -23 -25 -16 -23 -9 -6 -7 -6 -9 -21 -32 -22 -21 -16 -17 -6 -6 -6 -7 -3 -4 -8 -6 -7 -8 -16 -31 -27 -26 -22 -25 -20 -21 -21 -21 -23 -21 -21 -22 -22 -21 -21 -20 -17 -20 -14 -4 -4 -6 -8 -8 -1 -1 -1 -1 105 99 43 41 87 79 96 100 45 31 97 6 16 12 14 90 -1 -2 -6 -7 -9 -13 -14 -20 -22 -20 -23 -26 -32 -45 -40 -46 -55 -42 -40 -36 -35 -35 -34 -34 -32 -32 -32 -32 -32 -32 -31 -31 -31 -31 -31 -31 -31 -31 -31 -31 -32 -32
-20 -12 -7 -18 -16 -18 -22 -28 -32 -26 -27 -23 -23 -23 -25 -25 -23 -23 -23 -23 -22 -23 -23 -22 -22 -16 -14 -4 -6 -9 -13 -27 -28 -23 -17 -16 -13 -8 -8 -3 -3 -1 -3 -2 -3 -2 -7 -28 -28 -34 -23 -21 -21 -20 -21 -22 -21 -21 -20 -20 -23 -22 -20 -20 -20 -13 -16 -8 -8 -3 -4 -11 -7 -3 -2 -1 -1 -1 26 54 91 61 117 0 64 7 56 47 35 0 22 13 15 29 -2 -8 -8 -11 -13 -14 -17 -21 -20 -23 -28 -31 -39 -40 -40 -59 -46 -41 -37 -35 -35 -34 -34 -34 -34 -32 -32 -32 -34 -31 -31 -31 -31 -31 -31 -31 -31 -31 -31 -32 -32 -32
-13 -14 -7 -14 -16 -17 -22 -31 -31 -26 -25 -23 -23 -23 -23 -23 -23 -23 -23 -23 -23 -23 -23 -23 -21 -17 -9 -9 -2 -6 -21 -32 -22 -20 -17 -16 -9 -4 -2 -3 -2 -1 -1 -6 -1 -7 -14 -28 -37 -27 -23 -21 -22 -21 -22 -21 -21 -21 -20 -20 -21 -20 -21 -20 -21 -17 -14 -6 -6 -4 -7 -4 -6 -4 -2 -1 -1 -1 96 31 29 59 114 52 56 33 8 85 30 12 13 31 18 25 -1 -6 -11 -11 -13 -14 -14 -16 -21 -23 -28 -31 -35 -46 -37 -55 -54 -42 -37 -36 -35 -35 -34 -34 -34 -32 -32 -32 -32 -32 -31 -31 -34 -31 -31 -31 -31 -31 -31 -32 -32 -32
-8 -8 -9 -16 -18 -31 -32 -34 -25 -23 -23 -23 -23 -23 -23 -23 -23 -22 -23 -23 -22 -23 -23 -23 -20 -9 -9 -8 -1 -17 -30 -21 -17 -18 -14 -9 -2 -2 -1 -1 -1 -4 -9 -7 -6 -21 -37 -41 -25 -22 -22 -22 -22 -22 -21 -20 -22 -20 -20 -21 -21 -21 -20 -18 -18 -14 -4 -4 -4 -1 -4 -4 -6 -4 -1 -1 -1 -1 9 38 33 113 56 37 21 74 104 55 26 19 70 9 12 -1 -2 -8 -11 -13 -13 -16 -18 -17 -18 -21 -26 -27 -40 -42 -44 -56 -45 -37 -36 -34 -34 -34 -34 -34 -32 -32 -32 -32 -32 -32 -34 -32 -32 -32 -31 -32 -32 -32 -32 -32 -32 -32
-9 -7 -13 -26 -22 -35 -34 -28 -26 -23 -23 -23 -23 -23 -22 -23 -23 -23 -23 -23 -23 -23 -23 -23 -22 -12 -18 -9 -4 -25 -32 -17 -16 -14 -11 -4 -2 -1 -1 -3 -11 -17 -26 -23 -20 -34 -28 -27 -23 -22 -22 -22 -21 -21 -20 -20 -20 -20 -20 -20 -21 -20 -20 -18 -14 -14 -8 -2 -4 -1 -8 -2 -4 -6 -1 -2 -1 113 26 21 52 112 114 41 45 20 105 31 47 30 81 12 6 -1 -2 -8 -9 -12 -13 -13 -14 -17 -21 -25 -28 -31 -41 -47 -40 -54 -50 -41 -36 -36 -35 -34 -34 -34 -32 -32 -32 -32 -32 -32 -32 -32 -32 -32 -32 -34 -32 -32 -32 -32 -32 -32
-4 -20 -22 -21 -36 -34 -26 -23 -25 -23 -23 -23 -23 -23 -23 -23 -23 -23 -22 -23 -23 -23 -23 -23 -22 -13 -12 -11 -30 -25 -16 -14 -14 -3 -3 -2 -2 -7 -23 -26 -30 -35 -35 -28 -26 -30 -36 -23 -22 -22 -22 -21 -21 -21 -20 -20 -20 -20 -20 -20 -20 -20 -18 -14 -14 -9 -1 -6 -1 -11 -2 -6 -6 -1 -1 -1 -1 60 30 21 0 82 33 48 21 82 110 66 31 1 33 31 0 -1 -4 -9 -9 -9 -11 -12 -16 -21 -27 -28 -30 -36 -41 -41 -47 -50 -41 -37 -36 -34 -34 -34 -34 -32 -32 -32 -32 -32 -34 -34 -32 -32 -32 -32 -31 -31 -32 -32 -32 -32 -32 -32
-7 -25 -18 -25 -40 -28 -25 -23 -23 -23 -23 -23 -23 -23 -23 -22 -23 -22 -23 -23 -23 -23 -23 -23 -20 -13 -11 -12 -21 -17 -14 -12 -7 -1 -1 -2 -8 -25 -45 -47 -55 -36 -34 -20 -18 -28 -25 -22 -22 -21 -22 -22 -22 -20 -16 -23 -21 -23 -20 -20 -18 -21 -18 -12 -11 -11 -7 -13 -1 -3 -11 -4 -4 -3 -1 -1 -1 48 44 36 33 12 7 48 21 18 68 54 0 15 30 49 -49 -1 -1 -7 -9 -9 -8 -11 -12 -16 -21 -21 -23 -27 -42 -45 -40 -47 -44 -39 -37 -35 -34 -34 -34 -34 -32 -32 -32 -31 -31 -31 -32 -32 -32 -32 -32 -31 -32 -32 -32 -32 -32 -34
-21 -23 -30 -39 -28 -25 -23 -23 -23 -23 -23 -23 -23 -23 -23 -23 -22 -23 -23 -23 -22 -22 -23 -21 -16 -11 -12 -14 -13 -13 -8 -3 -2 -4 -23 -27 -42 -51 -41 -36 -26 -22 -37 -22 -25 -23 -22 -22 -22 -25 -22 -22 -20 -20 -21 -20 -20 -18 -20 -20 -18 -18 -11 -8 -8 -7 -16 -7 -6 -4 -1 -3 -2 -2 -1 -1 36 77 29 7 2 27 44 50 15 19 27 55 45 16 97 -1 -1 -2 -6 -8 -8 -8 -9 -9 -13 -20 -20 -20 -21 -32 -56 -42 -49 -50 -40 -37 -35 -34 -34 -34 -34 -32 -32 -31 -31 -32 -34 -32 -32 -32 -32 -32 -32 -31 -32 -32 -32 -34 -34 -34
-17 -18 -32 -34 -27 -25 -23 -23 -23 -27 -23 -23 -25 -25 -23 -23 -23 -23 -22 -23 -22 -22 -23 -23 -22 -17 -14 -22 -16 -11 -8 -16 -22 -30 -44 -42 -40 -41 -34 -26 -25 -25 -23 -25 -20 -22 -21 -17 -23 -21 -21 -22 -20 -20 -20 -20 -20 -20 -18 -18 -20 -18 -12 -8 -6 -4 -6 -11 -1 -9 -1 -13 -3 -2 -1 -1 107 114 37 14 9 31 22 0 8 19 19 36 54 16 18 -1 -1 -1 -2 -6 -9 -9 -9 -8 -11 -14 -21 -21 -20 -28 -54 -46 -44 -53 -44 -39 -36 -34 -35 -32 -34 -32 -32 -31 -31 -31 -31 -32 -32 -32 -32 -32 -32 -31 -32 -32 -32 -32 -34 -34
-22 -17 -30 -26 -23 -23 -23 -22 -27 -23 -21 -22 -22 -23 -22 -22 -23 -22 -22 -23 -22 -22 -22 -23 -21 -17 -20 -12 -9 -9 -17 -16 -25 -26 -30 -34 -35 -23 -25 -22 -22 -22 -23 -23 -23 -21 -32 -27 -25 -22 -22 -22 -20 -20 -20 -20 -14 -17 -20 -18 -17 -14 -9 -8 -4 -6 -1 -1 -9 -7 -6 -2 -2 -1 -1 94 114 118 18 50 79 0 0 13 0 48 16 31 16 16 -1 -1 -1 -2 -4 -6 -8 -9 -9 -11 -13 -16 -21 -20 -23 -42 -51 -49 -49 -46 -41 -37 -34 -35 -34 -34 -34 -32 -32 -32 -34 -31 -34 -32 -32 -32 -32 -32 -32 -32 -32 -32 -32 -32 -34 -34
-13 -17 -12 -27 -23 -23 -23 -22 -26 -23 -14 -26 -20 -22 -21 -23 -23 -21 -23 -22 -23 -22 -22 -22 -22 -22 -18 -13 -8 -9 -11 -13 -16 -25 -25 -28 -27 -23 -22 -23 -23 -23 -20 -23 -23 -25 -34 -22 -22 -21 -22 -22 -22 -20 -20 -21 -18 -11 -17 -12 -21 -13 -16 -11 -2 -3 -1 -6 -11 -4 -3 -2 -1 -1 -1 110 116 116 49 19 49 37 25 22 0 10 66 99 33 16 102 -1 -1 -1 -3 -4 -6 -9 -11 -11 -13 -16 -23 -20 -23 -36 -42 -54 -50 -46 -44 -39 -35 -34 -32 -34 -34 -32 -32 -32 -32 -32 -32 -32 -32 -128 -128 -128 -128 -128 -128 -128 -128 -128 -128 -128
-14 -9 -23 -23 -22 -23 -23 -23 -22 -14 -32 -20 -16 -18 -20 -22 -22 -22 -22 -22 -22 -22 -22 -22 -22 -22 -20 -13 -11 -9 -9 -16 -26 -23 -30 -26 -23 -23 -23 -23 -23 -30 -31 -23 -22 -28 -22 -22 -22 -22 -22 -21 -20 -21 -12 -12 -9 -11 -16 -30 -14 -16 -16 -3 -2 -2 -4 -1 -6 -3 -1 -1 -1 -1 27 26 79 42 47 27 54 43 0 30 9 37 110 30 14 31 -1 -1 -1 -1 -4 -4 -9 -9 -11 -13 -17 -26 -20 -22 -30 -40 -54 -49 -49 -44 -39 -36 -35 -34 -32 -34 -32 -32 -32 -32 -32 -32 -32 -32 -128 -128 -128 -128 -128 -128 -128 -128 -128 -128 -128 -128
-14 -9 -18 -22 -26 -22 -23 -20 -21 -18 -20 -16 -12 -25 -17 -18 -21 -23 -22 -22 -21 -22 -22 -22 -22 -22 -22 -13 -9 -9 -9 -11 -21 -28 -27 -26 -23 -23 -23 -23 -25 -25 -23 -23 -23 -23 -22 -22 -21 -22 -21 -21 -20 -18 -3 -1 -3 -8 -13 -16 -21 -14 -16 -9 -3 -2 -1 -1 -3 -2 -1 -1 -1 -1 104 31 26 50 0 29 1 36 43 16 44 82 112 29 37 7 -1 -1 -1 -1 -3 -6 -11 -11 -11 -12 -13 -22 -21 -23 -30 -36 -51 -45 -46 -46 -42 -36 -35 -34 -34 -34 -32 -32 -32 -32 -32 -32 -32 -32 -128 -128 -128 -128 -128 -128 -128 -128 -128 -128 -128 -128
-7 -3 -26 -21 -21 -22 -20 -14 -20 -20 -9 -25 -18 -16 -18 -22 -30 -22 -22 -22 -23 -22 -22 -22 -22 -22 -12 -7 -8 -8 -6 -13 -32 -30 -28 -25 -23 -23 -23 -22 -23 -22 -22 -22 -23 -23 -22 -22 -22 -22 -22 -21 -11 -6 -9 -11 -3 -8 -21 -17 -17 -14 -16 -3 -2 -2 -1 -4 -2 -1 -1 -1 -1 105 0 56 14 0 1 14 96 43 8 0 53 113 42 111 13 112 -1 -1 -1 -1 -6 -7 -8 -9 -11 -12 -16 -25 -25 -30 -32 -44 -50 -49 -46 -44 -37 -35 -34 -32 -34 -34 -32 -32 -32 -32 -32 -32 -32 -128 -128 -128 -128 -128 -128 -128 -128 -128 -128 -128 -128 -128
-7 -7 -30 -32 -20 -16 -21 -16 -17 -17 -21 -13 -12 -18 -20 -17 -23 -22 -22 -22 -18 -23 -22 -22 -22 -21 -11 -9 -8 -6 -6 -13 -20 -25 -20 -21 -23 -23 -23 -23 -22 -22 -22 -22 -22 -23 -22 -22 -22 -22 -21 -20 -9 -4 -6 -7 -12 -11 -21 -17 -18 -14 -14 -14 -8 -2 25 -12 -3 -1 -1 -1 -1 -1 6 41 26 13 29 50 113 59 9 0 108 79 110 113 -1 27 -1 -1 -1 -1 -3 -7 -8 -9 -9 -11 -11 -16 -21 -28 -31 -37 -45 -49 -49 -44 -41 -36 -34 -32 -34 -34 -32 -32 -32 -32 -32 -32 -32 -128 -128 -128 -128 -128 -128 -128 -128 -128 -128 -128 -128 -128
-8 -22 -25 -18 -18 -18 -20 -14 -9 -12 -7 -21 -17 -13 -14 -22 -18 -23 -25 -22 -31 -22 -22 -22 -22 -16 -11 -9 -6 -6 -6 -13 -17 -12 -11 -23 -26 -23 -23 -22 -22 -22 -22 -23 -23 -22 -22 -22 -22 -21 -16 -9 -6 -4 -3 -6 -9 -11 -13 -16 -16 -14 -14 -11 -1 61 -1 -2 -1 -1 -1 -1 -1 16 21 20 33 0 58 18 116 0 16 67 124 0 -1 -1 -1 -1 -1 -1 -1 -2 -8 -8 -9 -9 -11 -11 -14 -20 -31 -31 -30 -41 -54 -50 -46 -40 -36 -34 -32 -34 -34 -32 -32 -32 -32 -32 -32 -32 -128 -128 -128 -128 -128 -128 -128 -128 -128 -128 -128 -128 -128 -128
-6 -14 -22 -22 -20 -20 -18 -18 -13 -11 -12 -9 -13 -11 -8 -9 -11 -31 -25 -22 -22 -25 -22 -21 -21 -18 -13 -8 -6 -6 -7 -6 -9 -2 -11 -23 -32 -26 -23 -23 -22 -22 -22 -23 -22 -22 -22 -22 -21 -21 -17 -12 -6 -4 -2 -3 -4 -9 -14 -16 -14 -16 -14 -13 -1 53 91 -1 -1 -1 -1 -1 -1 102 2 50 102 4 68 15 117 37 0 14 13 58 -1 -1 -1 -1 -1 -1 -1 -2 -4 -7 -8 -9 -9 -13 -14 -22 -28 -32 -36 -44 -55 -49 -46 -40 -36 -36 -34 -32 -34 -32 -32 -32 -32 -32 -32 -32 -128 -128 -128 -128 -128 -128 -128 -128 -128 -128 -128 -128 -128 -128
-17 -17 -20 -14 -17 -18 -17 -18 -11 -7 -8 -4 -6 -6 -17 -32 -41 -30 -22 -21 -21 -22 -21 -21 -20 -16 -9 -7 -6 -2 -1 -3 -1 -21 -36 -32 -32 -25 -22 -22 -22 -22 -23 -22 -22 -22 -21 -21 -21 -20 -13 -7 -2 -1 -1 -1 -4 -8 -11 -17 -18 -14 -14 -1 0 10 22 -1 -1 -1 -1 -1 82 49 18 49 33 25 100 29 47 0 0 97 83 -1 -1 -1 -1 -1 -1 -1 -1 -2 -8 -7 -7 -9 -11 -13 -16 -26 -31 -39 -44 -51 -47 -47 -44 -39 -37 -34 -32 -32 -34 -32 -32 -32 -32 -32 -32 -128 -128 -128 -128 -128 -128 -128 -128 -128 -128 -128 -128 -128 -128 -128
-17 -13 -11 -12 -14 -17 -18 -18 -12 -11 -6 -8 -9 -22 -22 -23 -28 -26 -22 -22 -21 -21 -21 -20 -20 -18 -11 -6 -4 -3 -2 -4 -12 -20 -32 -30 -30 -25 -23 -22 -23 -23 -23 -21 -22 -22 -21 -20 -18 -11 -8 -4 -2 -1 -1 -1 -1 -1 -2 -14 -12 -16 -14 -11 -1 77 25 -1 -1 -1 -1 1 114 37 45 36 24 0 27 116 13 10 20 7 54 111 -1 -1 -1 -1 -1 -1 -1 -2 -6 -6 -7 -7 -9 -13 -14 -20 -27 -35 -39 -51 -45 -44 -49 -40 -36 -35 -34 -32 -34 -32 -32 -32 -32 -32 -128 -128 -128 -128 -128 -128 -128 -128 -128 -128 -128 -128 -128 -128 -128 -128
-11 -11 -12 -16 -12 -14 -16 -17 -9 -9 -16 -14 -21 -20 -27 -22 -21 -20 -21 -21 -20 -21 -16 -18 -18 -11 -7 -7 -3 -2 -4 -13 -27 -34 -27 -27 -25 -23 -23 -23 -23 -23 -22 -22 -22 -22 -16 -8 -2 -1 -1 -1 -1 -1 -1 -1 -1 -1 -1 -11 -9 -17 -13 -1 3 4 -2 -1 -1 88 106 97 30 52 87 59 30 26 60 52 0 0 77 33 15 -1 -1 -1 -1 -1 -1 -1 -2 -3 -4 -6 -7 -8 -12 -14 -21 -32 -35 -42 -50 -45 -42 -49 -41 -36 -35 -34 -34 -32 -32 -34 -34 -34 -32 -128 -128 -128 -128 -128 -128 -128 -128 -128 -128 -128 -128 -128 -128 -128 -128 -128
-12 -11 -12 -12 -11 -9 -21 -17 -13 -14 -22 -20 -30 -31 -37 -25 -22 -20 -21 -20 -18 -20 -17 -18 -17 -16 -9 -7 -4 -2 -4 -17 -32 -30 -28 -25 -26 -23 -23 -23 -23 -23 -21 -22 -22 -22 -22 -35 -14 -2 -1 -1 -1 -1 -1 -1 -1 -1 -1 -8 -16 -21 -13 -8 -1 -1 -2 -1 -1 82 73 78 93 19 3 0 15 0 70 54 13 107 27 48 2 61 -1 -1 -1 -1 -1 -1 -1 -1 -3 -6 -7 -11 -17 -22 -22 -30 -37 -39 -47 -41 -44 -51 -42 -37 -36 -34 -34 -34 -34 -34 -32 -34 -32 -128 -128 -128 -128 -128 -128 -128 -128 -128 -128 -128 -128 -128 -128 -128 -128 -128
-12 -13 -12 -12 -7 -14 -17 -18 -23 -23 -25 -27 -26 -21 -22 -20 -20 -20 -20 -16 -18 -13 -13 -13 -12 -11 -11 -7 -3 -6 -18 -27 -26 -27 -26 -25 -22 -22 -23 -23 -23 -23 -22 -22 -22 -22 -22 -18 -1 -1 -1 -1 -1 -1 -1 -1 -1 -1 -4 -21 -27 -12 -9 -8 -8 -2 -1 -1 18 114 105 64 33 33 0 26 30 48 0 3 18 56 74 79 0 60 -1 -1 -1 -1 -1 -1 -1 -2 -3 -6 -11 -17 -23 -26 -30 -39 -39 -50 -45 -50 -56 -46 -39 -37 -34 -35 -35 -34 -32 -34 -34 -34 -128 -128 -128 -128 -128 -128 -128 -128 -128 -128 -128 -128 -128 -128 -128 -128 -128 -128
-12 -12 -12 -12 -9 -13 -14 -3 -13 -21 -18 -17 -22 -20 -20 -20 -20 -20 -18 -11 -14 -11 -4 -4 -4 -9 -11 -11 -9 -13 -22 -22 -21 -22 -25 -23 -22 -23 -22 -22 -22 -23 -22 -22 -22 -22 -22 -21 -7 -1 -1 -1 -1 -1 -1 -1 -1 -1 -20 -17 -13 -9 -7 -8 -6 -1 -1 -1 58 102 7 22 65 0 36 42 15 106 19 54 0 90 32 30 0 13 104 -1 -1 -1 -1 -1 -1 -2 -3 -6 -7 -14 -25 -27 -32 -39 -37 -51 -47 -51 -51 -46 -39 -36 -36 -34 -34 -34 -34 -34 -34 -34 -128 -128 -128 -128 -128 -128 -128 -128 -128 -128 -128 -128 -128 -128 -128 -128 -128 -128
-11 -12 -12 -12 -17 -22 -2 0 -36 -20 -18 -31 -20 -20 -20 -18 -18 -13 -9 -11 -9 -1 -1 -1 -2 -7 -9 -11 -11 -18 -20 -21 -22 -27 -23 -22 -22 -22 -22 -22 -22 -22 -22 -22 -22 -21 -20 -8 -1 -1 -1 -1 -1 -1 -1 24 31 105 -4 -4 -16 -7 -6 -7 -3 -1 -1 22 90 53 12 33 10 14 4 0 104 53 -7 4 47 78 42 19 6 60 -1 -1 -1 -1 -1 -1 -2 -4 -6 -7 -9 -16 -26 -35 -39 -39 -50 -47 -45 -51 -49 -42 -39 -37 -34 -35 -34 -32 -34 -34 -32 -128 -128 -128 -128 -128 -128 -128 -128 -128 -128 -128 -128 -128 -128 -128 -128 -128 -128 -128
-9 -11 -13 -18 -20 -26 -20 -35 -39 -21 -18 -18 -18 -18 -18 127 -17 -11 -8 -9 -8 -2 -1 -1 -1 -2 -6 -9 -12 -13 -17 -18 -22 -23 -21 -22 -22 -22 -22 -22 -13 -31 -22 -22 -23 -20 -11 -8 -1 -1 -1 -1 -1 102 -17 2 3 -1 -1 -4 -30 -6 -7 -3 -1 -1 -1 73 29 31 19 33 21 0 38 45 0 21 31 27 29 117 50 45 26 0 114 -1 -1 -1 -1 -1 -3 -6 -11 -8 -8 -16 -26 -42 -45 -45 -44 -44 -55 -54 -47 -44 -39 -36 -35 -35 -34 -34 -34 -32 -32 -128 -128 -128 -128 -128 -128 -128 -128 -128 -128 -128 -128 -128 -128 -128 -128 -128 -128 -128
-20 -23 -21 -22 -22 -20 -20 -21 -20 -20 -18 -18 -18 127 -6 -3 -9 -8 -8 -3 -3 -1 -1 -1 -1 -4 -8 -8 -12 -13 -14 -18 -20 -21 -21 -22 -21 -16 -11 -9 -37 -16 -9 -9 -16 -14 -9 -3 -1 -1 -1 -1 4 10 38 31 45 -22 -28 -25 -7 -4 -2 -1 -1 60 12 14 106 10 56 71 32 41 41 55 0 37 35 1 113 44 42 0 16 38 -1 -1 -1 -1 -1 -2 -7 -12 -13 -12 -14 -35 -51 -49 -44 -37 -45 -58 -49 -45 -45 -40 -36 -36 -35 -35 -34 -34 -32 -32 -128 -128 -128 -128 -128 -128 -128 -128 -128 -128 -128 -128 -128 -128 -128 -128 -128 -128 -128 -128
-20 -27 -22 -23 -18 -18 -18 -18 -20 -18 -18 -18 -18 -14 -14 -128 -1 -14 -7 -1 -3 -1 -1 -1 -1 -1 -6 -6 -9 -9 -11 -14 -17 -18 -20 -21 -17 -9 -6 -6 -6 -6 -30 -23 -13 -11 -11 -8 -2 -1 -1 -1 104 0 -115 20 -16 -23 -13 -9 -7 -7 -2 -1 -1 108 15 0 3 22 59 55 27 44 0 0 33 72 0 12 33 66 21 42 7 0 -1 -1 -1 -1 -1 -2 -7 -13 -17 -18 -20 -35 -53 -47 -44 -40 -53 -58 -47 -44 -44 -41 -36 -36 -34 -34 -34 -34 -34 -32 -128 -128 -128 -128 -128 -128 -128 -128 -128 -128 -128 -128 -128 -128 -128 -128 -128 -128 -128 -128
-25 -25 -20 -17 -18 -18 -18 -18 -18 -18 -18 -18 -18 -18 -1 -25 -30 -14 -22 -9 -7 -1 -1 -1 -1 -1 -1 -4 -9 -9 -18 -20 -20 -18 -20 -18 -7 -6 -4 -4 -20 -26 -16 -13 -12 -9 -7 -3 -1 -1 -1 -1 0 39 35 -12 -13 -7 -7 -6 -4 -2 43 6 61 31 43 24 21 39 62 22 61 3 35 16 30 0 22 50 116 26 0 0 29 82 -1 -1 -1 -1 -3 -8 -13 -21 -27 -27 -35 -44 -44 -37 -39 -47 -51 -45 -46 -45 -40 -37 -35 -34 -35 -34 -32 -47 -31 -128 -128 -128 -128 -128 -128 -128 -128 -128 -128 -128 -128 -128 -128 -128 -128 -128 -128 -128 -128 -128
-16 -23 -20 -17 -18 -18 -18 -18 -18 -18 -18 -18 -18 -18 -17 -16 -17 -14 -12 -9 -7 -2 -1 -1 -1 -1 -1 -1 -8 -13 -16 -14 -16 -18 -18 -17 -7 -6 -7 -11 -31 -21 -14 -12 -11 -6 -2 -1 -1 -1 -1 -1 -1 0 35 -117 -11 -6 -7 -2 101 76 41 41 27 25 60 15 45 112 47 38 42 21 48 0 21 0 62 0 0 14 0 0 0 14 -1 -1 -1 -1 -4 -8 -14 -22 -27 -30 -30 -39 -47 -37 -44 -44 -53 -45 -47 -45 -40 -37 -36 -34 -34 -34 -34 -32 -32 -128 -128 -128 -128 -128 -128 -128 -128 -128 -128 -128 -128 -128 -128 -128 -128 -128 -128 -128 -128 -128
-25 -23 -17 -18 -18 -18 -18 -18 -18 -18 -18 -18 -17 -17 -17 -16 -14 -12 -9 -9 -3 -1 -1 -1 -1 -1 -4 -17 -18 -12 -12 -13 -16 -17 -13 -8 -2 -2 -21 -30 -16 -13 -13 -12 -8 -4 -1 -1 -1 -1 -1 -1 100 31 0 -18 -6 -1 94 55 52 30 62 2 26 50 41 61 14 53 21 15 30 0 25 45 10 79 3 0 0 0 0 2 8 -1 -1 -1 -2 -4 -9 -20 -27 -32 -34 -28 -37 -44 -37 -40 -51 -53 -44 -46 -45 -39 -39 -36 -35 -34 -34 -34 -32 -30 -128 -128 -128 -128 -128 -128 -128 -128 -128 -128 -128 -128 -128 -128 -128 -128 -128 -128 -128 -128 -128 -128
-18 -22 -20 -18 -18 -18 -18 -18 -18 -18 -18 -18 -16 -16 -16 -16 -14 -13 -12 -11 -8 -1 -1 -1 -1 -1 -2 -11 -9 -11 -9 -12 -13 -11 -4 -1 -1 -11 -32 -18 -13 -13 -12 -8 -7 -7 -3 -1 -1 -1 -1 -1 -1 0 0 111 -3 -3 94 45 82 30 48 14 7 56 74 0 0 43 0 62 44 26 20 0 0 79 29 14 0 61 0 0 108 -1 -1 -1 -2 -8 -11 -23 -34 -35 -23 -25 -32 -46 -44 -41 -56 -45 -42 -45 -45 -40 -39 -36 -35 -34 -34 -34 -32 -27 -128 -128 -128 -128 -128 -128 -128 -128 -128 -128 -128 -128 -128 -128 -128 -128 -128 -128 -128 -128 -128 -128
-16 -20 -18 -18 -18 -17 -17 -17 -17 -17 -17 -16 -16 -16 -16 -14 -13 -13 -12 -9 -8 -2 -1 -1 -1 -1 -1 -9 -8 -9 -9 -9 -4 -3 -1 -7 -36 -30 -17 -13 -13 -9 -6 -7 -6 -4 -1 -1 -1 -1 -1 -1 10 0 113 88 116 107 19 0 0 20 0 0 3 70 49 21 0 0 0 1 0 33 12 37 25 50 32 0 0 19 0 107 -1 -1 -1 -2 -8 -12 -28 -34 -27 -22 -21 -26 -46 -50 -49 -51 -45 -44 -47 -45 -40 -39 -36 -37 -35 -36 -34 -32 -128 -128 -128 -128 -128 -128 -128 -128 -128 -128 -128 -128 -128 -128 -128 -128 -128 -128 -128 -128 -128 -128 -128 -128
-8 -21 -22 -18 -18 -17 -18 -16 -17 -18 -16 -16 -16 -16 -14 -13 -16 -13 -12 -9 -8 -6 -1 -1 -1 -1 -1 -1 -6 -7 -7 -6 -1 -11 -12 -22 -22 -14 -12 -13 -13 -6 -4 -6 -6 -3 -1 -1 -1 -1 -1 -1 90 0 110 0 120 104 6 96 78 0 0 0 102 58 65 0 0 0 8 124 41 0 0 0 19 18 19 58 3 20 0 14 -1 -1 -1 -4 -8 -12 -30 -28 -25 -21 -23 -26 -34 -49 -46 -41 -41 -47 -50 -44 -40 -37 -39 -39 -37 -34 -32 -32 -128 -128 -128 -128 -128 -128 -128 -128 -128 -128 -128 -128 -128 -128 -128 -128 -128 -128 -128 -128 -128 -128 -128 -128
-17 -23 -18 -17 -16 -16 -17 -18 -17 -16 -16 -16 -16 -14 -14 -13 -12 -12 -11 -9 -8 -3 -1 -1 -1 -1 -1 -1 -4 -4 -2 -4 -9 -16 -13 -13 -11 -11 -11 -9 -3 -4 -6 -4 -3 -1 -1 -1 -1 -1 -1 119 15 83 82 0 36 42 43 0 0 0 12 91 65 33 0 0 18 0 71 20 0 2 0 59 67 47 25 20 38 27 48 -1 -1 -2 -9 -11 -16 -22 -27 -21 -23 -31 -35 -28 -50 -53 -40 -41 -47 -49 -44 -39 -39 -37 -37 -35 -34 -34 -36 -128 -128 -128 -128 -128 -128 -128 -128 -128 -128 -128 -128 -128 -128 -128 -128 -128 -128 -128 -128 -128 -128 -128 -128 -128
-9 -17 -17 -17 -16 -16 -16 -16 -16 -17 -16 -16 -16 -14 -13 -13 -12 -12 -11 -9 -8 -6 -1 -1 -1 -1 -1 -1 -1 -1 -2 -6 -11 -11 -9 -11 -9 -9 -8 -7 -1 -2 -6 -3 -3 -1 -1 -1 -1 -1 -1 113 0 20 2 7 48 47 43 91 0 6 12 0 0 47 67 31 0 9 47 13 0 8 3 0 53 44 20 38 24 29 72 -1 -1 -2 -8 -9 -13 -20 -26 -20 -23 -32 -39 -37 -37 -55 -44 -45 -51 -51 -44 -39 -37 -36 -35 -35 -34 -34 -34 -128 -128 -128 -128 -128 -128 -128 -128 -128 -128 -128 -128 -128 -128 -128 -128 -128 -128 -128 -128 -128 -128 -128 -128 -128
-20 -16 -14 -14 -14 -16 -16 -16 -16 -16 -16 -13 -13 -14 -14 -12 -12 -11 -9 -8 -4 -1 -1 -1 -1 -1 -1 -1 -1 -1 -4 -7 -8 -8 -9 -9 -8 -8 -6 -1 -1 -1 -2 -3 -2 -1 -1 -1 -1 -32 58 43 20 0 36 2 24 62 16 18 0 44 22 12 110 6 0 0 0 55 110 91 49 22 48 58 68 44 27 39 76 110 -68 -1 -1 -6 -8 -12 -14 -16 -14 -21 -31 -37 -32 -36 -46 -51 -49 -51 -49 -42 -39 -37 -36 -35 -34 -32 -32 -32 -128 -128 -128 -128 -128 -128 -128 -128 -128 -128 -128 -128 -128 -128 -128 -128 -128 -128 -128 -128 -128 -128 -128 -128 -128 -128
-20 -18 -14 -13 -14 -14 -14 -16 -16 -16 -16 -14 -13 -13 -13 -12 -12 -11 -9 -8 -6 -2 -1 -1 -1 104 9 99 -1 -1 -1 -4 -8 -7 -8 -8 -8 -7 -4 -1 -1 -1 -1 -1 -2 -1 -1 -1 105 30 35 20 65 0 53 38 33 0 20 8 0 0 71 13 24 39 97 0 0 104 76 87 93 81 89 58 58 50 30 0 62 58 54 -1 -1 -4 -6 -8 -12 -13 -14 -16 -20 -31 -32 -40 -46 -55 -45 -51 -46 -45 -41 -37 -36 -35 -35 -34 -30 -53 -128 -128 -128 -128 -128 -128 -128 -128 -128 -128 -128 -128 -128 -128 -128 -128 -128 -128 -128 -128 -128 -128 -128 -128 -128 -128
-16 -13 -11 -13 -13 -13 -13 -13 -13 -13 -13 -12 -12 -12 -12 -12 -11 -9 -8 -6 -4 -1 -1 -1 -1 110 110 -1 -1 -1 -1 -2 -8 -7 -7 -7 -6 -1 -1 -1 -1 -1 -1 -1 -1 -1 -1 106 110 44 53 0 66 0 0 0 65 60 68 0 0 99 44 0 41 0 56 0 58 26 65 101 93 70 73 91 70 62 50 35 48 58 96 -1 -1 -2 -6 -9 -14 -22 -22 -20 -23 -30 -39 -37 -53 -45 -59 -45 -36 -37 -37 -36 -34 -32 -35 -51 -39 -128 -128 -128 -128 -128 -128 -128 -128 -128 -128 -128 -128 -128 -128 -128 -128 -128 -128 -128 -128 -128 -128 -128 -128 -128 -128 -128
-12 -11 -12 -12 -13 -11 -12 -13 -12 -12 -12 -9 -9 -11 -9 -9 -8 -8 -8 -6 -1 -1 -1 -1 36 100 -1 -1 -1 -1 -1 -1 -2 -4 -6 -4 -2 -1 -1 -1 -1 -1 -1 -1 -1 -1 -1 105 0 107 3 45 19 0 19 0 29 72 60 0 19 29 47 47 0 0 27 24 0 29 0 42 52 68 85 65 41 65 71 64 32 45 33 -1 -1 -1 -3 -6 -16 -25 -30 -21 -22 -36 -39 -42 -44 -44 -50 -50 -39 -36 -42 -36 -31 -28 -42 -41 -36 -128 -128 -128 -128 -128 -128 -128 -128 -128 -128 -128 -128 -128 -128 -128 -128 -128 -128 -128 -128 -128 -128 -128 -128 -128 -128 -128
-9 -11 -11 -12 -11 -11 -11 -11 -11 -9 -9 -6 -8 -6 -7 -3 -6 -7 -3 -1 -1 -1 -1 -1 99 -1 -1 -1 -1 -1 -1 -1 -2 -2 -1 -1 -1 -1 -1 -1 -1 -1 -1 -1 -1 -1 108 0 85 16 45 7 0 0 49 0 0 26 24 0 0 0 0 67 43 0 30 44 14 0 84 0 35 106 120 66 56 90 78 50 54 26 53 -1 -1 -1 -4 -12 -23 -27 -23 -22 -36 -41 -44 -35 -36 -56 -47 -44 -46 -53 -36 -34 -47 -50 -37 -34 -128 -128 -128 -128 -128 -128 -128 -128 -128 -128 -128 -128 -128 -128 -128 -128 -128 -128 -128 -128 -128 -128 -128 -128 -128 -128 -128 -128
-11 -9 -9 -11 -9 -9 -9 -9 -8 -8 -4 -1 -1 -1 -1 -1 -1 -2 -1 -1 -1 -1 -1 -1 -1 -1 -1 -1 -1 -1 -1 -1 -1 -1 -1 -1 -1 -1 -1 -1 -1 -1 -1 -1 -1 -1 -1 12 106 0 58 48 18 7 39 0 0 16 50 0 20 32 53 1 0 0 20 39 0 38 16 0 32 88 88 125 127 79 42 60 13 60 42 65 -1 -1 -1 -4 -23 -27 -26 -28 -34 -34 -37 -35 -37 -45 -34 -36 -41 -37 -36 -35 -35 -37 -37 -32 -128 -128 -128 -128 -128 -128 -128 -128 -128 -128 -128 -128 -128 -128 -128 -128 -128 -128 -128 -128 -128 -128 -128 -128 -128 -128 -128 -128
-7 -8 -8 -9 -9 -9 -11 -7 -2 -1 -1 -1 -1 -1 -1 -1 -1 -1 -1 -1 -1 -1 -1 -1 -1 -1 -1 -1 -1 -1 -1 -1 -1 -1 -1 -1 -1 -1 -1 -1 95 -1 -1 -1 -1 -1 -1 102 77 53 43 29 8 0 0 0 19 59 0 1 54 0 35 29 0 9 29 0 0 0 0 4 55 94 87 127 113 96 58 19 35 53 45 49 -1 -1 -1 -22 -32 -27 -23 -27 -39 -45 -46 -44 -49 -34 -42 -50 -37 -37 -35 -36 -35 -32 -37 -128 -128 -128 -128 -128 -128 -128 -128 -128 -128 -128 -128 -128 -128 -128 -128 -128 -128 -128 -128 -128 -128 -128 -128 -128 -128 -128 -128 -128
-3 -6 -6 -7 -7 -6 -7 -6 -1 -1 -1 -1 -1 -1 -1 -1 -1 -1 -1 -1 -1 -1 -1 -1 -1 -1 -1 -1 -1 -1 -1 -1 -1 -1 -1 -1 -1 -1 -1 106 1 0 -1 -1 -1 -1 -1 3 32 49 0 0 0 0 12 8 0 25 8 0 42 0 45 14 21 3 41 0 90 0 0 0 24 112 127 127 127 124 122 49 42 39 39 61 41 -1 -1 -1 -31 -25 -21 -23 -26 -39 -47 -46 -63 -40 -60 -54 -41 -36 -35 -35 -34 -32 -35 -128 -128 -128 -128 -128 -128 -128 -128 -128 -128 -128 -128 -128 -128 -128 -128 -128 -128 -128 -128 -128 -128 -128 -128 -128 -128 -128 -128 -128
-1 -2 -3 -3 -2 -2 -1 -1 -1 -1 -1 -1 -1 -1 -1 -1 -1 -1 -1 -1 -1 -1 -1 -1 107 -1 -1 -1 -1 -1 -1 -1 -1 -1 24 0 0 0 41 1 0 -1 102 -1 -1 108 42 21 0 0 0 0 0 0 0 0 0 8 22 25 0 6 25 47 0 0 108 73 0 10 0 31 72 64 111 127 107 -1 93 43 24 59 -1 -1 -1 -1 -1 -23 -21 -17 -21 -21 -41 -60 -59 -68 -44 -47 -46 -40 -36 -35 -35 -35 -32 -34 -128 -128 -128 -128 -128 -128 -128 -128 -128 -128 -128 -128 -128 -128 -128 -128 -128 -128 -128 -128 -128 -128 -128 -128 -128 -128 -128 -128 -128 -128
-1 -1 -1 -1 -1 -1 -1 -1 -1 -1 -1 -1 -1 -1 -1 -1 -1 -1 -1 -1 -1 -1 -1 116 16 27 113 -1 73 111 106 106 0 47 4 16 20 0 95 0 100 24 4 29 70 0 0 26 31 20 0 0 1 20 59 0 0 0 25 32 0 64 32 50 0 0 58 45 0 35 19 56 30 114 101 127 59 -1 100 61 41 22 -1 -1 -1 -1 -1 -7 -17 -14 -12 -21 -40 -64 -59 -58 -45 -41 -37 -36 -36 -35 -36 -32 -34 -128 -128 -128 -128 -128 -128 -128 -128 -128 -128 -128 -128 -128 -128 -128 -128 -128 -128 -128 -128 -128 -128 -128 -128 -128 -128 -128 -128 -128 -128 -128
-1 -1 -1 -1 -1 -1 -1 -1 -1 -1 -1 -1 -1 -1 -1 -1 -1 -1 -1 -1 -1 3 106 54 68 104 114 21 14 42 31 1 0 27 49 0 0 13 4 0 0 4 0 4 0 1 0 122 52 24 0 112 101 77 44 78 31 85 24 0 7 31 0 0 0 1 48 59 61 0 0 0 48 101 118 117 -1 59 45 50 50 -1 -1 -1 -1 -2 -6 -14 -26 -22 -28 -59 -68 -60 -63 -41 -37 -40 -36 -36 -35 -35 -34 -32 -128 -128 -128 -128 -128 -128 -128 -128 -128 -128 -128 -128 -128 -128 -128 -128 -128 -128 -128 -128 -128 -128 -128 -128 -128 -128 -128 -128 -128 -128 -128 -128
-1 -1 -1 -1 -1 -1 -1 -1 -1 -1 -1 -1 -1 -1 -1 -1 -1 -1 -1 -1 -1 111 31 71 0 0 21 52 19 22 0 43 0 21 10 41 0 0 21 0 25 25 14 25 9 31 1 95 119 52 8 15 117 116 118 66 85 37 0 0 0 0 48 0 0 0 19 20 0 0 26 93 31 117 87 1 106 105 15 33 16 113 -1 -1 -1 -30 -20 -16 -32 -40 -45 -60 -65 -50 -63 -51 -49 -40 -36 -35 -34 -32 -32 -32 -128 -128 -128 -128 -128 -128 -128 -128 -128 -128 -128 -128 -128 -128 -128 -128 -128 -128 -128 -128 -128 -128 -128 -128 -128 -128 -128 -128 -128 -128 -128 -128
-1 -1 -1 -1 -1 -1 -1 -1 -1 -1 -1 -1 -1 -1 -1 -1 -1 -1 -1 94 38 0 48 6 0 0 12 50 0 19 0 0 0 9 0 0 0 0 0 0 14 8 6 0 0 19 0 120 99 15 10 29 114 102 113 101 4 9 15 38 8 0 36 0 0 0 0 0 12 35 0 96 -23 -7 96 87 113 0 20 0 0 -1 -1 -2 -18 -39 -30 -39 -46 -45 -49 -63 -50 -55 -60 -44 -42 -39 -36 -35 -34 -34 -34 -128 -128 -128 -128 -128 -128 -128 -128 -128 -128 -128 -128 -128 -128 -128 -128 -128 -128 -128 -128 -128 -128 -128 -128 -128 -128 -128 -128 -128 -128 -128 -128 -128
-1 -1 -1 -1 -1 -1 -1 -1 -1 -1 -1 -1 -1 -1 -1 -1 -1 -1 -1 -41 15 0 50 13 3 32 4 3 18 22 2 0 2 0 0 0 0 24 0 0 12 0 0 1 20 0 18 -59 85 62 25 77 74 114 127 110 99 38 35 0 0 0 1 0 0 0 0 0 71 36 10 12 -22 -17 -3 31 -1 32 6 4 20 -1 -1 -6 -18 -37 -37 -32 -49 -47 -53 -59 -49 -55 -63 -46 -45 -37 -37 -35 -34 -34 -34 -128 -128 -128 -128 -128 -128 -128 -128 -128 -128 -128 -128 -128 -128 -128 -128 -128 -128 -128 -128 -128 -128 -128 -128 -128 -128 -128 -128 -128 -128 -128 -128 -128
-1 -1 -1 -1 -1 -1 -1 -1 -1 -1 -1 -1 -1 -1 -1 -1 -1 -1 47 0 0 39 32 4 0 4 0 2 0 54 0 83 25 19 26 0 0 15 13 0 60 4 0 87 0 0 84 9 73 32 0 88 105 105 106 106 0 15 0 12 7 0 0 0 0 0 55 -20 -1 78 0 -16 -14 -4 -13 -9 21 0 116 -21 -2 -3 -25 -28 -37 -34 -34 -44 -42 -49 -44 -42 -46 -54 -49 -45 -40 -36 -34 -34 -34 -32 -128 -128 -128 -128 -128 -128 -128 -128 -128 -128 -128 -128 -128 -128 -128 -128 -128 -128 -128 -128 -128 -128 -128 -128 -128 -128 -128 -128 -128 -128 -128 -128 -128 -128
-1 -1 -1 -1 -1 -1 -1 -1 -1 -1 -1 -1 -1 -1 -1 -1 -1 22 14 0 20 52 39 27 47 22 0 0 13 0 6 0 0 8 1 0 36 21 2 14 24 25 30 32 0 122 10 0 100 39 0 78 107 94 108 112 82 0 0 0 0 0 22 0 0 36 33 -28 106 0 25 58 -17 -12 -12 -12 44 12 -12 -39 -18 -7 -35 -26 -30 -31 -31 -30 -39 -40 -37 -45 -40 -58 -53 -44 -42 -37 -34 -35 -32 -35 -128 -128 -128 -128 -128 -128 -128 -128 -128 -128 -128 -128 -128 -128 -128 -128 -128 -128 -128 -128 -128 -128 -128 -128 -128 -128 -128 -128 -128 -128 -128 -128 -128 -128
-1 -1 -1 -1 -1 -1 -1 -1 -1 -1 -1 -1 -1 -1 -1 -1 43 49 44 0 22 29 54 38 14 2 1 0 56 0 0 0 0 0 10 6 88 0 99 30 104 64 73 36 110 74 0 0 43 0 102 101 -1 50 -73 29 13 16 30 0 0 0 0 0 73 -26 -14 -4 0 53 0 -17 -9 -14 -9 -3 -6 -36 -54 -28 -22 -35 -28 -28 -39 -32 -41 -40 -34 -40 -49 -41 -59 -55 -46 -41 -37 -37 -34 -36 -35 -128 -128 -128 -128 -128 -128 -128 -128 -128 -128 -128 -128 -128 -128 -128 -128 -128 -128 -128 -128 -128 -128 -128 -128 -128 -128 -128 -128 -128 -128 -128 -128 -128 -128 -128
-1 -1 -1 -1 -1 -1 -1 -1 -1 -1 -1 -1 -1 -1 -1 113 39 48 26 0 15 0 26 106 15 0 20 4 42 0 3 10 31 0 0 2 114 105 110 110 12 0 110 127 118 79 37 2 112 0 0 87 -1 -1 -83 26 113 93 70 -23 94 38 93 8 53 -1 -4 -25 112 0 0 -4 -1 21 -21 -27 -50 -54 -49 -31 -25 -27 -22 -27 -32 -44 -60 -50 -36 -47 -47 -44 -56 -61 -49 -44 -41 -37 -34 -37 -41 -128 -128 -128 -128 -128 -128 -128 -128 -128 -128 -128 -128 -128 -128 -128 -128 -128 -128 -128 -128 -128 -128 -128 -128 -128 -128 -128 -128 -128 -128 -128 -128 -128 -128 -128
-1 -1 -1 -1 -1 -1 -1 -1 -1 -1 -1 -1 -1 85 60 24 50 15 19 7 24 14 50 25 2 21 0 60 0 105 96 35 18 101 -1 -1 -1 -1 66 107 65 -1 47 127 39 111 0 21 8 12 111 -1 -1 -1 104 107 44 108 36 24 85 102 45 0 -1 -8 -51 -2 10 33 -4 -2 -1 89 -23 -25 -23 -22 -27 -26 -35 -27 -25 -40 -46 -53 -55 -49 -51 -45 -51 -54 -61 -59 -46 -42 -36 -34 -34 -31 -128 -128 -128 -128 -128 -128 -128 -128 -128 -128 -128 -128 -128 -128 -128 -128 -128 -128 -128 -128 -128 -128 -128 -128 -128 -128 -128 -128 -128 -128 -128 -128 -128 -128 -128 -128
-1 -1 -1 -1 -1 -1 -1 -1 -1 -1 -1 -1 -1 0 16 4 4 35 0 0 0 0 0 30 100 0 59 36 48 72 114 -1 97 -1 104 -1 -1 -1 -1 22 -1 -1 -1 127 125 113 52 0 8 0 7 112 62 -1 -1 26 104 -1 -1 -1 -1 -4 -3 -1 106 -18 -54 -28 -1 96 -6 -3 -1 -1 -11 -16 -18 -17 -27 -26 -27 -28 -42 -56 -53 -58 -56 -56 -54 -54 -49 -46 -60 -60 -53 -46 -39 -34 -32 -32 -128 -128 -128 -128 -128 -128 -128 -128 -128 -128 -128 -128 -128 -128 -128 -128 -128 -128 -128 -128 -128 -128 -128 -128 -128 -128 -128 -128 -128 -128 -128 -128 -128 -128 -128 -128
-1 -1 -1 -1 -1 -1 -1 -1 -1 -1 -1 111 19 0 3 31 41 9 29 27 18 14 25 27 12 0 108 114 105 113 59 -1 105 0 102 -1 -1 -1 4 -1 -1 -1 127 113 29 111 74 0 0 0 22 99 70 60 -1 -1 -1 -1 -6 -17 -7 -9 -1 -1 -2 -46 -35 -13 -7 -11 -3 -1 -1 -1 -20 -12 -13 -16 -27 -25 -28 -32 -36 -44 -41 -44 -42 -45 -45 -40 -46 -56 -65 -54 -46 -44 -37 -34 127 -128 -128 -128 -128 -128 -128 -128 -128 -128 -128 -128 -128 -128 -128 -128 -128 -128 -128 -128 -128 -128 -128 -128 -128 -128 -128 -128 -128 -128 -128 -128 -128 -128 -128 -128 -128 -128
-1 -1 -1 -1 -1 -1 -1 -1 114 48 -58 33 0 6 88 0 0 0 21 93 74 25 42 33 41 52 18 99 -1 111 -1 107 102 100 -1 -1 -1 -1 22 -1 -1 100 124 54 0 43 36 7 0 0 0 0 0 0 104 -1 -1 -6 -17 -16 -14 -7 -2 -1 -6 -30 -41 -13 -11 -9 -4 -1 48 -7 -13 -12 -12 -16 -23 -22 -22 -25 -28 -32 -34 -35 -40 -49 -41 -41 -37 -60 -69 -56 -47 -44 -39 -35 127 -128 -128 -128 -128 -128 -128 -128 -128 -128 -128 -128 -128 -128 -128 -128 -128 -128 -128 -128 -128 -128 -128 -128 -128 -128 -128 -128 -128 -128 -128 -128 -128 -128 -128 -128 -128 -128
-1 -1 -1 -1 -1 -1 -1 73 37 22 1 13 18 0 2 0 13 20 48 -1 49 18 84 123 56 107 -1 -1 -1 102 93 112 66 -51 -1 -1 112 93 29 105 41 33 35 93 29 1 2 0 0 0 0 0 15 0 -1 -7 -13 -22 -16 -21 -7 -4 -20 -32 -22 -55 -17 -21 -21 -8 -6 -1 -2 -2 -6 -8 -9 -11 -14 -18 -22 -23 -25 -28 -32 -42 -45 -42 -42 -41 -46 -59 -55 -54 -49 -42 -34 -128 -128 -128 -128 -128 -128 -128 -128 -128 -128 -128 -128 -128 -128 -128 -128 -128 -128 -128 -128 -128 -128 -128 -128 -128 -128 -128 -128 -128 -128 -128 -128 -128 -128 -128 -128 -128 -128 -128
-1 -1 -1 -1 -1 -1 -1 -1 64 15 62 41 3 13 0 0 0 0 114 -1 108 106 119 114 42 -1 -1 -1 -1 39 49 88 49 45 27 42 65 108 111 -1 -1 96 26 0 0 15 54 19 0 0 106 -1 -1 -1 -11 -39 -32 -20 -16 -18 -7 -2 -9 -27 -25 -64 -36 -31 -14 -9 -1 -1 -4 -1 -1 -4 -7 -8 -9 -12 -17 -21 -21 -25 -30 -32 -36 -42 -40 -39 -44 -60 -56 -54 -53 -46 -39 -128 -128 -128 -128 -128 -128 -128 -128 -128 -128 -128 -128 -128 -128 -128 -128 -128 -128 -128 -128 -128 -128 -128 -128 -128 -128 -128 -128 -128 -128 -128 -128 -128 -128 -128 -128 -128 -128 -128
-1 -1 -1 -1 -1 -1 -1 29 42 29 71 101 82 3 21 33 0 16 -1 105 0 -1 -1 47 -1 -1 -1 -1 106 113 33 35 1 20 88 110 99 -1 -1 -1 35 6 0 12 12 16 0 0 0 102 -6 -8 -9 -16 -34 -20 -17 -13 -16 -9 -2 -14 -28 -34 -50 -44 -25 -14 -7 -1 -4 -1 -1 -1 106 -11 -8 -9 -9 -11 -14 -18 -23 -30 -28 -32 -37 -40 -47 -40 -47 -59 -55 -53 -46 -41 -128 -128 -128 -128 -128 -128 -128 -128 -128 -128 -128 -128 -128 -128 -128 -128 -128 -128 -128 -128 -128 -128 -128 -128 -128 -128 -128 -128 -128 -128 -128 -128 -128 -128 -128 -128 -128 -128 -128 -128
-1 -1 -1 -1 -1 -1 -1 -1 88 108 113 100 110 117 93 56 26 14 101 -1 -1 6 104 9 100 -1 97 101 104 55 47 48 42 16 0 1 61 -1 -1 -1 106 21 0 0 0 0 0 0 0 10 -14 -27 -27 -17 -13 -21 -14 -11 -16 -18 -18 -30 -32 -34 -34 -41 -27 -14 -7 -1 -18 -8 -8 -18 -11 -14 -9 -7 -7 -7 -9 -16 -20 -25 -26 -28 -32 -39 -46 -42 -45 -59 -56 -54 -47 -53 -128 -128 -128 -128 -128 -128 -128 -128 -128 -128 -128 -128 -128 -128 -128 -128 -128 -128 -128 -128 -128 -128 -128 -128 -128 -128 -128 -128 -128 -128 -128 -128 -128 -128 -128 -128 -128 -128 -128 -128
-1 -1 -1 -1 -1 100 79 113 101 95 111 -1 -1 -1 -1 100 104 22 93 106 -1 95 39 0 101 112 50 0 0 21 24 0 0 2 0 1 107 -1 -1 94 59 4 2 19 0 1 7 0 107 -30 -36 -31 -17 -13 -31 -21 -11 -8 -22 -17 -41 -32 -46 -47 -32 -26 -22 -3 -1 -23 -14 -28 -18 -18 94 -12 -8 -4 -4 -6 -11 -14 -21 -23 -27 -30 -35 -36 -39 -51 -56 -56 -54 -50 -44 -128 -128 -128 -128 -128 -128 -128 -128 -128 -128 -128 -128 -128 -128 -128 -128 -128 -128 -128 -128 -128 -128 -128 -128 -128 -128 -128 -128 -128 -128 -128 -128 -128 -128 -128 -128 -128 -128 -128 -128 -128
-1 -1 -1 -1 104 55 100 27 35 -1 -1 -1 -1 -1 -1 -1 -1 8 108 104 -1 -1 120 3 6 44 14 16 0 0 7 50 0 0 0 0 18 8 -1 -1 -1 58 19 0 3 0 0 0 -9 -42 -37 -25 -18 -17 -28 -20 -16 -14 -31 -26 -32 -27 -54 -34 -26 -27 -23 -6 -7 -28 -20 -18 -17 -20 -13 -28 -8 -2 -1 -1 -12 -12 -17 -23 -26 -28 -34 -42 -40 -46 -51 -53 -55 -50 -47 -128 -128 -128 -128 -128 -128 -128 -128 -128 -128 -128 -128 -128 -128 -128 -128 -128 -128 -128 -128 -128 -128 -128 -128 -128 -128 -128 -128 -128 -128 -128 -128 -128 -128 -128 -128 -128 -128 -128 -128 -128
-1 -1 -1 -1 96 91 90 15 -58 -1 -1 -1 -1 -1 -1 -1 -1 -1 -1 -1 -1 43 29 0 0 0 0 0 3 16 0 13 0 0 0 0 -1 -1 -3 -1 -1 97 58 0 9 2 8 -6 -44 -26 -20 -18 -17 -20 -18 -17 -20 -42 -39 -36 -34 -46 -30 -26 -26 -20 -26 -40 -36 -26 -22 -17 -14 -21 -13 -9 -4 -1 -2 -3 -14 -20 -30 -27 -26 -26 -28 -34 -46 -55 -49 -45 -58 104 -128 -128 -128 -128 -128 -128 -128 -128 -128 -128 -128 -128 -128 -128 -128 -128 -128 -128 -128 -128 -128 -128 -128 -128 -128 -128 -128 -128 -128 -128 -128 -128 -128 -128 -128 -128 -128 -128 -128 -128 -128 -128
-1 -1 -65 101 83 15 114 116 52 25 105 -1 105 1 -1 -1 -1 -1 -1 -1 94 0 0 0 10 0 0 0 0 0 1 0 0 0 0 94 -1 -1 -16 -4 -1 -1 99 0 0 1 0 -6 -37 -22 -20 -17 -17 -16 -17 -16 -28 -42 -40 -42 -50 -45 -27 -27 -26 -28 -32 -36 -22 -18 -16 -17 -2 -20 -12 -11 -6 -1 -1 -1 -4 -9 -12 -18 -23 -25 -26 -35 -46 -59 -49 -44 -56 127 -128 -128 -128 -128 -128 -128 -128 -128 -128 -128 -128 -128 -128 -128 -128 -128 -128 -128 -128 -128 -128 -128 -128 -128 -128 -128 -128 -128 -128 -128 -128 -128 -128 -128 -128 -128 -128 -128 -128 -128 -128 -128
-1 78 116 113 111 14 60 0 0 54 113 56 43 0 -1 -1 -1 -1 -1 36 0 38 21 0 0 0 6 94 89 102 0 0 12 0 -1 -3 -8 -14 -23 -30 -16 -16 104 0 0 0 97 -30 -25 -18 -17 -17 -18 -17 -16 -22 -40 -42 -36 -34 -31 -27 -26 -20 -40 -40 -34 -27 -25 -16 -17 -16 -18 -13 -9 -6 -1 -1 -1 -1 -6 -11 -13 -18 -21 -26 -31 -37 -45 -50 -45 -46 127 -128 -128 -128 -128 -128 -128 -128 -128 -128 -128 -128 -128 -128 -128 -128 -128 -128 -128 -128 -128 -128 -128 -128 -128 -128 -128 -128 -128 -128 -128 -128 -128 -128 -128 -128 -128 -128 -128 -128 -128 -128 -128 -128
65 91 0 10 26 112 30 0 0 0 2 60 2 25 113 -1 -1 -1 30 112 0 0 6 0 0 0 0 8 104 -1 -1 87 9 0 -2 -13 -20 -26 -21 -14 -16 -17 -22 -20 -8 107 -20 -36 -22 -17 -18 -17 -17 -16 -17 -23 -47 -34 -36 -31 -26 -28 -27 -32 -51 -35 -30 -25 -21 -20 -17 -14 -17 -18 -9 -2 -2 -1 -1 -1 -1 -13 -12 -13 -21 -28 -32 -35 -41 -44 -40 -45 127 -128 -128 -128 -128 -128 -128 -128 -128 -128 -128 -128 -128 -128 -128 -128 -128 -128 -128 -128 -128 -128 -128 -128 -128 -128 -128 -128 -128 -128 -128 -128 -128 -128 -128 -128 -128 -128 -128 -128 -128 -128 -128 -128
41 0 39 31 114 116 84 3 0 19 18 70 -114 90 -1 -1 -69 102 -1 0 0 8 14 0 0 0 112 -1 -1 -1 -1 93 0 -26 -30 -16 -13 -11 -11 -12 -12 -13 -16 -23 -34 -34 -35 -18 -14 -18 -17 -17 -23 -40 -34 -42 -40 -46 -27 -27 -28 -26 -41 -50 -32 -30 -25 -22 -21 -13 -13 -16 -13 -12 -1 -1 -1 -1 -1 -2 -11 -12 -12 -16 -28 -31 -31 -34 -35 -40 -47 127 -128 -128 -128 -128 -128 -128 -128 -128 -128 -128 -128 -128 -128 -128 -128 -128 -128 -128 -128 -128 -128 -128 -128 -128 -128 -128 -128 -128 -128 -128 -128 -128 -128 -128 -128 -128 -128 -128 -128 -128 -128 -128 -128 -128
72 0 91 111 87 61 12 0 31 47 44 49 0 32 108 72 -1 -1 -1 -1 4 1 0 3 3 0 105 -1 -1 -7 -9 -4 -1 85 -13 -9 -9 -9 -9 -9 -9 -11 -13 -13 -18 -22 -27 -21 -17 -18 -21 -17 -30 -44 -35 -41 -37 -44 -28 -26 -28 -27 -27 -37 -28 -27 -23 -14 -18 -13 -14 -9 -8 -8 -14 -4 -2 -2 -1 -1 -6 -13 -12 -17 -23 -25 -23 -28 -35 -45 -53 127 -128 -128 -128 -128 -128 -128 -128 -128 -128 -128 -128 -128 -128 -128 -128 -128 -128 -128 -128 -128 -128 -128 -128 -128 -128 -128 -128 -128 -128 -128 -128 -128 -128 -128 -128 -128 -128 -128 -128 -128 -128 -128 -128 -128
19 94 118 106 96 73 0 0 13 38 6 22 81 88 0 -1 -1 -1 -1 -105 12 0 0 1 15 37 -1 -1 -9 -9 -7 -4 -1 -7 -6 -8 -3 -6 -6 -8 -12 -11 -18 -17 -34 -25 -30 -26 -22 -27 -30 -45 -40 -32 -34 -45 -32 -28 -28 -27 -26 -31 -34 -30 -27 -26 -22 -22 -22 -13 -21 -11 -9 -8 -7 -1 -1 -1 -1 -4 -11 -13 -13 -17 -18 -25 -28 -37 -45 -51 127 -128 -128 -128 -128 -128 -128 -128 -128 -128 -128 -128 -128 -128 -128 -128 -128 -128 -128 -128 -128 -128 -128 -128 -128 -128 -128 -128 -128 -128 -128 -128 -128 -128 -128 -128 -128 -128 -128 -128 -128 -128 -128 -128 -128 -128
9 22 95 -1 119 26 36 0 0 9 29 0 20 0 10 7 -94 -1 -1 -1 49 14 0 0 0 106 -1 -1 -9 -9 -7 -6 -3 -8 -2 -1 -1 -1 -2 -16 -26 -18 -35 -28 -35 -25 -26 -40 -31 -39 -45 -36 -35 -34 -51 -45 -31 -27 -27 -26 -23 -46 -30 -27 -27 -26 -26 -39 -18 -13 -14 -12 -8 -8 -7 -2 0 -1 -2 -4 -6 -13 -12 -14 -17 -23 -26 -31 -37 -50 -128 -128 -128 -128 -128 -128 -128 -128 -128 -128 -128 -128 -128 -128 -128 -128 -128 -128 -128 -128 -128 -128 -128 -128 -128 -128 -128 -128 -128 -128 -128 -128 -128 -128 -128 -128 -128 -128 -128 -128 -128 -128 -128 -128 -128 -128
45 0 -1 -1 82 62 114 59 0 91 26 25 16 18 0 111 100 -1 -1 94 13 0 0 27 -1 -1 -1 -8 -12 -8 -7 -6 -6 -21 -8 -16 -26 -27 -35 -31 -25 -28 -34 -34 -32 -31 -36 -35 -39 -40 -40 -50 -35 -31 -28 -28 -27 -32 -32 -30 -35 -28 -30 -27 -26 -26 -25 -23 -16 -17 -13 -6 -7 -8 -7 -1 -1 -6 -6 -7 -9 -14 -18 -21 -26 -23 -26 -31 -37 -128 -128 -128 -128 -128 -128 -128 -128 -128 -128 -128 -128 -128 -128 -128 -128 -128 -128 -128 -128 -128 -128 -128 -128 -128 -128 -128 -128 -128 -128 -128 -128 -128 -128 -128 -128 -128 -128 -128 -128 -128 -128 -128 -128 -128 -128 -128
114 30 112 107 91 119 96 117 37 71 15 56 16 0 0 0 68 -1 -1 -1 -42 111 3 0 107 -1 -1 -4 -13 -9 -7 -8 -7 -17 -20 -25 -31 -26 -34 -32 -28 -31 -28 -35 -36 -34 -37 -36 -36 -44 -42 -32 -32 -30 -28 -28 -28 -30 -30 -28 -31 -28 -28 -28 -26 -26 -25 -23 -20 -18 -13 -1 -11 -6 -8 -2 -1 -4 -6 -9 -12 -13 -17 -22 -25 -22 -25 -22 105 -128 -128 -128 -128 -128 -128 -128 -128 -128 -128 -128 -128 -128 -128 -128 -128 -128 -128 -128 -128 -128 -128 -128 -128 -128 -128 -128 -128 -128 -128 -128 -128 -128 -128 -128 -128 -128 -128 -128 -128 -128 -128 -128 -128 -128 -128 -128
0 38 16 0 -1 32 118 88 8 27 31 0 0 0 0 0 -1 -1 -1 -1 -1 0 18 45 -1 -8 -7 -9 -9 -7 -7 -7 -21 -23 -26 -26 -42 -50 -54 -50 -47 -42 -37 -35 -40 -32 -46 -41 -36 -32 -32 -31 -27 -27 -27 -28 -28 -28 -28 -28 -28 -28 -26 -26 -27 -27 -25 -35 -17 -14 -9 -8 -4 -3 -8 -1 -3 -13 -14 -17 -20 -18 -21 -27 -21 -21 -22 127 -128 -128 -128 -128 -128 -128 -128 -128 -128 -128 -128 -128 -128 -128 -128 -128 -128 -128 -128 -128 -128 -128 -128 -128 -128 -128 -128 -128 -128 -128 -128 -128 -128 -128 -128 -128 -128 -128 -128 -128 -128 -128 -128 -128 -128 -128 -128 -128
1 -1 2 13 -1 -55 118 53 35 27 0 22 0 0 0 102 -1 -3 -4 -2 -1 -1 -1 -1 111 -6 -9 -8 -7 -7 -8 -11 -20 -35 -18 -30 -37 -55 -53 -40 -42 -41 -51 -41 -39 -44 -45 -35 -34 -32 -31 -31 -28 -28 -32 -28 -28 -28 -28 -28 -28 -26 -27 -26 -26 -26 -25 -23 -21 -14 -12 -7 -3 -1 -4 -3 -1 -17 -11 -14 -14 -16 -21 -25 -23 -20 -23 127 -128 -128 -128 -128 -128 -128 -128 -128 -128 -128 -128 -128 -128 -128 -128 -128 -128 -128 -128 -128 -128 -128 -128 -128 -128 -128 -128 -128 -128 -128 -128 -128 -128 -128 -128 -128 -128 -128 -128 -128 -128 -128 -128 -128 -128 -128 -128 -128
-1 91 112 97 110 -87 50 47 35 6 0 6 31 4 94 -1 -8 -14 -14 -13 -8 -1 -1 -1 -8 -13 -8 -8 -8 -6 -12 -26 -26 -28 -32 -34 -34 -37 -37 -32 -35 -36 -36 -34 -32 -32 -32 -30 -31 -31 -31 -28 -27 -28 -28 -28 -28 -28 -28 -27 -26 -28 -30 -30 -27 -26 -23 -18 -21 -12 -7 -3 -3 -3 -6 -9 -4 -14 -21 -17 -21 -21 -22 -26 -23 -22 124 -128 -128 -128 -128 -128 -128 -128 -128 -128 -128 -128 -128 -128 -128 -128 -128 -128 -128 -128 -128 -128 -128 -128 -128 -128 -128 -128 -128 -128 -128 -128 -128 -128 -128 -128 -128 -128 -128 -128 -128 -128 -128 -128 -128 -128 -128 -128 -128 -128
-1 66 59 0 64 25 13 8 0 0 14 24 0 0 96 -1 -9 -13 -20 -21 -14 -9 -1 -1 -3 -13 -12 -7 -7 -7 -13 -25 -26 -35 -21 -37 -42 -42 -36 -32 -34 -31 -31 -31 -30 -30 -30 -30 -31 -31 -31 -28 -28 -28 -28 -28 -28 -27 -28 -28 -28 -28 -28 -28 -27 -26 -23 -23 -18 -12 -9 -12 -14 -6 -4 -18 -2 -3 -13 -16 -22 -28 -28 -30 -27 -26 127 -128 -128 -128 -128 -128 -128 -128 -128 -128 -128 -128 -128 -128 -128 -128 -128 -128 -128 -128 -128 -128 -128 -128 -128 -128 -128 -128 -128 -128 -128 -128 -128 -128 -128 -128 -128 -128 -128 -128 -128 -128 -128 -128 -128 -128 -128 -128 -128 -128
39 0 54 41 107 0 0 4 0 38 0 0 0 14 -1 -11 -14 -22 -17 -14 -12 -9 -7 -14 -18 -13 -12 -4 -11 -17 -23 -21 -35 -23 -23 -45 -35 -35 -31 -36 -31 -30 -30 -30 -30 -30 -31 -30 -28 -28 -28 -28 -28 -27 -28 -28 -28 -28 -27 -27 -28 -28 -27 -27 -27 -23 -23 -21 -12 -18 -7 -13 -9 -7 -21 -13 -12 -18 -14 -20 -28 -25 -31 -34 -32 127 -128 -128 -128 -128 -128 -128 -128 -128 -128 -128 -128 -128 -128 -128 -128 -128 -128 -128 -128 -128 -128 -128 -128 -128 -128 -128 -128 -128 -128 -128 -128 -128 -128 -128 -128 -128 -128 -128 -128 -128 -128 -128 -128 -128 -128 -128 -128 -128 -128 -128
-1 2 6 90 107 4 0 0 0 37 0 0 32 105 -1 -13 -14 -17 -16 -13 -12 -11 -9 -13 -13 -9 -12 -8 -14 -17 -28 -27 -36 -31 -36 -56 -39 -42 -36 -32 -30 -30 -30 -31 -31 -31 -30 -28 -30 -28 -28 -28 -28 -27 -28 -28 -28 -28 -27 -28 -28 -28 -28 -26 -27 -28 -25 -21 -34 -12 -8 -9 -7 -9 -13 -14 -13 -12 -12 -13 -17 -17 -20 -22 -22 127 -128 -128 -128 -128 -128 -128 -128 -128 -128 -128 -128 -128 -128 -128 -128 -128 -128 -128 -128 -128 -128 -128 -128 -128 -128 -128 -128 -128 -128 -128 -128 -128 -128 -128 -128 -128 -128 -128 -128 -128 -128 -128 -128 -128 -128 -128 -128 -128 -128 -128
111 117 -1 105 26 0 87 118 19 2 0 13 99 -1 -13 -13 -13 -16 -18 -13 -12 -9 -11 -12 -9 -11 -12 -12 -23 -36 -39 -39 -41 -42 -42 -42 -35 -34 -30 -30 -30 -31 -31 -28 -28 -28 -30 -28 -28 -30 -28 -27 -28 -28 -28 -28 -28 -28 -27 -28 -28 -28 -26 -26 -25 -27 -23 -18 -14 -18 -16 -11 -9 -8 -13 -11 -11 -9 -12 -13 -18 -21 -23 -26 127 -128 -128 -128 -128 -128 -128 -128 -128 -128 -128 -128 -128 -128 -128 -128 -128 -128 -128 -128 -128 -128 -128 -128 -128 -128 -128 -128 -128 -128 -128 -128 -128 -128 -128 -128 -128 -128 -128 -128 -128 -128 -128 -128 -128 -128 -128 -128 -128 -128 -128 -128
-1 -1 44 117 0 8 0 10 0 0 0 4 66 -1 -9 -11 -11 -13 -22 -17 -13 -17 -12 -16 -14 -13 -16 -23 -37 -31 -40 -35 -46 -45 -46 -36 -34 -32 -30 -30 -30 -31 -31 -30 -28 -28 -28 -28 -28 -28 -26 -28 -28 -28 -28 -28 -28 -28 -28 -28 -28 -28 -27 -25 -26 -25 -22 -20 -34 -23 -16 -11 -11 -9 -9 -11 -9 -4 -12 -13 -16 -23 -25 -27 120 -128 -128 -128 -128 -128 -128 -128 -128 -128 -128 -128 -128 -128 -128 -128 -128 -128 -128 -128 -128 -128 -128 -128 -128 -128 -128 -128 -128 -128 -128 -128 -128 -128 -128 -128 -128 -128 -128 -128 -128 -128 -128 -128 -128 -128 -128 -128 -128 -128 -128 -128
-1 -1 43 39 0 99 58 62 0 1 7 33 112 -1 -7 -9 -13 -21 -14 -16 -17 -16 -16 -17 -23 -18 -26 -26 -32 -46 -42 -39 -46 -39 -35 -32 -32 -30 -31 -31 -31 -30 -30 -28 -28 -28 -28 -28 -28 -28 -28 -28 -28 -28 -27 -27 -28 -27 -28 -28 -28 -28 -27 -27 -26 -25 -22 -37 -21 -18 -14 -21 -13 -13 -11 -9 -11 -11 -17 -20 -21 -23 127 -6 -128 -128 -128 -128 -128 -128 -128 -128 -128 -128 -128 -128 -128 -128 -128 -128 -128 -128 -128 -128 -128 -128 -128 -128 -128 -128 -128 -128 -128 -128 -128 -128 -128 -128 -128 -128 -128 -128 -128 -128 -128 -128 -128 -128 -128 -128 -128 -128 -128 -128 -128 -128
-1 -1 108 0 18 36 42 33 9 48 19 72 0 -1 -6 -8 -14 -21 -17 -14 -16 -17 -13 -30 -27 -26 -34 -34 -40 -39 -42 -46 -44 -35 -32 -30 -30 -30 -31 -31 -30 -28 -30 -30 -30 -28 -28 -30 -28 -28 -28 -28 -28 -28 -28 -28 -27 -28 -28 -28 -28 -27 -27 -26 -27 -25 -25 -21 -22 -17 -16 -21 -18 -12 -11 -7 -8 -1 -16 -25 -21 -25 127 -3 -128 -128 -128 -128 -128 -128 -128 -128 -128 -128 -128 -128 -128 -128 -128 -128 -128 -128 -128 -128 -128 -128 -128 -128 -128 -128 -128 -128 -128 -128 -128 -128 -128 -128 -128 -128 -128 -128 -128 -128 -128 -128 -128 -128 -128 -128 -128 -128 -128 -128 -128 -128
-1 -1 8 45 32 0 37 0 0 44 13 102 -1 -1 -7 -9 -18 -18 -16 -17 -28 -20 -26 -27 -31 -26 -40 -35 -50 -44 -47 -35 -32 -31 -30 -30 -30 -31 -31 -28 -28 -28 -31 -30 -30 -28 -28 -28 -28 -28 -28 -28 -28 -28 -28 -28 -28 -28 -28 -28 -27 -27 -26 -27 -26 -26 -23 -18 -14 -17 -25 -18 -13 -12 -8 -7 -2 -16 -27 -18 -16 127 -128 -128 -128 -128 -128 -128 -128 -128 -128 -128 -128 -128 -128 -128 -128 -128 -128 -128 -128 -128 -128 -128 -128 -128 -128 -128 -128 -128 -128 -128 -128 -128 -128 -128 -128 -128 -128 -128 -128 -128 -128 -128 -128 -128 -128 -128 -128 -128 -128 -128 -128 -128 -128 -128
-1 -1 102 8 9 49 58 31 7 116 9 14 -116 -1 -3 -11 -14 -22 -18 -18 -22 -22 -25 -27 -27 -32 -45 -46 -45 -42 -35 -32 -32 -30 -30 -31 -28 -28 -28 -28 -30 -28 -30 -30 -30 -30 -28 -28 -28 -28 -28 -28 -28 -28 -28 -28 -28 -27 -30 -27 -27 -28 -26 -25 -25 -26 -25 -16 -22 -20 -20 -18 -11 -9 -8 -16 -14 -22 -22 -18 -21 127 -128 -128 -128 -128 -128 -128 -128 -128 -128 -128 -128 -128 -128 -128 -128 -128 -128 -128 -128 -128 -128 -128 -128 -128 -128 -128 -128 -128 -128 -128 -128 -128 -128 -128 -128 -128 -128 -128 -128 -128 -128 -128 -128 -128 -128 -128 -128 -128 -128 -128 -128 -128 -128 -128
-1 -1 -1 21 32 108 -1 22 99 12 0 0 -1 -1 -20 -13 -18 -18 -17 -20 -22 -34 -25 -28 -30 -41 -44 -49 -37 -34 -31 -31 -30 -30 -30 -28 -28 -30 -30 -28 -28 -28 -28 -28 -27 -28 -28 -28 -28 -28 -28 -28 -28 -28 -28 -28 -26 -31 -28 -34 -27 -28 -28 -26 -26 -26 -31 -32 -20 -21 -17 -11 -7 -11 -17 -11 -9 -11 -12 -11 127 -128 -128 -128 -128 -128 -128 -128 -128 -128 -128 -128 -128 -128 -128 -128 -128 -128 -128 -128 -128 -128 -128 -128 -128 -128 -128 -128 -128 -128 -128 -128 -128 -128 -128 -128 -128 -128 -128 -128 -128 -128 -128 -128 -128 -128 -128 -128 -128 -128 -128 -128 -128 -128 -128 -128
-1 -1 -1 111 37 93 19 12 19 20 18 31 -1 -1 -14 -12 -18 -28 -17 -26 -21 -25 -27 -28 -35 -46 -49 -40 -35 -32 -32 -31 -30 -30 -31 -28 -28 -30 -28 -31 -30 -27 -31 -25 -26 -25 -26 -26 -27 -28 -28 -28 -28 -27 -28 -28 -28 -47 -28 -31 -30 -28 -27 -27 -27 -26 -27 -25 -23 -22 -6 -7 -12 -8 -8 -11 -9 -8 -9 -11 127 -128 -128 -128 -128 -128 -128 -128 -128 -128 -128 -128 -128 -128 -128 -128 -128 -128 -128 -128 -128 -128 -128 -128 -128 -128 -128 -128 -128 -128 -128 -128 -128 -128 -128 -128 -128 -128 -128 -128 -128 -128 -128 -128 -128 -128 -128 -128 -128 -128 -128 -128 -128 -128 -128 -128
-1 -1 -1 32 45 -1 32 10 96 0 0 108 -1 -13 -8 -12 -16 -28 -27 -27 -28 -28 -32 -35 -42 -42 -36 -32 -32 -32 -30 -30 -30 -31 -28 -28 -30 -31 -25 -45 -32 -39 -31 -40 -45 -40 -34 -27 -26 -27 -28 -30 -28 -27 -28 -28 -28 -27 -28 -28 -28 -30 -27 -26 -25 -30 -25 -25 -22 -8 -18 -11 -7 -7 -11 -17 -4 -3 -13 127 -128 -128 -128 -128 -128 -128 -128 -128 -128 -128 -128 -128 -128 -128 -128 -128 -128 -128 -128 -128 -128 -128 -128 -128 -128 -128 -128 -128 -128 -128 -128 -128 -128 -128 -128 -128 -128 -128 -128 -128 -128 -128 -128 -128 -128 -128 -128 -128 -128 -128 -128 -128 -128 -128 -128 -128
-1 -1 33 48 30 110 -1 66 50 -1 -1 114 -1 -8 -8 -12 -11 -25 -25 -20 -21 -28 -32 -36 -36 -40 -36 -30 -32 -30 -30 -30 -31 -31 -28 -28 -28 -31 -28 -40 -32 -30 -30 -28 -30 -31 -31 -31 -26 -35 -31 -30 -28 -30 -28 -28 -30 -28 -28 -28 -28 -28 -27 -27 -26 -26 -25 -21 -16 -17 -34 -9 -8 -8 -8 -11 -13 -11 -21 127 -128 -128 -128 -128 -128 -128 -128 -128 -128 -128 -128 -128 -128 -128 -128 -128 -128 -128 -128 -128 -128 -128 -128 -128 -128 -128 -128 -128 -128 -128 -128 -128 -128 -128 -128 -128 -128 -128 -128 -128 -128 -128 -128 -128 -128 -128 -128 -128 -128 -128 -128 -128 -128 -128 -128 -128
-1 -1 20 60 26 -59 99 26 0 104 -1 -1 -6 -13 -11 -16 -12 -27 -21 -31 -31 -32 -37 -36 -37 -35 -30 -30 -30 -30 -30 -31 -31 -31 -28 -28 -28 -28 -34 -31 -30 -30 -28 -28 -28 -28 -28 -28 -32 -31 -36 -31 -35 -28 -27 -28 -27 -27 -28 -28 -28 -28 -26 -26 -26 -21 -36 -39 -40 -28 -16 -18 -8 -7 -7 -17 -18 -1 -1 -128 -128 -128 -128 -128 -128 -128 -128 -128 -128 -128 -128 -128 -128 -128 -128 -128 -128 -128 -128 -128 -128 -128 -128 -128 -128 -128 -128 -128 -128 -128 -128 -128 -128 -128 -128 -128 -128 -128 -128 -128 -128 -128 -128 -128 -128 -128 -128 -128 -128 -128 -128 -128 -128 -128 -128 -128
-1 -1 -1 -1 -1 65 -1 38 0 -1 -1 -1 -2 -20 -13 -11 -13 -23 -21 -31 -32 -34 -39 -39 -37 -35 -30 -30 -30 -30 -31 -31 -31 -28 -28 -30 -28 -28 -28 -31 -30 -30 -27 -28 -28 -28 -31 -28 -30 -31 -31 -28 -31 -31 -28 -28 -28 -28 -28 -27 -28 -28 -27 -23 -31 -25 -36 -27 -23 -23 -17 -13 -9 -8 -4 -17 -23 127 -8 -128 -128 -128 -128 -128 -128 -128 -128 -128 -128 -128 -128 -128 -128 -128 -128 -128 -128 -128 -128 -128 -128 -128 -128 -128 -128 -128 -128 -128 -128 -128 -128 -128 -128 -128 -128 -128 -128 -128 -128 -128 -128 -128 -128 -128 -128 -128 -128 -128 -128 -128 -128 -128 -128 -128 -128 -128
-1 -1 -1 -1 -1 -1 60 102 -1 -1 -1 -4 -21 -14 -14 -16 -27 -23 -35 -39 -40 -50 -41 -35 -32 -30 -30 -30 -30 -31 -31 -31 -31 -30 -28 -30 -28 -28 -30 -28 -28 -28 -27 -28 -28 -28 -28 -28 -28 -30 -31 -30 -31 -30 -30 -28 -28 -28 -28 -27 -28 -27 -26 -30 -26 -25 -25 -25 -23 -14 -14 -16 -14 -9 -13 -21 127 -1 -128 -128 -128 -128 -128 -128 -128 -128 -128 -128 -128 -128 -128 -128 -128 -128 -128 -128 -128 -128 -128 -128 -128 -128 -128 -128 -128 -128 -128 -128 -128 -128 -128 -128 -128 -128 -128 -128 -128 -128 -128 -128 -128 -128 -128 -128 -128 -128 -128 -128 -128 -128 -128 -128 -128 -128 -128 -128
-1 -1 -1 -1 -1 -1 82 -1 -1 -1 -1 -2 -14 -18 -17 -17 -23 -32 -34 -30 -45 -36 -32 -34 -30 -30 -30 -30 -31 -31 -31 -31 -31 -30 -30 -30 -28 -28 -30 -28 -28 -30 -28 -28 -30 -34 -32 -31 -28 -28 -28 -30 -30 -30 -30 -28 -28 -28 -28 -28 -28 -28 -28 -28 -26 -26 -26 -25 -20 -12 -4 -22 -13 -9 -14 -31 -18 127 -128 -128 -128 -128 -128 -128 -128 -128 -128 -128 -128 -128 -128 -128 -128 -128 -128 -128 -128 -128 -128 -128 -128 -128 -128 -128 -128 -128 -128 -128 -128 -128 -128 -128 -128 -128 -128 -128 -128 -128 -128 -128 -128 -128 -128 -128 -128 -128 -128 -128 -128 -128 -128 -128 -128 -128 -128 -128
-1 -1 -1 -1 -1 -1 -1 -1 -1 -1 -1 -17 -18 -17 -16 -23 -22 -26 -25 -22 -32 -34 -31 -30 -31 -31 -31 -31 -31 -31 -31 -31 -28 -28 -30 -31 -28 -28 -30 -28 -28 -30 -28 -28 -30 -28 -28 -28 -28 -28 -28 -27 -30 -30 -31 -28 -28 -28 -28 -28 -30 -28 -28 -27 -26 -22 -20 -6 -13 -20 -34 -16 -13 -13 -30 -20 127 -128 -128 -128 -128 -128 -128 -128 -128 -128 -128 -128 -128 -128 -128 -128 -128 -128 -128 -128 -128 -128 -128 -128 -128 -128 -128 -128 -128 -128 -128 -128 -128 -128 -128 -128 -128 -128 -128 -128 -128 -128 -128 -128 -128 -128 -128 -128 -128 -128 -128 -128 -128 -128 -128 -128 -128 -128 -128 -128
0 -1 -1 -1 -1 -1 -1 -1 -1 67 -1 -16 -21 -17 -16 -18 -22 -20 -25 -23 -25 -36 -34 -31 -30 -31 -31 -31 -31 -31 -31 -31 -31 -31 -31 -31 -31 -28 -30 -32 -28 -31 -28 -28 -28 -30 -27 -27 -30 -30 -31 -31 -30 -30 -31 -30 -28 -28 -28 -28 -28 -28 -28 -28 -26 -14 -11 -32 -41 -16 -22 -16 -16 -14 -21 -22 -18 -128 -128 -128 -128 -128 -128 -128 -128 -128 -128 -128 -128 -128 -128 -128 -128 -128 -128 -128 -128 -128 -128 -128 -128 -128 -128 -128 -128 -128 -128 -128 -128 -128 -128 -128 -128 -128 -128 -128 -128 -128 -128 -128 -128 -128 -128 -128 -128 -128 -128 -128 -128 -128 -128 -128 -128 -128 -128 -128
