river 6 Ishikari
90 23
89 23
89 22
88 22
88 21
87 21
86 21
85 22
84 22
83 23
82 23
81 23
80 24
80 25
79 26
78 27
77 27
76 28
76 29
75 29
74 29
74 28
river 5 Ussuri
22 24
21 24
20 24
20 23
19 23
19 22
20 21
21 20
21 19
21 18
22 17
23 16
24 15
24 16
24 15
25 14
26 13
25 13
25 12
24 13
23 13
23 12
23 11
23 10
23 9
24 8
25 7
25 6
24 7
25 6
24 6
25 5
25 4
25 3
river 5 Song’acha
18 9
19 9
20 8
21 8
21 7
22 6
21 6
22 6
22 5
23 4
24 3
24 4
25 3
river 5 Ussuri
25 3
26 2
26 3
26 2
27 1
27 0
28 0
river 4 Tone
23 95
22 96
21 97
21 98
21 99
20 100
20 101
20 102
21 102
21 103
22 102
22 103
23 103
24 103
24 104
24 105
24 106
25 106
25 107
26 106
26 107
27 106
28 106
29 106
29 107
30 107
30 108
river 4 Mogami
35 86
35 85
36 85
36 84
37 84
37 83
37 82
38 81
39 80
40 80
41 79
41 78
42 77
41 77
41 76
40 76
40 75
40 74
39 74
river 3 Tumen
-15 30
-15 31
-14 31
-14 32
-13 31
-13 32
-14 33
-14 34
-14 35
-13 35
-13 36
-13 37
-13 38
river 3 Muling
-9 21
-9 20
-8 20
-8 19
-7 19
-7 18
-6 18
-6 17
-5 17
-5 16
-4 16
-4 15
-5 16
-5 15
-4 14
-3 13
-2 12
-1 11
-1 10
0 10
0 9
1 9
1 8
2 8
3 7
4 6
5 5
5 6
6 6
7 6
8 6
9 6
10 5
10 6
11 6
12 5
13 4
14 4
15 3
16 3
17 2
18 2
19 2
20 2
21 2
22 1
22 2
23 1
24 1
25 1
26 0
27 0
28 0
