200 128
101 101 101 -91 -1 -1 -1 -1 -1 -8 -7 -4 -3 -6 -25 -8 -1 -3 -3 -12 -25 -25 -35 -45 -53 -64 -68 -64 -89 -45 -60 -44 -58 -37 -37 -46 -63 -67 -70 -70 -70 -70 -70 -70 -72 -72 -70 -59 -60 -61 -55 -70 -60 -67 -61 -56 -46 -58 -32 -102 83 -18 82 101 84 -1 68 0 -2 -3 -22 -63 -77 -78 -77 -77 -103 -81 -79 -82 -81 -78 -106 -83 -91 -91 -61 -69 -98 -74 -93 -98 -77 -91 -83 -79 -77 -81 -81 -79 -79 -79 -79 -79 -86 -69 -75 -78 -67 -65 -75 -67 -92 -32 -26 -26 -31 -26 -47 -70 -82 -65 -75 -67 -65 -64 -70 -65 -75 -81 -70 -69 -70 -70 -55 -56 -59 -56 -47 -47 -51 -83 -37 -23 -31 -47 -44 -22 -16 -16 -16 -4 -4 -1 -1 -1 -1 -1 -1 -1 -1 -1 -1 -1 -1 -1 -1 -1 -1 -1 -1 -1 -1 -1 -1 -1 -1 -1 -1 -1 -1 -1 -1 -1 -1 -1 53 -1 -1 -1 -1 -1 -1 -1 -1 -1 -1 -1 -1 71
101 101 -1 -1 -1 -1 -1 -1 -4 -11 -4 -25 -7 -7 -4 -12 -8 -3 -4 -14 -25 -25 -36 -35 -44 -53 -64 -46 -39 -37 -37 -40 -37 -36 -36 -53 -64 -69 -72 -70 -70 -68 -72 -69 -74 -74 -59 -59 -58 -60 -59 -56 -63 -64 -47 -36 -36 -1 -107 -93 89 66 102 127 -1 -128 127 -8 -12 -3 -42 -63 -74 -77 -78 -77 -78 -79 -79 -81 -82 -79 -87 -81 -81 -91 -81 -91 -64 -96 -82 -72 -73 -78 -81 -89 -82 -79 -74 -77 -77 -75 -82 -93 -74 -91 -100 -83 -91 -89 -64 -79 -69 -63 -61 -34 -39 -36 -61 -53 -68 -89 -68 -61 -77 -72 -70 -74 -69 -70 -69 -70 -64 -69 -69 -60 -56 -47 -47 -47 -35 -36 -44 -40 -37 -37 -23 -14 -16 -4 -4 -4 -3 -1 -1 -1 -1 -1 -1 -1 -27 -1 -1 -1 -1 -1 -1 -1 -30 -1 -1 -1 -1 -1 -1 -1 -1 -1 -1 -1 -1 -1 -1 -1 -1 70 -1 -1 -1 -1 -1 -1 -1 -1 -1 -1 -1 -6 -1 64
101 -1 -1 -1 -1 -1 -1 -9 -3 -6 -4 -4 -4 -7 -6 -3 -4 -6 -4 -17 -16 -23 -23 -36 -35 -45 -61 -37 -37 -36 -36 -37 -36 -39 -55 -44 -54 -65 -69 -70 -72 -69 -69 -70 -72 -74 -64 -89 -58 -56 -58 -58 -58 -68 -46 -25 -14 -18 0 82 127 125 127 101 -128 -125 -128 43 -1 -1 -17 -21 -61 -77 -75 -77 -75 -78 -78 -78 -78 -79 -78 -78 -79 -78 -84 -88 -89 -42 -61 -93 -70 -77 -69 -83 -79 -81 -79 -79 -79 -79 -79 -79 -78 -79 -78 -73 -92 -77 -96 -98 -87 -89 -83 -82 -35 -36 -61 -61 -42 -51 -77 -61 -74 -72 -70 -70 -70 -70 -70 -70 -69 -70 -69 -69 -68 -55 -46 -46 -37 -47 -42 -37 -39 -70 -25 -12 -4 -4 -4 -4 -1 -6 -1 -1 -1 -1 -1 -1 -1 -1 -1 -1 -1 -1 -1 -1 -1 -1 36 -1 -1 -1 -1 -1 -1 -1 -1 -1 -1 -1 -1 -1 -1 -1 -1 -1 -1 -1 -1 -1 -1 -1 -1 -1 -6 -4 -4 -1
-1 -1 -1 -31 -1 -3 -1 -4 -3 -3 -4 -8 -4 -6 -34 -1 -6 -14 -16 -16 -16 -13 -25 -36 -46 -45 -61 -27 -26 -26 -23 -36 -36 -37 -40 -42 -63 -68 -68 -68 -67 -72 -70 -75 -79 -61 -61 -47 -46 -46 -47 -56 -60 -58 -14 -18 -27 41 -4 -1 -12 -1 -1 -124 -1 0 127 127 -1 -18 -14 -21 -78 -61 -65 -65 -74 -74 -78 -82 -79 -79 -79 -79 -86 -79 -79 -83 -91 -65 -77 -78 -61 -72 -89 -83 -83 -82 -79 -79 -79 -79 -79 -81 -78 -78 -78 -79 -79 -81 -88 -86 -78 -84 -78 -63 -42 -42 -69 -70 -61 -72 -54 -77 -102 -70 -70 -70 -70 -70 -70 -69 -70 -69 -69 -68 -54 -45 -45 -40 -39 -40 -36 -39 -26 -23 -13 -4 -4 -4 -1 -1 -1 -1 -1 -1 -1 -1 -1 -1 -1 -1 -1 -1 -1 -1 -1 -1 79 89 105 -1 -1 -1 -1 -1 -1 -103 -1 -1 -1 -1 -1 -1 -1 -1 -1 -1 -1 -1 -1 -1 -1 -1 -1 -6 -4 -6 -7 -1
-1 -1 -1 -1 -1 -1 -1 -9 -1 -3 -4 -4 -4 -4 -4 -4 -4 -16 -16 -16 -14 -4 -23 -36 -36 -39 -50 -26 -26 -25 -25 -25 -25 -36 -59 -50 -75 -64 -69 -72 -69 -72 -93 -74 -63 -63 -64 -50 -49 -36 -36 -45 -45 -40 -31 -14 -14 -17 -18 -1 -16 -4 -1 60 -1 -14 104 104 127 -1 -14 -14 -3 -32 -54 -61 -63 -65 -75 -78 -78 -79 -79 -79 -79 -79 -83 -86 -78 -79 -98 -70 -70 -69 -73 -79 -77 -83 -103 -82 -82 -81 -78 -81 -81 -81 -81 -96 -79 -79 -79 -81 -82 -89 -91 -77 -69 -65 -42 -61 -60 -82 -69 -73 -83 -70 -70 -70 -70 -70 -70 -69 -69 -69 -69 -58 -53 -36 -36 -41 -37 -36 -23 -25 -26 -14 -13 -4 -4 -30 -1 -1 -1 -1 -1 -1 -1 -1 -1 -1 -1 -1 -1 -1 -1 -1 -1 -1 41 104 76 43 -1 -1 -1 -1 58 -108 -23 -1 -1 -1 -1 -1 -1 -1 -1 -1 -1 -1 -1 -1 -1 -1 -6 -7 -4 -3 -4 -31
-1 -1 -1 -1 -4 -6 -1 -1 -6 -1 -1 -1 -7 -4 -9 -18 -14 -16 -17 -18 -25 -4 -12 -22 -45 -23 -14 -14 -14 -16 -20 -14 -22 -34 -44 -54 -65 -69 -70 -102 -73 -75 -73 -69 -61 -59 -49 -37 -37 -25 -25 -35 -35 -13 -8 -3 -3 -14 -20 -1 -1 113 42 -1 -3 -16 -20 -14 -20 -14 -9 -6 -6 -13 -34 -55 -54 -63 -64 -74 -77 -79 -79 -79 -79 -78 -79 -78 -79 -78 -87 -72 -70 -91 -73 -77 -74 -72 -98 -94 -84 -81 -81 -82 -81 -79 -79 -79 -79 -81 -79 -81 -79 -78 -83 -72 -64 -83 -34 -75 -70 -72 -72 -70 -70 -70 -70 -73 -70 -69 -69 -68 -67 -56 -58 -56 -22 -41 -26 -26 -25 -25 -14 -16 -14 -14 -3 -1 -1 -1 -1 -1 -1 -1 -1 -100 -6 -1 -1 -1 -1 -1 -1 -1 -1 -1 -1 43 68 118 -121 65 -1 -1 -1 -1 -3 -1 -1 -1 -1 -18 -1 -1 -1 -1 -1 -1 -1 -1 -1 -1 -1 -1 -6 -6 -4 -4 -20 -54
-1 -1 -1 -1 -1 -1 -1 -1 -1 -1 -1 -1 -7 -18 -18 -16 -14 -28 -1 -3 -96 -1 -1 -3 -14 -16 -14 -14 -18 -14 -16 -16 -23 -14 -12 -34 -42 -55 -69 -70 -72 -70 -74 -77 -69 -59 -64 -39 -26 -27 -14 -18 -14 -6 -13 -1 -1 -1 -14 -7 -1 56 108 -1 -3 -1 -3 -14 -26 -105 -3 -3 -4 -14 -14 -26 -34 -53 -64 -64 -79 -77 -79 -79 -79 -78 -79 -79 -79 -79 -79 -103 -96 -83 -96 -78 -70 -75 -82 -81 -82 -100 -79 -82 -78 -79 -79 -79 -79 -79 -79 -79 -79 -81 -83 -73 -63 -67 -35 -65 -56 -79 -75 -73 -70 -70 -70 -69 -69 -69 -68 -69 -55 -55 -45 -46 -23 -21 -34 -25 -14 -14 -14 -14 -16 -4 -3 -1 -1 -1 -1 -1 -1 -1 -1 39 61 -1 -1 -36 -1 -1 -1 -1 -1 -1 35 -1 30 36 48 83 120 -84 -1 -1 -1 -1 -1 -1 -1 -1 -1 -1 -1 -28 -1 -1 -1 -1 -1 -1 -1 -4 -6 -4 -4 -18 -44 -28
-1 -1 -1 -1 -1 -1 -1 -1 -1 -1 -1 -6 -16 -16 -14 -51 -107 -111 116 106 107 -105 41 -1 -14 -13 -27 -16 -16 -14 -22 -14 -14 -14 -16 -14 -12 -34 -61 -70 -72 -103 -74 -65 -68 -56 -36 -47 -16 -17 -16 -22 -7 -1 -1 -1 -1 -1 -3 -8 -3 -1 -11 -3 -23 -3 -1 -13 -1 -6 -1 -3 -4 -14 -14 -14 -23 -44 -54 -63 -63 -74 -78 -79 -79 -77 -82 -79 -79 -79 -79 -84 -79 -96 -73 -75 -91 -98 -69 -72 -88 -78 -69 -84 -79 -79 -79 -79 -79 -81 -79 -79 -79 -79 -82 -77 -78 -35 -54 -65 -74 -73 -72 -69 -70 -70 -70 -67 -69 -67 -87 -55 -45 -34 -46 -14 -18 -14 -16 -16 -16 -16 -16 -16 -3 -1 -1 -1 -1 -1 -1 -1 -1 -1 -1 74 -1 -1 -1 -1 -1 -1 -1 -1 29 31 48 39 21 39 59 97 53 -8 -1 -1 -1 -1 -1 -1 -1 -1 -1 -1 -1 -1 -1 -3 -8 -9 -1 -1 -1 -7 -54 -6 -51 -45 -42 -73
-1 -1 -1 -1 -1 -1 -1 -1 -1 -1 -1 -3 -17 -14 16 -128 -22 -96 85 107 114 81 88 -105 -3 -12 -26 -32 -4 -14 -14 -21 -16 -14 -23 -4 -23 -9 -11 -51 -68 -70 -67 -73 -68 -59 -50 -16 -16 -14 -16 -18 -28 -13 -12 -1 -1 -1 -1 -1 -1 -1 -1 -4 -3 -20 -21 -8 -13 -14 -4 -14 -14 -16 -14 -22 -20 -3 -22 -32 -42 -61 -65 -77 -78 -74 -78 -77 -77 -77 -78 -78 -79 -78 -78 -89 -94 -98 -69 -72 -77 -103 -75 -73 -84 -86 -83 -84 -79 -79 -79 -79 -79 -79 -82 -77 -75 -82 -42 -67 -61 -70 -70 -68 -70 -70 -69 -67 -65 -70 -54 -45 -34 -25 -25 -14 -16 -16 -16 -16 -16 -16 -4 -4 -3 -1 -1 -1 -1 -1 -1 -1 -1 -1 -1 -83 -106 -1 -1 -1 -1 -1 -1 -101 26 37 41 22 65 60 26 66 -102 -1 -1 -1 -1 -1 -1 -1 -1 -1 -1 -1 -1 -1 -3 -9 -1 -1 -1 -1 -1 -42 -42 -41 -59 -83 -44 -73
-1 -1 -1 -1 -1 -1 -1 -1 -1 -1 -4 -14 -20 -1 0 112 101 96 95 84 101 93 113 27 -1 48 -1 -37 -14 -14 -14 -22 -21 -23 -17 -1 -3 -3 -8 -21 -63 -68 -58 -63 -60 -45 -21 -17 -22 -16 -16 -16 -61 -16 -3 -4 -1 -1 -1 -1 -1 -4 -8 -3 -14 -17 -21 -28 -4 -14 -26 -114 -3 -14 -18 -17 -22 -3 -4 -14 -63 -42 -61 -64 -77 -72 -77 -73 -75 -77 -77 -78 -78 -78 -78 -78 -77 -72 -97 -96 -98 -72 -77 -88 -74 -70 -79 -83 -103 -78 -78 -79 -84 -79 -79 -81 -83 -67 -44 -63 -67 -81 -72 -70 -70 -67 -61 -53 -47 -44 -21 -12 -14 -3 -14 -14 -16 -16 -16 -16 -16 -3 -4 -4 -1 -1 -1 -1 -1 -1 -1 -1 -1 -1 -1 -1 -1 -1 -1 -1 -1 39 21 66 73 48 76 42 70 110 62 0 -1 -1 -1 -1 -1 -1 -1 -1 -1 -1 -1 -9 -1 -1 -1 -4 -7 -3 -1 -1 -6 -1 -81 -78 -72 -61 -81 -44
-1 -1 -1 -1 -1 -1 -1 -1 -1 -1 -1 -17 -12 88 113 54 77 100 91 74 84 81 90 96 59 -101 -1 -1 -11 -1 -20 -3 -3 -18 -18 -14 -22 -16 -128 -3 -1 -32 -55 -63 -54 -26 -14 -14 -17 -14 -14 -17 -16 -21 -37 -11 -6 -6 -7 -1 -6 -6 -7 -9 -37 -14 -3 -14 -21 -20 -17 -21 -3 -9 -14 -14 -21 -4 -4 -4 -16 -6 -14 -21 -61 -67 -65 -70 -72 -64 -64 -74 -77 -78 -79 -78 -79 -84 -81 -70 -69 -77 -94 -70 -79 -87 -70 -72 -98 -77 -82 -79 -79 -79 -78 -78 -78 -70 -59 -58 -44 -54 -60 -75 -69 -55 -55 -55 -44 -36 -14 -14 -35 -4 -17 -4 -4 -4 -4 -4 -4 -3 -4 -1 -1 -1 -1 -1 -1 -1 -1 -1 -1 -1 -1 -1 -1 -1 -1 -1 43 97 120 83 79 20 108 88 102 90 -1 -1 -1 -1 -1 -1 -1 -6 -1 -1 -1 -1 -1 -1 -11 -3 -3 -18 -6 -7 -1 -4 -7 -4 -64 -83 -81 -54 -86 -49
-1 -1 -1 -1 -1 -1 -1 -1 -1 -1 -3 -36 76 111 99 83 71 91 94 85 81 96 89 81 106 -13 88 96 -103 -1 37 37 -128 -7 -1 -44 -21 -22 -107 -103 62 -12 -21 -21 -14 -3 -14 -14 -14 -14 -22 -18 -16 -16 -23 -16 -8 -8 -4 -3 -8 -7 -17 -7 -4 -6 -8 -4 -14 -14 -16 -17 -17 -16 -17 -12 -1 -1 -3 -20 -3 -16 -14 -14 -32 -64 -68 -65 -65 -70 -70 -65 -75 -103 -78 -78 -79 -79 -82 -97 -69 -70 -87 -84 -77 -61 -98 -98 -83 -70 -79 -79 -79 -98 -78 -78 -78 -72 -59 -45 -64 -46 -54 -56 -55 -55 -44 -47 -23 -14 -3 -4 -4 -4 -4 -4 -4 -4 -4 -1 -1 -1 -1 -1 -1 -1 -1 -1 -1 -1 -1 -1 -1 -1 -1 -1 -1 -1 -98 110 49 122 70 67 119 76 54 39 47 -1 -1 -1 -1 -1 -1 -1 -1 -1 -1 -1 -1 -1 -1 -1 -1 -1 -9 -1 -8 -3 -1 -13 -4 -75 -89 -69 -64 -55 -46 -68
-1 -1 -1 -1 -1 -1 -1 -1 -1 -1 -3 -14 72 97 88 111 83 85 81 101 81 100 95 100 106 108 50 56 93 114 -89 -128 113 112 83 108 0 -128 -125 -115 30 -1 -70 -22 -3 -13 -7 -16 -16 -20 -17 -14 -16 -14 -16 -20 -23 -30 -22 -16 -20 -14 -17 -20 -6 -7 -4 -3 -9 -7 -13 -14 -16 -16 -20 -14 -34 -3 -4 -32 -16 -7 -6 -13 -16 -34 -53 -65 -63 -88 -67 -70 -69 -65 -65 -75 -79 -79 -79 -81 -77 -86 -86 -73 -69 -78 -89 -97 -70 -93 -78 -78 -86 -78 -78 -78 -78 -77 -63 -65 -35 -34 -47 -65 -54 -45 -34 -3 -2 -4 -4 -4 -1 -1 -1 -1 -1 -1 -1 -1 -1 -1 -1 -1 -1 -1 -6 -1 -1 -1 -1 -1 -1 -1 -1 -1 -1 -1 83 120 85 113 87 118 111 45 120 53 -1 21 -1 -1 -1 -1 -1 -4 -1 -1 -1 -1 -1 -1 -1 -9 -1 -20 -1 -8 -3 -6 -3 -7 -40 -83 -64 -69 -64 -65 -78 -53
-1 -1 -1 -1 -1 -1 -1 -1 -1 -1 -3 -31 48 61 85 94 104 99 76 90 66 97 110 82 113 107 90 114 64 83 79 111 113 104 101 111 77 108 -128 -93 -102 0 0 -96 -88 -35 -12 -14 -16 -18 -16 -14 -23 -16 -18 -14 -18 -21 -20 -18 -30 -22 -18 -4 -7 -3 -8 -3 -17 -6 -9 -14 -14 -17 -14 -92 -17 41 -28 -32 -27 -3 -12 -16 -14 -42 -42 -44 -53 -53 -63 -65 -70 -70 -67 -67 -78 -79 -78 -77 -81 -75 -78 -91 -81 -69 -74 -84 -65 -98 -83 -78 -79 -78 -78 -79 -77 -73 -67 -54 -41 -36 -56 -46 -45 -34 -6 -1 -1 -1 -1 -1 -1 -1 -1 -1 -1 -1 -1 -1 -1 -1 -1 -1 -1 -1 -1 -40 -1 -1 -1 -1 -1 -1 -1 -1 -1 39 70 104 97 108 110 111 73 104 54 0 14 -1 -1 -1 -1 -1 -4 -3 -3 -1 -8 -1 -1 -7 -6 -4 -6 -8 -6 -3 -8 -30 -3 -8 -69 -68 -74 -69 -68 -65 -65 -64
58 -1 -1 -1 -1 -1 -1 -1 -1 -1 -1 -3 -27 -21 52 68 95 107 44 64 88 104 99 101 88 0 116 112 4 116 0 93 0 81 0 0 0 -45 102 0 18 56 97 90 -7 -14 -3 -9 -14 -18 -16 -14 -14 -20 -14 -16 -16 -16 -17 -18 -16 -17 -20 -22 -8 -4 -4 -21 -7 -6 -14 -18 -16 -4 -14 -14 12 -2 0 -17 -92 -94 -30 -25 -14 -14 -22 -23 -35 -44 -46 -64 -64 -68 -69 -70 -67 -64 -77 -79 -65 -79 -79 -81 -79 -77 -87 -91 -69 -97 -88 -70 -79 -79 -78 -79 -78 -78 -78 -61 -46 -58 -49 -47 -35 -23 -13 -1 -1 -1 -1 -1 -1 -1 -1 -1 -1 -1 -1 -1 -1 -1 -1 -1 -1 -1 -1 -1 -1 -1 -1 -1 -1 -1 -1 -1 -1 90 39 123 96 116 71 106 82 99 90 32 50 42 -1 -1 -1 -1 -1 -1 -1 -8 -3 -6 -6 -11 -6 -4 -4 -4 -4 -68 -42 -72 -56 -67 -65 -78 -74 -81 -81 -82 -65 -65
59 -1 -1 -1 -1 -1 -1 -1 53 59 -1 -1 -12 -45 -41 37 -128 35 102 -77 106 114 111 0 72 78 107 85 -88 90 108 31 113 106 96 94 112 100 78 97 8 108 88 -105 -128 -106 -116 -1 -16 -17 -16 -18 -16 -14 -16 -16 -17 -17 -14 -17 -16 -14 -14 -16 -22 -13 -3 -14 -17 -17 -14 -16 -21 -7 -14 -17 -112 -2 -13 -45 127 -1 -1 -6 -1 -16 -27 -26 -26 -34 -54 -53 -65 -63 -70 -69 -67 -70 -77 -61 -64 -64 -67 -79 -81 -79 -77 -70 -88 -96 -81 -88 -92 -79 -79 -77 -78 -77 -63 -58 -58 -63 -49 -35 -23 -3 -3 -1 -1 -1 -1 -1 -1 -1 -1 -1 -1 -1 -1 -1 -1 -1 -1 -1 -1 -1 -1 -1 -1 -1 -39 -1 -1 -1 -1 -1 29 83 47 83 118 78 111 91 97 71 9 48 43 15 -1 -22 -1 -1 -1 -1 -6 -7 -4 -4 -4 -3 -26 -4 -7 -6 -21 -74 -81 -70 -70 -75 -72 -69 -79 -82 -83 -79 -69 -61
59 58 -1 -1 -1 -1 -1 60 55 49 -105 -1 -1 -47 -17 -3 -101 45 44 61 106 114 0 88 108 108 77 90 96 101 108 110 114 104 99 -39 95 113 30 107 110 0 82 0 90 89 105 -1 -1 -14 -20 -17 -21 -14 -20 -14 -18 -54 -17 -18 -3 -4 -3 -14 -14 -22 -4 -4 -14 -18 -18 -18 -23 -21 -17 -22 -30 -4 -2 -12 -12 0 -1 -1 -28 -34 -27 -30 -26 -26 -23 -44 -44 -42 -53 -54 -63 -65 -67 -72 -70 -70 -70 -68 -78 -79 -78 -72 -72 -77 -82 -77 -82 -75 -78 -78 -78 -79 -78 -79 -87 -63 -56 -35 -12 -3 -1 -1 -1 -1 -1 -1 -1 -1 -1 -1 -1 -1 -1 -1 -1 -1 -1 -1 -1 -1 -1 -1 -1 -1 -1 -1 -1 -1 -1 82 99 100 43 106 107 111 120 61 53 77 45 47 16 85 -1 -1 -1 -1 -8 -8 -3 -8 -13 -3 -6 -4 -7 -3 -3 -13 -65 -75 -61 -91 -83 -78 -69 -79 -78 -78 -81 -79 -75 -78
59 59 -1 -1 -128 61 54 59 59 59 59 59 -1 -14 -1 60 76 0 55 88 83 107 -102 113 93 89 90 97 91 -49 113 106 88 90 -1 108 113 111 90 104 106 112 114 108 108 42 84 107 -103 -22 -14 -22 -14 -14 -14 -14 -16 -25 -21 -23 -6 -4 -3 -3 -14 -21 -7 -22 -17 -18 -21 -16 -14 -17 -22 -17 -12 -14 -14 107 127 127 127 -106 127 -27 -26 -28 -26 -27 -23 -22 -34 -34 -34 -44 -54 -65 -65 -65 -65 -70 -70 -68 -67 -81 -78 -69 -70 -73 -106 -77 -82 -72 -78 -78 -78 -79 -79 -67 -69 -54 -44 -34 -3 -1 -1 -1 -1 -1 -1 -1 -1 -1 -1 -1 -1 -1 -1 -2 -1 -1 -1 -1 -1 -1 -1 -1 -1 -1 -1 -1 -1 -1 59 120 66 22 70 83 82 81 87 104 22 72 29 37 -111 -1 -117 31 -1 21 -94 -11 -8 -3 -20 -4 -7 -3 -12 -13 -3 -45 -91 -82 -67 -83 -77 -79 -75 -79 -79 -79 -79 -78 -77 -64
61 58 60 -1 -97 0 59 60 56 60 -1 -1 -1 -1 -108 59 59 64 72 66 78 116 111 108 94 101 96 104 111 78 99 96 104 85 -1 93 113 76 114 106 94 91 0 102 106 113 112 59 -7 -30 -16 -16 -23 -14 -18 -17 -14 -16 -14 -18 -21 -23 -6 -4 -16 -17 -21 -8 -14 -16 -16 -25 -14 -17 -16 -17 -17 -7 -3 -1 -1 -30 0 -22 12 -22 -26 -26 -27 -14 -3 -13 -53 -14 -14 -13 -22 -44 -54 -54 -68 -63 -67 -70 -70 -68 -67 -68 -69 -70 -91 -84 -98 -78 -87 -78 -79 -78 -77 -68 -68 -65 -55 -11 -3 -1 -1 -1 -1 -1 -1 -1 -1 -1 -1 -1 -1 -1 -1 -1 -1 -1 -1 -1 -1 -1 -1 -1 -1 -1 -1 -1 -1 -1 -23 -94 -1 38 39 66 82 65 90 32 68 102 33 32 33 41 36 32 3 66 76 19 -11 -35 -12 -4 -23 -11 -36 -58 -3 -46 -89 -92 -75 -67 -83 -79 -81 -81 -79 -79 -79 -78 -75 -74
61 59 59 61 52 -128 48 -1 -1 -102 -1 -1 -1 38 42 -46 -1 50 42 66 78 77 90 90 70 91 100 83 68 95 101 100 88 99 105 64 81 99 76 89 90 104 90 112 99 88 81 79 -22 -108 -13 -16 -18 -20 -18 -14 -14 -16 -16 -18 -18 -6 -4 -7 -18 -18 -20 -18 -21 -20 -14 -18 -14 -14 -21 -16 -14 -7 -4 -14 -4 -13 -21 -17 -14 -26 -59 -27 -14 -1 -3 -4 -14 -18 -17 -14 -4 -12 -12 -34 -54 -67 -64 -72 -72 -70 -69 -69 -68 -69 -70 -65 -89 -77 -78 -75 -77 -79 -67 -65 -64 -65 -21 -37 -1 -1 -1 -1 -1 -1 -1 -1 -1 -1 -1 -1 -1 -1 -1 -1 -1 -1 -1 -1 -1 -1 -1 -1 -1 -1 -1 -1 -1 39 39 -1 -1 38 37 55 42 118 56 8 53 99 22 38 19 39 37 45 26 50 -7 -3 -17 -1 -6 -47 -42 -91 -70 -87 -78 -67 -87 -87 -79 -83 -81 -79 -82 -79 -78 -79 -82 -79 -77 -73
59 60 56 58 50 -1 31 -2 -128 -1 -1 -1 -128 37 60 54 -1 -1 49 76 99 76 54 78 83 82 49 97 36 68 81 99 88 84 87 68 77 73 85 78 72 76 90 90 100 83 0 0 88 113 -121 -14 -14 -16 -17 -20 -18 -16 -14 -14 -14 -7 -13 -3 -14 -14 -16 -18 -22 -16 -14 -16 -17 -46 -14 -16 -16 -16 -6 -6 -20 -7 -4 -20 -20 -17 -28 -27 -22 -1 -1 -3 -3 -14 -14 -16 -3 -1 -2 -16 -12 -34 -53 -54 -65 -75 -70 -70 -70 -70 -70 -70 -67 -82 -70 -75 -77 -67 -72 -67 -64 -73 -44 -3 -3 -1 -1 -1 -1 -1 -1 -74 -1 -1 -1 -1 -1 -1 -1 -1 -1 -1 -1 -1 -1 -1 -1 -1 -1 -1 -1 -1 -1 -1 38 -1 44 19 49 65 117 116 119 77 13 37 39 9 43 73 39 54 122 0 -1 -1 -8 -22 -36 -64 -69 -75 -84 -68 -84 -78 -81 -82 -79 -78 -83 -82 -81 -79 -79 -79 -79 -79 -78 -74
56 52 52 53 55 -1 -1 56 41 -1 -1 60 67 61 76 73 60 59 74 83 73 59 93 54 68 68 41 58 81 68 81 85 83 64 81 66 59 58 59 79 0 87 74 85 90 106 66 93 61 82 -13 -20 -16 -17 -16 -14 -20 -14 -14 -20 -14 -6 -4 -3 -6 -16 -16 -16 -14 -14 -14 -18 -16 -23 -18 -21 -4 -4 -3 -14 -17 -4 -20 -16 -18 -30 -26 -16 -1 -1 -4 -12 -4 -16 -16 -20 -116 -1 -1 38 -3 -47 -32 -44 -84 -70 -70 -70 -70 -70 -70 -70 -72 -78 -77 -69 -68 -67 -70 -67 -61 -42 -3 -1 -1 -1 -1 -1 -1 -1 -1 -1 -1 -1 -1 -1 -1 -1 -1 -1 -1 -1 -1 -1 -1 -1 -1 -1 -1 -1 -1 -1 -1 -1 43 68 84 97 94 102 83 118 124 62 20 52 37 24 44 114 22 87 55 24 -1 -54 -69 -83 -81 -75 -84 -74 -69 -81 -81 -81 -74 -79 -81 -79 -81 -79 -79 -82 -78 -81 -82 -77 -77 -74
59 58 59 53 -106 -1 59 61 -1 -106 -77 53 66 73 83 -1 -1 49 52 48 50 78 47 54 -128 -1 -1 -1 -12 -114 50 66 68 44 49 -101 58 42 58 64 73 62 74 83 88 83 59 78 73 64 72 -22 -17 -14 -18 -16 -16 -17 -16 -16 -17 -20 -16 -4 -4 -16 -17 -17 -21 -4 -3 -17 -17 -16 -20 -23 -21 -4 -8 -11 -20 -17 -14 -14 -27 -26 -27 -26 -16 -1 -1 -1 -4 -14 -16 -16 -16 -4 41 127 38 -1 -9 -23 -75 -63 -63 -69 -70 -70 -70 -70 -70 -69 -68 -67 -70 -67 -65 -67 -63 -44 -3 -1 -1 -1 -1 -1 -1 -1 -1 -1 -1 -1 -1 -1 -1 -1 -1 -1 -1 -1 -1 -1 -1 -1 -1 -1 -1 -1 -1 -1 -1 41 24 105 79 72 97 82 112 113 117 84 26 44 31 39 37 70 27 110 67 93 -1 -1 -55 -87 -69 -63 -101 -82 -86 -77 -79 -78 -89 -78 -79 -79 -79 -81 -81 -79 -78 -81 -79 -77 -86 -79
53 53 59 60 47 -1 -1 -1 60 49 61 65 66 77 82 -91 50 54 -1 45 35 -46 32 -1 -1 -1 -1 -3 -1 -1 -1 -1 -119 -1 -2 -1 -1 52 64 56 72 76 78 71 96 -70 15 0 -128 -22 -14 -22 -16 -16 -16 -17 -14 -6 -18 -14 -17 -17 -16 -26 -16 -18 -16 -14 -16 -4 -16 -14 -16 -16 -14 -13 -21 -17 -18 -20 -30 -16 -14 -14 -14 -26 -14 -14 -1 -6 -1 -1 -4 -14 -14 -14 -4 -128 127 127 -1 -1 -14 -23 -44 -55 -65 -67 -70 -70 -70 -70 -96 -69 -67 -68 -72 -65 -65 -53 -32 -3 -1 -1 -1 -1 -1 -1 -1 -1 -1 -1 -1 -1 35 -1 -1 -1 -1 -1 -1 -1 -1 -1 -1 -1 -1 -1 -1 -1 -1 -1 43 122 107 113 110 73 72 114 97 119 90 89 30 33 90 119 120 41 32 83 99 50 -1 -39 -63 -89 -75 -77 -77 -82 -84 -79 -78 -87 -79 -81 -78 -79 -79 -81 -78 -78 -79 -83 -82 -75 -75 -78
61 59 56 56 62 59 -117 -1 -1 61 44 49 62 64 66 61 59 59 53 58 56 44 59 -1 -1 -1 -1 -3 -4 -1 -1 -1 -1 -4 -1 -1 -1 0 52 68 76 70 72 81 81 0 49 54 105 72 -1 -3 -18 -14 -3 -16 -17 -18 -17 -16 -18 -18 -16 -21 -18 -18 -18 -16 -16 -16 -18 -14 -14 -14 -14 -4 -3 -8 -21 -16 -16 -17 -17 -18 -16 -14 -14 -18 -22 0 -7 -1 -1 -7 -14 -12 -2 0 0 -107 37 -1 -1 -17 -21 -51 -44 -73 -65 -69 -65 -67 -65 -69 -68 -70 -65 -69 -72 -51 -34 -1 -1 -1 -1 -1 -1 -1 -1 -1 -1 -1 30 37 37 -1 -1 -1 -1 -1 -1 -1 -1 -1 -1 -1 -1 -1 -1 -1 -1 -1 50 122 119 119 102 104 117 113 112 81 99 76 43 37 35 19 43 102 62 72 88 110 0 -1 -51 -81 -86 -77 -89 -77 -89 -81 -82 -78 -81 -79 -79 -79 -112 -82 -79 -81 -82 -81 -77 -79 -79 -78
59 53 59 -75 62 58 33 -1 -1 -1 -128 49 66 71 61 52 53 21 59 -1 56 56 36 -1 -1 -1 -4 -1 -1 -98 39 -1 -1 -1 -1 -1 -1 53 56 58 76 77 74 84 2 52 59 84 35 -128 -14 -16 -18 -6 -4 -14 -21 -21 -14 -20 -21 -18 -16 -18 -17 -16 -14 -16 -16 -14 -14 -3 -6 -4 -6 -7 -6 -13 -14 -16 -14 -14 -16 -16 -28 -18 -14 -16 -4 -4 -17 -1 -6 -4 -17 -7 -1 -121 37 32 56 27 -18 -16 -16 -14 -55 -61 -63 -65 -65 -65 -67 -67 -65 -64 -65 -54 -56 -22 -1 -1 -1 -1 -1 -1 -1 -1 36 22 33 -1 -1 -1 -1 -1 -1 -1 -1 -1 -1 -1 -1 -1 -1 -1 -1 -98 -1 -1 -1 0 93 61 60 32 122 107 72 76 66 105 116 118 81 31 44 27 48 110 73 87 105 10 -1 -9 -81 -81 -84 -82 -86 -81 -79 -81 -81 -79 -78 -81 -81 -79 -79 -77 -83 -78 -78 -89 -79 -81 -75 -67
58 59 59 50 56 59 -1 -1 -1 -1 -1 -1 58 49 56 36 -1 -1 -1 -102 -84 59 -3 -1 -1 -4 -4 -1 -103 54 61 56 59 59 60 61 -1 59 54 64 58 68 81 84 97 35 56 30 47 55 -20 -6 -17 -4 -4 -16 -18 -18 -16 -22 -16 -25 -16 -16 -18 -14 -23 -14 -20 -49 -4 -6 -6 -4 -1 -1 -4 -18 -2 -3 -4 -14 -16 -17 -16 -16 -16 -16 -14 -3 -1 -1 -8 -14 -4 -22 -11 -9 -1 127 47 97 -36 -98 -1 -6 -16 -22 -35 -56 -55 -56 -55 -56 -65 -64 -54 -56 -45 -34 -36 -1 -1 -1 -1 -1 -1 -96 -1 37 37 36 -1 -1 -1 -1 -1 -1 -1 -1 -1 -1 -1 -1 -1 -1 29 37 38 -105 -42 -108 110 71 101 83 122 104 81 91 122 118 120 43 119 32 54 12 48 122 70 122 102 48 0 -1 -54 -91 -72 -81 -78 -81 -86 -82 -79 -81 -78 -82 -81 -77 -79 -78 -74 -69 -61 -37 -44 -69 -79 -68
59 55 59 59 59 -128 -1 -1 -1 -1 -1 -1 -107 47 -102 -3 -11 -6 -12 -1 -1 22 -128 37 -1 -1 -1 58 60 58 59 56 60 56 61 58 55 58 59 70 95 85 0 81 67 56 53 43 1 35 -9 -14 -4 -4 -4 -16 -16 -14 -17 -14 -16 -14 -16 -17 -21 -18 -16 -6 -4 -3 -6 -9 -9 -1 -7 -6 -3 -3 -12 -16 -3 -2 -14 -16 -14 -14 -18 -17 -6 -1 -1 -1 -4 -1 -9 -3 -4 -13 -1 21 30 127 4 44 -1 -18 -25 -45 -12 -23 -35 -45 -46 -55 -55 -56 -45 -46 -22 -1 -8 -1 -1 -1 -1 -1 38 22 36 37 37 -1 -1 -1 -1 -1 -1 -1 -1 -1 -1 -1 -1 -1 -1 33 32 35 27 36 0 35 16 0 44 101 101 61 27 112 111 74 89 96 61 65 41 32 124 108 107 122 93 79 -13 -31 -60 -69 -68 -78 -79 -82 -82 -82 -79 -79 -79 -81 -82 -81 -81 -51 -23 -32 -37 -35 -25 -55 -74 -51
49 49 56 0 59 61 59 -1 -1 -1 -1 -1 -1 -1 -1 -1 -94 -4 -3 -1 -1 -1 -1 -107 -128 58 58 60 60 61 61 73 71 60 62 58 66 61 62 66 90 -70 0 45 85 47 73 59 66 55 62 -3 -6 -3 -6 -16 -14 -44 -14 -17 -16 -16 -16 -14 -17 -16 -16 -7 -9 -6 -13 -21 -16 -7 -3 -1 -1 -112 -3 -3 -2 -3 -14 -14 -16 -16 -16 -14 -8 -4 -1 -1 -3 -1 -4 -3 -1 -1 -1 -1 -1 -1 -94 125 96 -128 -1 -1 -1 -18 -14 -14 -36 -45 -70 -34 -35 -35 -21 -1 -1 -1 -1 -1 -1 -1 -1 29 31 22 -1 -1 -1 -1 -1 -1 -1 -1 -1 -1 -1 -1 -1 -1 -1 31 37 37 37 29 36 33 0 33 22 65 73 35 112 101 116 85 67 94 95 65 15 64 61 117 112 0 49 77 94 -12 -67 -88 -77 -75 -87 -79 -81 -82 -79 -81 -81 -81 -81 -81 -70 -44 -58 -63 -55 -67 -64 -73 -13 -44
59 59 0 53 60 52 59 -1 -1 -1 -1 -1 -1 -1 -6 -108 -1 -128 -6 -35 -8 -1 -2 -116 -103 59 56 43 61 -51 71 68 61 56 62 58 64 83 83 74 -46 30 30 0 96 2 20 74 77 52 41 -4 -4 -4 -4 -16 -14 -3 -14 -14 -20 -17 -16 -31 -16 -14 -18 -9 -21 -16 -3 -4 56 81 88 127 127 127 58 50 127 127 -11 -30 -16 -17 -14 -16 -4 -1 -7 -13 -1 -11 -6 -1 -1 -1 -1 -1 -1 -4 58 16 -11 -74 -107 -7 -20 -14 -3 -14 -12 -23 -12 -2 -2 -1 -1 -1 -1 -1 -1 -1 -1 -1 -1 18 67 -41 -1 -1 -1 -1 -1 -1 -1 -1 -1 -1 -1 -1 -1 -1 36 39 38 38 31 37 32 43 36 38 30 30 37 62 87 105 111 61 112 111 101 59 43 50 13 111 90 107 106 112 71 -65 -91 -87 -65 -78 -88 -78 -82 -82 -83 -79 -79 -75 -78 -79 -32 -82 -91 -61 -70 -61 -54 -42 -2 -55
61 56 47 56 58 54 60 66 56 -1 -1 -1 -1 -4 -2 -8 -9 -8 -45 -1 -1 -4 -1 -1 26 59 59 47 59 61 65 65 55 -83 60 66 -105 54 68 78 22 72 -69 0 0 73 61 20 54 74 70 -3 -6 -4 -4 -18 -3 -1 -3 -14 -3 -3 -17 -14 -14 -16 -18 -16 -3 -4 -3 -1 105 110 127 117 105 112 105 107 73 70 -1 -12 -14 -4 -4 -3 -3 -1 -1 -1 -1 -9 -12 -1 -1 -1 -1 -1 -1 -3 0 -6 -14 -17 -3 -14 -14 -2 -1 -1 -1 -1 -1 -1 -1 -1 -1 -1 -1 -1 -1 -1 -1 -1 -1 -1 -1 -1 -6 -120 31 37 -1 -1 -1 -1 37 -63 -1 38 37 -107 36 42 33 31 21 35 29 37 12 96 117 82 35 60 116 96 118 119 111 77 122 76 16 31 102 79 122 74 79 32 104 -9 -79 -86 -89 -68 -79 -91 -78 -81 -83 -83 -82 -78 -81 -86 -61 -51 -97 -78 -82 -79 -72 -61 -11 -34
62 59 59 62 53 59 59 71 59 59 -1 -1 -4 -7 -6 -3 -17 -7 -1 -1 -1 -1 -1 -1 50 53 61 -92 0 3 0 -120 -89 44 56 78 71 68 0 20 43 39 43 0 0 30 70 -60 55 79 53 -3 -7 -3 -13 -4 -1 -1 -4 -4 -1 -3 -14 -4 -3 -7 -4 -1 -1 -100 76 97 106 71 77 -1 -1 -30 -26 -21 -11 -28 -18 -4 -3 -7 -6 -4 -1 -1 -1 -1 -1 -4 -1 -1 -1 -1 -1 -1 -6 -4 -1 -1 36 0 -1 -1 -1 -1 -1 -1 -1 -1 -1 -1 -1 -1 -1 -1 -1 -1 -1 -1 -1 -1 -1 -1 -1 -1 -1 37 38 -1 -1 -1 0 41 38 38 38 37 37 39 37 27 33 36 39 29 32 35 25 77 105 47 60 113 89 101 85 29 102 52 123 118 15 38 44 90 114 87 120 54 79 -3 -63 -75 -69 -75 -74 -86 -78 -81 -82 -81 -81 -86 -83 -78 -21 -91 -79 -77 -74 -77 -77 -60 -45 -21
81 61 59 55 58 58 58 67 66 76 -73 -1 -1 -1 -1 -3 -1 -1 -1 -1 -128 -1 -89 -1 -2 48 42 53 56 -79 48 64 59 -54 0 77 71 -51 0 54 -1 43 30 33 -105 31 54 83 55 52 74 -1 -3 -7 -4 -9 -6 -1 -1 -3 -27 -16 -1 -1 -4 -3 -3 -1 -88 47 120 102 15 -125 -1 -30 -14 -18 -22 -16 -16 -20 -49 -14 -11 -1 -3 -1 -4 -11 -1 -1 -1 -1 -1 -1 29 -1 -1 -1 -1 -1 -1 -1 54 0 -1 -1 -1 -1 -1 -1 -1 -1 -1 -1 -1 -1 -1 -1 -1 -1 -1 -1 -1 -1 -1 -1 -1 -1 -1 -1 -1 -1 -69 39 41 32 35 36 36 -128 19 39 30 4 32 37 36 38 37 42 0 30 76 93 79 116 113 97 77 81 81 87 90 61 107 39 59 82 65 97 14 8 0 74 -23 -35 -53 -55 -91 -91 -81 -79 -82 -81 -79 -82 -79 -84 -86 -91 -79 -78 -81 -86 -79 -42 -1 -63
67 -128 59 55 52 56 55 56 55 -1 -4 -4 -1 -1 -1 -1 -1 56 -1 -1 56 -1 59 -1 -1 29 49 50 50 58 59 59 -78 52 76 49 0 9 45 38 29 0 -39 37 -16 35 26 60 60 72 48 -1 -1 -1 -3 -1 -4 -1 -1 -3 -7 -4 -1 -4 -4 -1 -1 53 117 106 59 -119 -22 -25 -17 -14 -1 -1 -13 -3 -6 -4 -20 -4 -1 -1 -1 -1 -1 -1 -1 -1 -1 -1 -1 -31 -1 -1 -1 39 -1 -1 -42 36 42 58 0 21 38 37 -1 -1 -1 -1 -1 -30 -1 -1 -1 -1 -1 -1 -1 -1 -1 -1 -1 -1 -1 -1 -1 -1 -1 -67 37 38 37 37 36 29 37 64 50 65 29 36 35 37 37 36 0 65 33 79 0 65 97 107 78 117 91 117 102 89 83 91 73 32 22 62 118 117 119 -1 -1 -91 -32 -27 -22 -61 -67 -91 -75 -87 -78 -81 -81 -81 -77 -78 -69 -86 -79 -82 -74 -69 -42 -21 -73 -94
79 0 56 62 53 52 59 65 64 55 -1 -1 -1 -1 -1 0 59 55 54 -1 -1 -1 59 56 62 -1 -2 56 45 -51 -96 0 -74 -45 -83 -68 62 60 70 -51 38 39 36 33 -3 -9 31 38 42 62 55 -1 -4 -1 -1 -1 -1 -1 -1 -1 -4 -4 -4 -4 -3 -42 -107 49 99 10 -89 -14 -21 -21 -3 -14 -2 -7 -3 -8 -2 -1 -1 -1 -1 -1 -1 -1 -1 -1 -1 -1 -1 -1 -1 -1 -1 -1 -91 12 -1 -1 -28 36 47 60 72 15 61 89 38 -96 -1 -1 -1 -1 -1 -1 -1 -1 -1 -1 -1 -1 -1 -1 -1 -1 -1 -1 -1 -1 -1 37 39 38 33 37 32 39 41 38 66 66 58 39 47 18 36 31 36 45 94 39 66 120 0 55 68 83 122 117 117 117 81 87 33 -128 79 37 68 35 97 -2 -41 -89 -88 -54 -37 -32 -54 -46 -70 -91 -82 -79 -79 -79 -77 -77 -82 -89 -86 -79 -83 -70 -11 -11 -83 -93
60 65 61 59 52 54 59 58 -128 55 35 38 -100 58 58 50 58 58 53 -1 -1 49 59 56 59 -1 -1 25 52 0 -39 -1 50 -103 -88 56 45 66 49 44 32 29 -1 -1 -16 -9 55 47 65 67 71 -1 -1 -1 -1 -1 -1 -1 -1 -4 -3 -4 -4 -1 -2 33 95 83 -122 -18 -14 -22 -14 -2 -3 -1 -1 -4 -1 -4 -1 -1 -1 -1 -1 -1 -1 -1 -1 -1 -6 -1 -1 -1 -1 -1 -1 -1 -1 -97 -1 -1 22 30 36 112 78 123 87 105 33 -119 -1 -1 -1 -1 -1 -1 -1 -1 -1 -1 -1 -1 -1 -1 -1 -1 -1 -1 -1 -1 -101 39 33 25 32 36 36 35 38 32 18 73 37 35 31 33 31 20 37 39 42 81 56 65 76 90 50 91 116 117 120 0 120 64 -1 44 97 101 88 26 48 -3 -91 -77 -64 -55 -44 -23 -65 -72 -82 -98 -81 -84 -81 -81 -79 -83 -60 -79 -75 -88 -107 -22 -14 -105 -107 -125
70 66 67 67 54 60 54 54 71 62 61 32 36 0 59 66 52 55 59 -1 -1 19 61 58 54 58 -1 -1 36 0 54 56 -117 38 59 61 0 43 56 26 31 39 -101 -1 -6 -8 0 -1 65 59 64 42 -1 -1 -1 -1 -1 -1 -1 -1 -1 -1 -1 -4 -4 39 21 55 -1 -17 -17 -13 -14 -1 -1 -8 -4 -1 -1 -1 -1 -1 -1 -1 -1 -1 -1 -1 -1 -1 -1 -1 -1 -1 -1 -1 -1 -1 0 2 -108 19 -111 47 37 66 123 102 124 85 116 37 -1 -1 -1 -1 -1 -1 -1 -1 -1 -1 -1 -1 -1 -1 -1 -1 -1 -1 -1 -1 -1 -1 29 26 41 32 38 38 32 37 12 53 37 38 38 38 37 25 42 43 20 38 97 64 113 88 93 84 93 81 113 67 123 21 -1 -1 66 38 79 0 30 -1 -45 -64 -61 -87 -67 -72 -61 -65 -42 -53 -72 -79 -78 -82 -78 -83 -70 -91 -83 -84 -51 -49 -26 -41 -106 -108
76 79 68 70 59 55 56 65 59 68 60 38 37 60 66 59 58 59 59 60 58 0 54 52 50 59 -1 -8 -107 39 29 15 16 -51 62 54 -125 54 41 19 37 36 -1 -1 -4 -4 -8 36 70 65 -72 -1 -1 -1 0 -1 -1 -1 -1 -1 -1 -8 -1 -4 -1 -108 39 33 -16 -14 -4 -4 -3 -1 -1 -1 -1 -1 -1 -1 -1 -1 -1 -1 -1 -1 -1 -1 -1 32 -1 -1 -1 -1 -128 35 49 72 54 52 15 43 39 37 68 74 8 73 78 118 37 -1 -1 -1 -1 -1 -1 -1 -1 -1 38 -1 -1 -1 -1 -1 -1 -1 -1 -1 -1 -1 -1 -98 37 35 38 38 32 30 26 36 37 32 26 12 32 38 24 37 47 85 50 84 59 111 66 122 95 114 73 68 85 77 15 54 53 -1 45 43 119 44 -2 -3 -22 -100 -77 -98 -98 -69 -68 -61 -51 -83 -82 -96 -75 -73 -86 -83 -79 -77 -63 37 -16 -61 -91 -82 -93 -87
74 84 78 78 71 58 -128 58 60 59 50 64 39 36 58 49 56 0 59 54 62 59 59 56 60 -42 0 39 -36 31 -45 43 -1 -51 41 44 45 39 -1 38 47 26 -1 42 0 -4 -1 -1 0 -119 -1 -1 -1 -1 32 61 -1 -1 -1 47 -1 -1 -1 -1 -4 -6 48 42 -3 -14 -4 -6 -6 -4 -1 -1 -1 -1 -1 -1 -9 -1 -1 -1 -1 -1 -1 -1 -1 -1 -1 -1 -1 -117 30 33 68 88 52 54 25 43 35 93 43 35 26 43 20 33 27 -1 -1 -1 -1 -1 -1 -1 -1 -1 38 36 37 37 37 -1 -1 -1 -1 -1 -1 -1 -96 37 35 38 33 19 36 16 42 13 37 38 56 20 26 20 30 30 29 36 108 77 122 71 91 107 105 97 71 99 114 67 38 37 104 -1 -1 16 39 106 -78 -1 -16 -100 -75 -73 -73 -70 -61 -70 -74 -54 -63 -91 -91 -82 -83 -82 -78 -88 -32 -1 -115 -74 -91 -116 -87 -86
85 94 70 67 64 66 56 58 52 66 60 68 61 52 49 59 59 59 -128 72 62 0 54 59 -1 35 38 48 0 19 -75 -1 -1 31 36 49 37 33 43 -1 32 -1 -1 15 -1 -1 -1 -1 -1 -1 -88 -1 0 38 20 37 -1 -1 27 37 -1 -1 -1 -1 -1 -21 18 36 -14 -6 -1 -1 -3 -1 -1 -1 -1 -1 -1 -1 -116 -1 -1 -1 -1 -1 -1 -1 -1 -1 -1 -72 29 48 61 25 53 58 54 30 64 54 -1 74 41 4 38 -72 39 14 -1 41 -1 -1 -1 -1 -1 -1 -1 -1 38 36 -128 37 33 -1 -1 -1 31 -1 36 36 36 37 36 26 32 96 83 31 55 25 19 29 65 89 72 21 35 36 41 54 0 90 67 42 77 117 106 90 91 114 107 48 39 117 41 -1 -1 37 43 -26 -1 -47 -91 -69 -78 -87 -63 -73 -83 -79 -74 -75 -92 -61 -86 -75 -81 -77 -77 -64 -23 -22 -91 -103 -106 -88 -106 -102
90 96 77 95 68 52 61 62 52 56 60 56 0 52 -98 52 56 56 54 56 56 64 0 0 37 36 33 25 38 37 39 -1 -1 14 44 22 38 0 -69 37 0 22 -1 -107 35 -1 -53 38 41 39 39 -1 -1 37 -1 -1 -1 -1 -1 -1 -1 -1 -1 -1 -1 -3 -1 0 -3 -7 -4 -1 -1 -1 -6 -6 -4 -1 -1 8 -1 -1 -1 -1 -1 -1 -1 -1 -1 -1 -128 -1 0 37 20 38 42 102 41 84 68 74 32 -45 30 36 55 39 33 43 -1 -1 -1 -1 -1 -21 38 -1 -1 -1 -1 31 35 -100 -115 36 -12 -1 -1 36 37 39 33 32 16 68 97 61 91 82 72 44 32 36 24 70 82 65 31 36 29 12 104 0 116 52 84 114 96 104 114 110 78 118 13 42 113 -128 -1 52 53 66 -1 -1 -83 -78 -75 -96 -77 -75 -81 -70 -75 -91 -75 -61 -70 -70 -77 -61 -61 -21 -65 -82 -79 -111 -92 -89 -94 -96
76 72 73 66 66 59 70 65 61 64 65 68 58 66 54 62 58 64 55 55 59 59 29 29 43 32 29 31 36 39 0 -1 -1 30 50 41 -39 35 47 43 53 35 19 49 38 -1 35 37 36 37 14 -73 36 -17 -1 -1 -1 -1 -1 -1 -1 -1 -1 -1 -1 -8 -1 -1 -3 -22 -1 -1 -8 -1 -7 -1 -1 -1 37 39 39 -1 0 -1 -1 -1 -1 -1 -35 -1 -1 -1 36 38 39 37 58 50 119 22 29 45 36 16 21 38 38 29 27 -98 -88 38 -1 29 49 41 39 -107 15 49 61 37 24 21 53 -68 19 -1 -128 39 39 19 38 33 10 108 110 50 95 53 32 35 37 37 36 53 39 36 41 32 35 61 50 71 43 87 79 112 87 117 97 64 114 53 39 49 84 -1 -1 110 112 0 -1 91 -100 -74 -65 -83 -82 -81 -79 -89 -83 -70 -64 -79 -87 -97 -70 -42 -1 -61 -100 -119 -102 -87 -93 -84 -93 -84
79 78 67 60 71 71 60 62 71 68 66 60 62 0 64 66 59 59 71 64 65 0 32 36 25 0 0 27 32 27 31 38 38 0 27 15 -1 -1 39 49 50 42 38 12 26 41 25 31 43 41 33 37 31 37 -1 -1 49 -121 39 39 -128 -78 -70 -1 -1 -1 -1 -30 -128 -9 -7 -13 -7 -6 -4 -1 -1 -1 39 38 35 -108 -1 35 -1 -1 -1 -1 47 52 54 20 -100 39 24 61 31 95 49 50 37 42 36 38 20 30 21 39 -1 -1 12 36 18 37 32 20 25 29 36 37 14 15 55 64 65 39 59 -1 -1 38 21 72 3 56 78 78 118 122 77 74 36 38 38 31 37 36 36 36 38 74 33 33 -128 33 81 73 89 116 101 111 97 111 91 119 -1 -1 -1 13 -1 -1 120 118 9 -1 -2 -65 -83 -82 -86 -96 -72 -77 -86 -61 -86 -83 -88 -42 -64 -64 -83 -100 -125 -120 -87 -74 -69 -115 -92 -114
114 78 68 66 73 61 66 59 64 64 67 61 56 0 66 61 0 64 -128 66 37 37 29 58 35 24 31 29 30 39 33 36 38 50 -111 43 -1 37 -44 39 52 55 37 20 30 36 44 31 36 20 27 31 39 39 37 36 44 0 36 30 37 35 -1 -1 -1 -1 -1 -1 39 -7 -3 -4 -3 -1 -1 -7 38 31 38 35 25 -1 -1 -1 -1 -1 -1 32 89 50 33 39 21 8 38 31 41 32 32 41 20 35 31 33 31 27 35 -1 -67 38 31 41 35 38 38 38 39 39 37 32 41 10 44 55 70 100 70 94 12 35 37 68 13 72 112 96 90 83 118 89 33 44 39 56 70 60 71 93 110 108 25 33 37 104 85 66 89 77 104 100 114 111 53 -1 -1 -1 -1 -2 -3 21 107 123 39 -1 -1 -91 -86 -67 -75 -96 -88 -86 -61 -73 -21 -78 -55 -91 -87 -100 -128 -105 -79 -97 -91 -108 -79 -89 -72 -79
91 101 83 71 74 76 71 48 62 60 71 68 81 68 66 61 68 66 61 54 29 48 55 37 37 37 38 37 37 36 0 36 31 58 65 -1 -1 0 19 41 43 43 29 47 35 36 27 18 37 37 38 33 29 37 37 25 14 36 27 22 18 39 -110 -1 -1 -1 -1 -1 -1 -98 -3 -6 -8 -1 -1 38 38 36 32 30 25 -96 38 -1 35 39 -1 -1 47 49 44 27 36 39 38 37 36 25 39 47 39 35 38 47 7 37 37 24 -112 22 20 39 24 30 38 30 32 38 20 33 38 67 30 61 97 100 64 64 119 43 31 73 77 73 60 78 114 79 110 68 37 122 110 117 95 106 110 73 102 90 61 90 50 43 33 108 -128 79 110 100 101 72 78 -1 -1 -1 -1 -1 -11 -1 43 94 44 -1 -1 -1 -91 -61 -79 -88 -82 -75 -51 -1 -1 -46 -94 -91 -106 -120 -94 -63 -70 -114 -82 -75 -73 -96 -84 -100
0 107 72 73 78 78 72 0 62 62 61 64 66 76 73 71 70 67 65 62 52 59 54 32 36 35 39 36 58 56 37 41 60 67 60 49 58 18 48 49 30 26 30 35 33 26 44 37 37 30 41 35 32 30 36 48 37 36 37 38 37 21 37 50 -1 -97 -1 -1 41 53 -1 -27 -1 -1 -1 38 26 32 27 -1 36 20 -49 37 -1 38 39 -1 41 38 32 14 39 29 15 37 31 32 37 12 30 19 21 35 43 18 35 27 27 39 8 35 25 43 30 36 37 25 36 30 39 93 82 32 47 14 84 118 82 82 32 44 56 72 106 79 107 99 83 77 120 84 117 105 81 72 71 74 102 87 107 118 116 90 112 110 71 73 81 100 72 116 119 -1 -1 -4 -12 -9 -4 -1 95 122 79 -1 -107 0 -54 -82 -87 -84 -64 -3 -9 -26 -65 -100 -115 -97 -87 -88 -87 -79 -98 -128 -84 -100 -100 -122 -102 -114
0 0 89 76 0 0 72 65 64 62 64 65 62 66 64 76 83 60 66 61 0 15 42 0 41 35 31 45 52 37 54 44 50 48 43 43 53 56 47 38 47 32 44 36 0 45 47 27 36 43 29 37 26 35 18 33 55 30 36 0 47 32 29 36 35 47 33 -1 -1 50 49 44 -1 -1 -1 38 32 30 25 38 -1 30 36 -1 38 38 32 38 -1 24 32 38 35 16 32 38 35 31 37 36 29 33 -41 32 35 37 37 43 72 101 79 33 31 33 10 13 21 42 22 24 37 58 58 78 53 -102 67 117 68 117 89 70 59 49 107 96 91 104 60 68 93 82 81 81 54 89 119 104 113 117 99 73 88 48 87 118 120 105 68 68 116 111 112 76 -6 -8 -3 -4 -4 -1 55 55 119 90 22 9 47 -121 -1 -100 -72 -98 -112 -101 -110 -93 -94 -97 -82 -93 -93 -70 -81 -106 -92 -102 -84 -114 -94 -115
108 111 78 85 72 76 70 66 64 59 58 64 61 65 70 61 71 2 -128 71 65 45 67 60 64 0 73 64 55 53 49 41 44 42 45 41 45 41 44 44 62 36 37 35 24 45 42 32 0 24 53 48 36 10 36 24 48 37 36 36 38 44 43 50 37 37 -1 25 22 79 27 41 -1 -1 38 39 33 36 37 -1 -1 22 38 42 37 29 41 36 32 32 41 38 29 30 37 29 38 39 14 42 37 37 36 16 41 39 44 78 48 67 41 25 0 54 18 41 26 44 50 45 53 44 38 37 38 62 118 83 105 88 62 95 58 114 42 89 60 112 94 96 61 122 123 122 105 119 72 93 94 58 107 88 102 114 101 116 65 110 114 113 119 96 61 0 -6 -6 -3 -4 -4 -1 36 60 123 83 44 93 70 -92 -55 -83 -100 -78 -81 -81 -105 -82 -82 -81 -97 -72 -70 -82 -89 -70 -94 -81 -128 -114 -88 -112
83 100 96 90 76 76 68 76 71 66 61 61 64 62 66 66 65 73 83 62 60 2 7 61 55 43 71 59 47 0 48 0 38 38 67 41 38 26 47 22 60 33 66 35 37 31 58 50 45 42 52 38 50 60 85 21 19 32 32 38 30 42 41 32 31 36 38 43 42 25 38 0 39 -1 -1 20 36 41 37 -1 -1 22 37 38 35 37 0 36 -1 56 27 42 43 35 41 33 10 24 31 29 31 36 26 43 37 52 71 52 70 102 99 111 32 25 52 47 38 35 42 61 49 84 77 33 35 31 118 110 82 91 111 119 36 78 32 117 77 77 110 67 52 97 87 112 117 84 81 83 87 76 81 0 105 105 99 96 16 79 107 97 70 91 70 120 -1 -6 -4 -3 -4 -1 -1 13 50 122 100 56 88 47 -55 -91 -100 -92 -89 -92 -79 -72 -77 -75 -77 -61 -70 -75 -63 -70 -82 -94 -128 -106 -122 -101
67 104 74 96 101 72 70 64 64 61 61 61 62 65 68 67 64 50 71 0 53 62 52 49 61 72 71 50 45 52 0 43 39 48 44 35 43 35 52 45 59 67 27 37 29 54 42 52 45 38 61 0 58 0 32 37 43 25 27 44 43 30 25 27 32 41 36 47 22 55 59 0 38 -1 35 24 36 37 38 -1 41 37 32 37 37 36 37 26 -98 35 20 38 33 41 32 32 37 39 20 33 35 32 15 41 56 62 87 95 88 108 82 117 68 38 37 35 48 39 47 71 65 58 22 43 13 56 114 87 65 107 118 108 77 77 50 118 48 97 123 64 52 93 107 77 43 -128 74 110 66 97 93 97 71 105 96 113 -128 113 112 96 94 68 84 -1 -28 -1 -6 -13 -4 -1 49 49 96 72 56 38 38 79 -53 -96 -96 -115 -86 -72 -72 -70 -93 -69 -94 -70 -65 -75 -83 -73 -100 -119 -111 -61 -101 -103
71 93 82 101 90 76 73 72 70 70 0 64 61 59 55 65 68 -128 72 0 54 72 70 61 70 56 68 48 58 43 47 52 36 -53 39 49 37 48 48 62 59 37 39 61 35 25 55 38 54 41 47 56 53 82 59 42 32 22 16 26 42 36 25 33 36 44 49 55 43 65 0 0 60 39 -1 -114 37 37 38 -1 38 42 19 35 31 0 33 37 -115 36 41 42 27 27 39 35 32 22 31 38 19 32 37 41 82 53 83 83 82 120 117 100 104 58 44 49 52 45 42 35 59 79 78 37 21 42 21 61 89 65 65 101 110 113 29 122 123 113 84 79 94 100 91 49 93 56 96 120 62 107 107 100 102 101 50 105 62 62 84 101 107 100 104 78 -1 -1 -1 -9 -3 -1 -1 33 16 61 85 31 102 36 3 -22 -64 -77 -97 -69 -63 -72 -69 -75 -91 -72 -98 -97 -61 -82 -64 -92 -91 -87 -61 -100
87 78 101 90 84 85 74 77 74 70 0 61 56 64 64 62 61 68 0 59 58 56 62 64 60 59 50 38 48 37 60 48 0 66 50 42 47 37 53 50 30 37 24 49 36 49 48 39 0 43 47 58 55 65 78 56 35 38 36 39 22 39 36 33 37 0 27 31 45 38 55 104 95 -103 36 31 26 39 -1 37 33 29 26 31 38 38 30 33 39 39 29 38 29 31 43 52 54 42 41 36 41 27 73 116 105 31 32 33 104 116 114 123 79 49 48 48 45 43 22 58 83 60 62 76 35 47 104 110 99 93 70 114 81 101 84 91 114 119 95 120 72 55 77 88 101 102 119 67 84 93 104 113 100 96 94 77 118 97 95 111 107 85 82 32 -128 0 -4 -17 -3 -1 41 44 88 95 112 35 67 60 85 118 -55 -91 -115 -78 -70 -93 -94 -105 -93 -96 -91 -96 -106 -101 -78 -91 -60 -67 -107 -63
0 113 72 78 96 88 90 81 72 71 70 0 59 61 62 62 59 56 24 50 55 65 52 66 59 64 54 53 44 38 49 41 33 -1 36 58 35 22 47 43 55 0 0 52 43 37 44 66 52 61 43 49 56 41 59 58 39 37 21 31 44 32 43 54 36 26 27 47 29 31 56 113 41 25 41 38 25 20 29 -1 -1 -1 29 30 30 31 39 44 0 32 31 39 0 36 107 117 114 114 117 82 119 113 106 120 83 77 74 79 95 83 93 0 79 93 58 58 22 43 58 79 73 45 41 52 42 29 64 79 70 107 102 66 112 113 47 96 111 112 96 106 74 107 102 61 89 67 119 104 58 58 50 104 72 105 96 113 119 85 106 91 113 102 72 50 42 -98 -9 -31 -25 -3 -1 43 14 100 65 71 36 41 113 81 0 -91 -83 -121 -93 -96 -83 -94 -82 -96 -98 -100 -103 -86 -87 -91 -103 -78 -77 -61
87 94 82 90 78 87 84 82 77 71 66 0 52 61 61 64 44 66 0 52 66 50 73 73 59 55 41 -50 43 35 43 37 36 49 0 41 54 29 50 39 54 43 0 39 45 26 47 54 39 0 55 53 41 42 66 32 39 33 22 26 43 29 25 38 37 36 10 30 49 105 117 119 29 37 38 36 35 35 -88 35 36 -1 37 37 38 26 37 39 37 25 15 42 73 97 54 81 74 110 114 107 122 114 113 76 88 82 118 107 117 60 118 60 96 79 53 58 47 67 24 44 68 68 47 14 -102 38 53 122 108 59 65 117 118 110 91 95 78 114 110 107 95 93 67 66 102 104 112 95 113 108 62 0 104 108 102 81 77 112 42 120 111 27 85 82 -1 -8 -3 -17 -12 -1 -1 59 42 104 108 61 16 56 -37 -7 -64 -89 -97 -128 -87 -92 -105 -107 -111 -96 -105 -96 -117 -108 -103 -92 -106 -115 -98 -112
99 87 56 85 76 81 90 88 78 67 64 56 0 0 20 61 45 0 49 52 0 67 66 54 62 62 76 60 42 43 41 56 35 38 30 0 0 48 47 53 35 54 47 39 43 26 55 54 24 54 49 26 45 39 38 33 42 44 27 39 39 30 48 114 81 41 42 88 91 54 110 50 22 21 22 35 33 22 -1 -1 31 35 -1 36 26 39 31 42 18 39 -128 29 39 12 117 74 104 89 101 97 85 101 123 113 85 72 38 119 118 107 114 116 95 60 70 62 91 74 77 48 72 79 64 74 33 35 37 60 83 111 102 107 107 106 113 104 81 118 91 93 101 62 65 102 62 102 112 107 104 97 97 100 96 55 99 107 104 72 83 113 32 43 -1 -42 -9 -7 -9 -16 -16 -23 -1 41 36 93 108 74 81 72 72 73 -23 -91 -73 -77 -107 -91 -107 -106 -112 -87 -100 -112 -94 -93 -96 -107 -97 -114 -93 -102
94 65 9 0 82 83 76 76 74 61 66 -1 61 58 0 49 59 53 55 43 60 65 56 45 0 64 56 53 66 30 50 30 -128 33 35 36 49 55 60 58 53 43 61 27 0 58 39 35 41 -128 35 50 44 48 44 30 50 42 53 36 49 105 108 108 123 91 53 -1 25 26 -128 26 38 32 35 35 32 -1 -1 32 33 -108 38 35 36 38 36 32 31 35 35 89 37 81 81 64 78 67 101 70 101 116 107 106 84 100 53 61 72 66 66 90 41 61 68 59 35 58 67 71 54 93 89 81 30 25 35 87 97 95 79 112 101 117 110 113 76 101 106 114 105 110 68 94 67 101 79 78 82 88 88 52 101 97 72 74 68 116 38 24 -1 -1 112 -4 -6 -11 -14 -18 -14 -3 -1 37 29 85 61 104 62 108 79 49 -20 -98 -61 -106 -98 -96 -88 -101 -98 -91 -105 -107 -96 -86 -112 -102 -108 -100 -108 -102
71 60 59 65 71 79 88 84 76 55 68 54 59 58 64 66 3 41 47 49 53 58 66 56 60 56 43 38 50 52 58 45 0 35 47 47 47 50 54 0 56 52 15 60 0 33 37 55 38 41 36 48 39 62 48 32 44 53 35 36 35 85 73 111 114 26 27 41 1 -128 39 20 -128 31 36 39 -119 -1 -86 26 37 -98 30 41 15 37 31 43 37 38 -101 79 117 37 82 -44 110 65 65 74 93 118 108 104 84 82 56 61 72 62 61 56 59 66 105 70 73 66 19 58 93 82 65 59 64 22 36 48 83 105 104 95 83 70 66 110 79 100 105 102 66 110 119 102 78 88 81 94 94 64 73 54 88 99 70 89 116 27 22 36 -1 -26 -18 -1 -6 -6 -30 -26 -44 -12 -1 -1 33 37 85 100 67 38 113 99 64 -128 -21 -74 -115 -98 -89 -96 -91 -112 -106 -115 -101 -100 -87 -100 -93 -110 -96 -110
81 50 68 0 83 67 81 71 73 68 56 61 59 61 59 72 54 30 50 52 58 66 56 53 52 44 54 37 39 64 52 36 43 44 39 48 37 29 54 55 61 54 55 50 52 54 55 60 50 44 39 39 42 58 53 55 48 36 30 77 61 118 70 64 45 39 47 38 -128 37 35 31 38 25 -119 -1 -1 -88 36 38 39 38 -103 32 36 0 27 37 36 21 36 -65 37 30 0 90 0 97 90 85 93 90 59 97 94 99 58 66 79 50 61 60 87 88 76 90 70 90 87 90 82 59 73 54 38 31 0 38 70 56 76 101 61 33 74 96 87 106 59 84 83 112 116 102 106 81 83 90 0 55 100 54 59 76 104 76 76 13 65 49 -11 -6 -6 -6 -11 -20 -28 -39 -36 -13 -3 -1 18 49 82 68 104 94 71 122 49 -22 -74 -100 -120 -92 -94 -91 -93 -94 -89 -96 -97 -107 -106 -103 -97 -89 -103 -103
61 0 78 59 64 79 68 70 71 64 -122 61 59 61 64 62 67 0 41 54 55 48 44 49 49 64 44 45 41 37 27 38 32 39 42 35 36 47 37 61 54 62 37 65 44 52 52 64 38 44 39 47 41 43 53 53 52 50 45 74 113 79 35 32 33 36 30 21 39 39 36 37 39 13 26 -1 36 37 36 32 33 35 37 38 16 29 30 37 29 32 -128 -75 35 119 72 111 0 72 90 73 71 117 100 83 62 72 87 78 83 73 56 56 97 74 112 95 89 70 104 94 90 90 67 56 58 37 35 -128 38 50 117 111 67 95 73 99 91 71 84 97 112 78 79 113 99 96 53 89 94 48 85 96 114 110 119 113 96 15 21 -1 -1 -7 -4 -9 -6 -21 -18 -26 -26 -26 -23 -3 -1 -1 41 35 96 97 110 93 102 -39 -64 -72 -92 -128 -87 -94 -106 -112 -97 -103 -86 -88 -107 -89 -106 -93 -102 -96
0 73 45 66 71 54 74 70 71 54 58 58 59 68 65 67 0 0 64 64 47 50 68 49 65 53 54 25 47 48 38 38 29 31 38 0 35 42 44 43 43 44 38 65 47 50 55 14 42 49 53 47 53 58 61 43 32 39 90 95 42 44 29 42 39 52 31 -128 37 31 35 38 38 38 32 38 25 39 35 30 37 41 30 38 37 0 36 26 41 32 22 61 112 84 110 112 100 96 106 118 99 78 84 70 67 71 99 97 81 108 93 77 107 106 90 82 102 112 88 89 54 56 61 50 55 48 26 37 29 93 99 117 113 62 79 87 82 96 82 78 45 56 78 116 112 101 60 68 89 74 83 107 96 107 73 41 77 -1 -1 -6 -6 -6 -7 -22 -17 -20 -18 -27 -36 -26 -26 -14 -3 -1 0 38 73 91 101 104 53 -74 -67 -75 -106 -103 -87 -105 -105 -110 -96 -106 -106 -107 -92 -100 -100 -103 -114 -114
61 62 44 0 73 58 71 62 68 56 54 56 49 56 52 68 36 31 58 55 68 73 0 70 68 58 49 29 0 42 39 41 36 33 33 42 48 43 35 39 37 49 8 47 59 43 48 53 61 60 18 45 36 16 64 45 33 43 44 119 62 36 27 27 47 18 30 38 37 36 20 21 38 25 41 36 36 35 33 35 36 35 33 38 31 38 36 25 27 26 29 41 83 89 65 107 120 119 81 79 108 102 118 65 76 79 93 108 113 96 89 102 83 85 85 60 110 85 99 81 73 89 61 49 55 50 52 58 0 22 38 85 108 90 87 73 62 100 41 0 31 43 48 76 118 116 100 106 70 107 89 66 62 112 74 62 24 -107 -6 -4 -7 -4 -13 -16 -8 -20 -14 -17 -14 -14 -26 -28 -14 -14 -1 -1 36 52 84 99 68 59 -7 -83 -61 -114 -92 -92 -93 -105 -107 -96 -106 -108 -105 -93 -94 -110 -93 -92
67 61 8 59 64 61 62 76 71 59 -49 62 64 65 67 66 62 32 71 0 53 67 59 61 61 52 56 38 37 36 38 15 20 32 36 42 37 29 41 0 44 47 65 43 0 55 53 56 0 53 58 18 30 48 48 50 55 87 83 65 48 36 26 24 41 41 37 32 21 39 39 26 36 36 38 31 37 36 35 36 30 36 37 36 38 37 38 32 43 20 20 44 41 84 88 74 122 87 111 76 94 95 100 105 110 108 100 117 107 117 111 104 114 70 87 68 106 54 93 76 73 77 59 60 52 67 60 33 26 37 33 37 118 100 71 66 38 -128 45 52 54 60 90 83 123 106 68 104 104 117 117 97 82 15 66 16 -1 -7 -4 -6 -9 -4 -6 -16 -8 -18 -14 -14 -34 -26 -16 -14 -14 -14 -3 -1 -1 38 35 97 117 48 -39 -91 -79 -120 -92 -92 -115 -97 -102 -112 -108 -92 -87 -103 -91 -92 -115 -92
49 59 48 58 61 49 50 78 61 58 -1 53 54 66 53 66 0 56 62 70 38 53 62 55 59 47 41 36 26 44 0 37 29 36 31 27 43 36 42 52 41 39 45 36 44 47 48 65 53 26 49 41 43 50 65 0 73 91 120 50 37 36 36 37 27 32 37 -1 37 36 36 36 30 38 36 29 20 32 36 35 36 37 36 30 31 37 35 35 25 35 -128 45 67 61 71 119 108 61 60 113 116 111 106 114 89 102 119 118 82 120 120 104 101 81 90 108 111 83 77 77 93 93 56 49 25 43 64 60 42 27 37 29 33 35 35 -128 39 52 41 58 53 56 70 56 88 71 104 55 95 77 84 95 81 73 29 -1 -7 -6 -8 -13 -3 -6 -4 -4 -3 -16 -21 -22 -13 -17 -21 -16 -25 -21 -14 -3 -3 -1 -1 29 24 117 95 -28 -83 -98 -124 -89 -108 -103 -87 -91 -92 -92 -97 -89 -92 -96 -101 -88
52 59 53 58 52 49 47 66 71 72 52 56 64 44 61 48 49 37 71 48 52 60 52 50 42 12 38 47 52 33 50 49 48 41 35 35 38 41 0 0 37 29 43 37 45 55 61 58 48 27 65 44 35 58 66 88 0 111 0 36 26 38 39 20 37 -128 13 38 38 27 37 42 31 36 36 32 37 27 30 33 41 37 35 35 30 38 39 38 36 37 39 73 97 62 73 52 122 84 108 120 93 116 120 113 108 110 119 113 83 83 120 110 116 94 116 96 113 106 100 81 77 52 67 56 55 53 49 50 44 27 22 35 35 25 38 0 27 39 59 66 67 68 73 68 104 106 78 0 110 108 88 93 116 15 -1 -7 -4 -3 -14 -11 -8 -3 -14 -14 -14 -14 -21 -28 -28 -14 -14 -31 -17 -16 -16 -14 -14 -1 -1 -1 42 100 -1 -44 -91 -114 -125 -92 -100 -97 -110 -101 -102 -107 -92 -105 -102 -97 -97 -100
-1 -1 -1 -1 -128 59 47 54 54 61 65 50 59 62 71 68 53 47 58 44 62 58 31 62 36 44 0 37 45 42 0 44 49 44 54 21 31 30 45 25 49 35 65 47 49 52 60 50 52 60 64 48 37 61 62 55 87 120 118 0 27 32 42 48 38 37 47 32 37 36 29 35 27 37 36 36 36 33 35 37 38 37 29 37 37 38 38 43 36 39 38 -128 -128 78 50 68 113 87 120 120 108 78 119 120 78 119 91 104 112 114 117 96 91 107 102 120 117 96 107 96 87 68 67 64 61 47 44 48 41 36 44 36 49 50 49 59 37 37 64 43 65 52 76 94 -128 116 119 95 110 100 116 82 101 111 -1 -7 -11 -6 -27 -8 -4 -4 -12 -21 -21 -20 -21 -21 -18 -28 -14 -23 -16 -27 -26 -12 -14 -13 -3 -1 -1 -101 108 -14 -54 -91 -115 -93 -94 -102 -103 -91 -107 -94 -106 -88 -87 -92 -96 -87
-1 -1 -1 -1 55 54 44 42 56 65 -64 56 60 65 65 56 52 64 58 25 55 0 37 37 35 53 55 24 47 41 54 0 49 48 54 49 19 32 44 37 48 52 65 42 26 37 65 60 76 64 50 55 42 47 65 73 82 76 47 36 42 56 44 39 36 35 52 37 42 30 35 36 26 37 36 27 35 31 30 38 35 38 36 37 38 38 36 38 41 33 -106 54 97 90 88 53 111 84 108 79 107 116 89 120 120 114 122 122 105 107 96 94 101 99 107 119 114 108 94 76 65 60 43 42 61 47 12 39 50 55 64 52 56 50 66 58 44 48 67 62 72 58 74 58 45 72 68 117 67 79 91 94 90 29 -1 -9 -8 -23 -28 -8 -14 -23 -17 -14 -14 -30 -16 -30 -16 -18 -20 -30 -26 -26 -35 -14 -16 -18 -18 -21 -25 -1 -1 -17 -73 -106 -128 -92 -102 -92 -94 -103 -89 -92 -101 -97 -108 -88 -87 -100
-1 -1 -1 -1 59 -128 56 55 52 58 59 56 66 60 66 53 68 0 65 58 47 9 24 43 42 58 30 39 39 54 58 39 32 60 50 0 58 30 33 31 60 1 2 38 60 0 43 0 73 56 48 53 52 30 55 84 85 65 36 35 38 42 44 38 21 0 6 44 35 38 35 39 36 35 35 31 29 37 32 31 35 37 37 33 36 38 10 35 39 29 26 50 122 111 112 94 104 113 81 85 120 84 114 93 59 107 122 116 95 111 112 111 113 99 113 91 58 112 111 67 50 45 56 62 52 44 31 44 56 59 67 71 47 59 66 67 49 -128 44 70 81 90 61 81 67 62 99 106 111 119 112 112 96 73 -6 -9 -7 -4 -17 -16 -23 -3 -18 -37 -26 -20 -36 -23 -31 -67 -45 -30 -26 -31 -26 -27 -30 -26 -12 -12 -14 -22 -115 -21 -67 -82 -114 -98 -94 -102 -94 -97 -102 -114 -94 -87 -111 -96 -105 -87
-2 -1 -1 -1 54 60 -1 0 7 43 -128 64 52 64 56 66 61 48 61 8 33 42 39 31 48 31 49 54 71 55 42 61 12 48 25 59 48 30 24 36 52 47 35 36 38 59 54 73 55 50 39 -46 52 74 113 24 67 24 43 41 0 18 43 50 45 37 0 38 30 30 30 27 29 33 37 36 36 30 36 37 35 36 35 33 32 43 25 39 37 37 50 55 108 122 114 72 122 118 112 101 78 83 91 81 93 84 101 105 102 0 82 83 114 68 119 110 105 105 106 88 90 61 37 39 38 44 53 56 72 82 88 79 89 52 76 62 62 59 74 83 47 76 101 62 61 91 97 83 99 116 73 116 107 -1 -7 -4 -13 -3 -16 -32 -13 -34 -13 -12 -32 -39 -23 -30 -49 -45 -26 -26 -26 -30 -25 -26 -26 -30 -12 -30 -46 -25 26 -1 -72 -98 -125 -87 -102 -110 -91 -107 -100 -94 -96 -96 -102 -103 -96 -86
-54 -7 -1 -1 -1 56 54 56 58 -1 59 60 58 47 66 66 68 0 60 0 50 47 19 48 38 53 58 41 39 55 47 0 68 64 45 49 48 22 0 41 37 30 42 49 52 67 61 45 42 39 0 -64 55 91 31 122 62 22 35 41 32 27 29 42 32 16 35 39 31 36 33 32 33 31 36 0 35 37 27 36 36 36 36 32 25 32 27 20 42 32 36 54 119 120 73 102 53 52 119 35 108 38 114 81 113 114 91 100 122 119 111 120 111 111 93 108 112 119 119 93 59 60 39 47 54 61 65 73 90 79 82 67 87 56 59 74 62 76 58 71 70 83 105 61 94 70 83 99 68 91 119 118 91 111 -1 -3 -4 -8 -9 -14 -21 -14 -27 -34 -53 -64 -44 -41 -42 -47 -37 -37 -39 -45 -26 -31 -25 -26 -26 -32 -47 -36 65 -11 -31 -83 -119 -103 -91 -102 -111 -89 -112 -103 -97 -92 -106 -106 -101 -87
-40 -7 -1 21 38 0 56 54 56 60 65 54 65 72 66 65 71 0 39 36 59 60 25 43 45 48 47 61 50 62 66 31 76 10 37 0 0 36 38 19 31 0 43 41 48 67 68 58 54 25 56 70 47 113 101 67 58 35 33 30 38 35 30 25 42 36 37 35 31 29 30 32 33 35 31 30 35 0 35 33 36 35 41 33 38 32 14 0 29 21 43 90 95 68 101 78 58 79 105 123 123 119 85 58 113 120 59 118 77 72 94 96 112 70 91 96 106 100 74 104 76 56 33 61 66 82 62 77 94 87 88 64 79 85 52 -128 87 106 105 89 97 70 91 4 74 95 100 71 107 119 119 90 108 -17 -7 -6 -7 -4 -3 -11 -31 -9 -54 -53 -35 -60 -40 -26 -44 -37 -59 -75 -37 -27 -26 -28 -36 -23 -26 -27 -37 -44 -14 -12 -64 -106 -125 -92 -100 -107 -107 -108 -102 -103 -108 -107 -110 -100 -106 -93
-67 -41 -1 41 39 38 -72 50 59 56 71 62 65 71 66 66 52 61 0 47 29 42 44 31 30 4 48 49 49 55 47 77 78 58 43 27 4 25 -78 36 50 32 64 44 44 49 52 59 60 62 66 61 56 76 0 50 41 29 35 33 32 39 33 35 33 37 39 43 33 30 37 22 38 37 33 33 30 33 38 31 35 27 61 47 37 39 42 30 20 38 37 64 82 78 95 73 106 105 77 99 88 77 119 108 100 101 87 -128 84 123 67 78 93 0 72 -73 85 96 85 95 41 73 62 33 59 62 93 58 79 81 99 93 95 85 64 104 74 105 105 95 81 105 82 68 99 119 41 117 118 87 114 118 99 61 -1 -6 -3 -6 -4 -16 -34 -25 -55 -32 -56 -61 -54 -46 -58 -39 -36 -37 -36 -36 -32 -26 -26 -54 -37 -46 -51 -49 -128 -40 -18 -74 -115 -124 -87 -93 -86 -87 -96 -105 -101 -114 -103 -96 -92 -115
-58 -9 73 59 39 -93 -1 -1 -92 47 59 70 73 79 84 61 64 61 39 4 56 0 50 43 49 35 36 65 0 60 62 47 85 72 55 37 -1 0 35 44 7 37 0 32 38 -128 53 55 74 29 54 59 60 113 55 44 42 30 36 32 35 36 35 33 30 36 36 0 13 30 24 36 33 37 36 33 32 29 0 0 30 38 50 35 45 47 64 41 37 18 24 60 66 71 112 91 122 114 113 61 64 82 93 112 117 79 118 78 93 77 70 0 65 104 95 -107 -89 67 85 93 87 58 66 52 54 90 31 74 95 93 106 102 108 38 106 113 111 110 99 97 95 53 55 91 116 74 76 79 101 74 112 68 78 -1 -7 -7 -12 -3 -7 -22 -26 -41 -36 -60 -56 -46 -47 -36 -37 -51 -53 -35 -23 -41 -37 -49 -44 -51 -34 -49 -63 -81 -54 -36 -44 -91 -111 -92 -79 -91 -86 -100 -89 -108 -108 -89 -103 -106 -110 -98
-46 -74 37 64 89 -68 -1 -1 -1 -1 52 58 59 56 84 49 61 36 58 45 25 12 27 43 37 32 56 70 59 53 62 70 70 31 71 76 27 48 31 55 27 36 41 -91 0 33 52 66 54 41 60 68 99 76 72 53 44 37 49 33 33 38 24 20 36 35 36 33 39 36 35 -102 35 27 32 32 33 37 32 35 36 32 30 36 0 59 48 0 27 37 -128 33 45 76 113 97 111 100 85 88 105 87 88 66 87 116 83 79 108 85 74 70 95 -128 77 93 90 84 87 95 87 67 72 39 49 52 82 50 66 94 105 87 82 120 114 118 116 83 73 113 90 72 60 105 105 97 113 93 85 87 117 91 112 -1 -6 -9 -3 -6 -8 -3 -3 -16 -47 -42 -42 -68 -56 -46 -34 -53 -35 -41 -26 -42 -50 -56 -36 -35 -46 -35 -59 -67 -82 -11 -26 -27 -100 -125 -92 -87 -98 -84 -81 -83 -98 -82 -112 -97 -112 -108
-56 -70 -83 -65 0 35 -1 -1 -1 -1 -1 -96 0 0 45 48 20 47 45 48 36 0 36 45 45 0 54 53 77 67 58 72 41 58 18 0 39 39 36 37 56 71 26 37 33 39 39 37 58 84 71 79 93 84 67 41 16 30 39 33 29 35 38 32 32 35 37 -128 36 35 36 38 38 -128 33 29 36 36 32 37 35 33 33 37 30 47 41 31 33 42 38 66 68 91 113 117 93 85 90 107 117 59 85 48 104 96 87 87 104 101 82 101 -128 82 0 87 -44 97 88 87 104 93 95 64 73 82 84 97 64 87 90 110 79 114 118 93 111 116 119 104 50 -128 123 0 116 83 104 95 82 117 71 94 68 -1 -7 -6 -6 -8 -16 -4 -1 -4 -21 -59 -41 -59 -55 -60 -37 -47 -37 -35 -41 -36 -40 -36 -63 -37 -37 -63 -73 -87 -39 -39 -21 -65 -114 -98 -87 -108 -101 -97 -89 -88 -77 -115 -114 -105 -94 -100
-55 -56 -61 -54 -61 -4 25 -1 -1 -1 -1 -83 -1 8 36 0 61 37 45 53 35 43 49 31 55 55 58 62 77 38 26 21 0 25 -128 0 27 12 36 15 44 74 53 16 47 37 44 43 65 87 76 87 91 97 74 66 42 39 27 31 31 0 35 35 36 35 35 29 30 25 31 37 35 22 31 -128 33 33 37 37 35 32 31 31 36 26 42 45 36 48 47 27 31 58 70 90 122 122 102 111 119 107 104 120 91 70 93 88 106 94 96 108 91 74 90 -42 100 100 93 97 99 104 64 83 77 101 93 111 87 100 99 84 78 78 108 112 88 110 120 111 116 -128 102 90 47 113 117 89 102 82 99 119 101 -1 -1 -8 -4 -4 -4 -6 -3 -1 -1 -14 -14 -54 -55 -46 -47 -39 -53 -46 -50 -60 -41 -49 -37 -34 -37 -61 -65 -82 -79 -51 -79 -53 -83 -120 -92 -79 -84 -92 -91 -94 -82 -110 -88 -103 -87 -97
-55 -72 -49 -47 -42 -1 -117 -1 -1 -1 29 39 38 26 24 31 44 2 48 48 38 27 22 47 50 50 62 38 39 15 -128 21 -128 37 33 -128 35 25 60 42 72 72 44 39 50 21 58 53 24 58 79 81 99 67 58 45 31 42 31 29 35 30 36 36 35 0 26 22 0 26 31 33 38 33 37 37 36 36 30 37 30 35 29 30 35 39 12 36 53 60 55 67 81 30 43 119 74 96 118 94 111 104 96 85 91 82 107 97 113 102 110 107 88 90 79 97 101 99 99 101 78 100 88 93 65 87 70 104 82 99 81 113 113 117 111 119 120 118 99 -128 93 122 94 97 100 106 62 95 83 89 117 113 84 -1 -1 -6 -1 -1 -4 -1 -1 -1 -1 -12 -25 -36 -36 -37 -37 -37 -45 -37 -37 -49 -58 -55 -36 -42 -36 -72 -75 -61 -63 -81 -59 -42 -100 -128 -88 -82 -102 -98 -114 -106 -114 -94 -103 -107 -111 -112
-55 -59 -61 -54 -64 -64 -31 39 -108 37 36 37 39 37 42 36 35 48 37 41 44 56 50 22 36 29 33 -128 21 27 30 35 41 33 38 42 37 22 44 45 67 78 32 76 37 48 65 55 91 18 88 90 102 70 65 62 39 36 39 35 37 33 32 36 36 -128 30 33 35 35 35 26 37 37 31 36 0 27 29 20 35 42 36 32 39 41 45 0 44 30 27 58 62 26 82 39 124 88 59 72 116 88 107 114 93 111 106 83 112 101 96 100 88 77 90 95 101 96 111 116 106 59 0 54 62 102 110 -128 95 113 70 91 114 118 84 89 117 119 106 116 100 68 102 113 65 110 110 96 120 107 119 76 66 -1 -1 -1 -1 -1 -1 -1 -1 -1 38 31 -1 -20 -37 -41 -54 -44 -42 -37 -56 -42 -54 -37 -37 -61 -26 -68 -81 -63 -77 -67 -111 -77 -63 -115 -98 -87 -83 -83 -77 -100 -78 -87 -98 -98 -88 -93
-56 -56 -67 -49 -68 -69 -35 43 38 38 39 25 26 37 41 39 33 22 36 27 41 15 36 27 55 -128 6 21 37 33 37 18 41 3 0 36 39 38 0 52 81 52 87 55 55 36 39 107 82 87 72 83 79 81 56 29 38 36 31 36 36 26 36 35 -128 36 32 32 32 16 32 35 35 36 36 37 29 -128 33 14 26 36 38 31 38 0 43 42 54 54 47 0 48 56 97 56 110 122 120 104 101 84 114 96 97 84 97 107 110 32 89 81 84 88 87 95 113 97 107 112 71 78 106 82 -128 94 -128 55 88 101 120 81 120 112 111 116 105 77 110 106 90 110 106 66 102 108 64 108 106 90 71 65 -1 -1 48 -1 -1 -1 -1 -1 -1 -1 39 41 -1 -1 -22 -40 -36 -37 -36 -39 -35 -39 -56 -37 -25 -23 -63 -74 -74 -69 -86 -61 -63 -81 -98 -128 -87 -78 -89 -105 -106 -97 -112 -102 -108 -94 -86 -94
-58 -78 -69 -61 -67 -61 -64 -124 43 37 38 29 10 30 32 38 41 43 -1 -1 37 26 39 26 38 36 37 38 9 36 36 32 24 37 15 36 47 41 26 58 62 82 97 33 27 35 32 104 61 90 93 113 94 59 43 32 37 39 42 37 35 31 32 38 32 32 20 30 33 35 35 31 31 35 36 0 36 35 0 35 26 36 33 37 27 0 41 45 37 36 47 35 64 87 74 42 93 59 108 101 106 99 104 96 97 94 95 104 101 107 100 91 93 95 100 90 44 100 100 67 99 84 76 106 111 99 55 89 97 118 106 83 118 118 93 118 106 101 99 71 64 108 116 83 82 89 114 94 100 101 107 110 0 -1 -1 -116 -1 36 53 1 60 38 -1 37 49 -1 -1 -14 -35 -25 -35 -46 -49 -35 -45 -42 -49 -50 -54 -67 -89 -84 -74 -42 -14 -73 -88 -106 -128 -87 -87 -105 -86 -91 -93 -105 -106 -106 -102 -93
-69 -58 -56 -58 -61 -65 -59 30 39 25 36 33 38 0 32 38 38 27 37 38 30 26 30 35 36 36 36 36 0 25 35 36 27 38 0 60 49 43 53 66 68 71 77 50 35 52 104 105 97 120 82 71 67 41 45 31 41 41 38 35 37 36 33 35 38 31 35 0 31 35 13 35 36 35 35 30 36 37 33 35 30 30 33 38 44 39 45 48 47 37 33 -128 104 120 95 48 48 74 108 102 56 122 105 99 95 101 77 104 99 108 107 85 101 79 107 105 91 94 82 111 107 76 120 78 111 118 119 70 94 101 120 111 117 118 94 110 83 97 90 65 105 84 65 73 116 113 107 100 100 112 76 0 -1 -1 -1 -1 -1 85 25 25 -128 39 -1 53 37 -102 -1 -30 -34 -36 -26 -25 -44 -36 -39 -58 -35 -44 -56 -98 -82 -63 -64 -63 -55 -88 -91 -128 -97 -89 -86 -81 -105 -94 -116 -93 -112 -103 -103 -107
-22 -34 -59 -63 -46 -69 -64 -22 65 42 0 37 35 12 26 38 15 38 37 0 42 0 36 35 35 35 0 56 56 36 15 56 47 42 64 15 25 25 42 43 38 67 85 36 45 120 78 122 99 112 94 72 70 50 0 47 45 42 27 30 30 38 35 31 35 36 0 27 33 33 35 36 31 0 32 30 39 33 35 35 33 32 37 43 39 31 49 52 50 39 32 36 53 94 119 72 101 77 108 93 122 116 113 99 100 76 84 94 90 95 0 78 100 83 99 59 88 104 71 100 113 112 113 93 112 81 85 106 116 74 105 100 117 117 114 111 76 87 104 113 97 101 99 62 105 0 56 14 99 100 60 74 45 41 76 -1 -1 0 16 9 0 95 22 -1 36 37 22 -1 -21 -17 -27 -35 -46 -47 -55 -50 -63 -53 -68 -83 -89 -70 -47 -91 -75 -82 -91 -115 -128 -93 -96 -82 -98 -94 -103 -86 -111 -93 -111 -87
-12 -56 -58 -70 -55 -75 -70 70 117 64 52 49 49 37 35 32 39 35 35 36 21 33 38 37 0 0 58 56 0 0 59 56 55 49 55 56 0 44 38 68 74 58 60 81 118 119 116 76 84 89 91 71 61 52 49 39 48 31 24 32 39 38 32 35 36 -60 32 36 30 35 38 0 0 31 33 25 37 32 32 -128 33 29 30 39 44 42 44 44 52 47 20 15 70 76 72 110 106 113 123 72 88 111 100 94 67 87 85 71 60 90 0 107 108 89 97 60 77 77 81 -128 0 102 79 101 94 110 119 99 117 112 113 112 108 89 -125 114 79 89 107 82 64 79 105 100 91 0 102 112 99 122 82 62 111 84 122 39 56 84 39 42 113 -128 59 -1 39 48 95 -103 -14 -14 -14 -40 -31 -47 -35 -40 -42 -60 -88 -63 -70 -78 -53 -61 -91 -42 -106 -128 -103 -89 -101 -112 -103 -101 -91 -94 -94 -102 -105 -92
-13 -54 -47 -55 -46 -53 -73 -22 0 90 0 79 0 74 37 41 0 49 38 35 37 31 37 -128 0 56 59 56 56 59 59 58 59 58 58 55 -128 29 15 68 81 47 87 73 79 90 118 119 90 83 90 61 66 50 49 53 42 35 24 41 41 41 42 39 36 33 37 32 37 20 31 35 36 36 35 36 38 36 36 35 36 36 35 41 32 30 35 41 53 45 41 37 47 26 95 110 76 110 111 117 76 106 104 95 70 90 94 97 73 81 108 118 88 108 99 111 97 90 59 93 123 110 118 100 68 114 61 118 111 84 79 95 123 99 81 114 114 68 101 70 112 108 81 100 100 71 60 90 64 116 77 41 104 107 78 4 74 97 10 112 72 -49 -45 -128 -1 -1 43 97 81 -1 -7 -1 -35 -37 -40 -64 -63 -82 -68 -68 -77 -79 -67 -61 -74 -42 -83 -115 -103 -87 -91 -87 -97 -89 -100 -108 -92 -87 -102 -91
-54 -61 -60 -59 -45 -55 -59 0 0 87 118 118 82 44 27 36 33 52 26 37 33 35 32 35 0 56 58 60 58 59 58 37 56 56 52 49 54 0 0 48 58 0 0 101 120 96 81 94 99 77 62 58 52 49 49 44 41 24 43 38 42 39 38 39 33 39 19 33 33 35 41 43 42 42 43 39 39 39 35 37 35 35 35 36 32 41 36 36 33 0 39 45 38 65 77 96 81 118 100 87 107 84 96 60 85 89 101 38 95 105 58 116 97 102 97 101 119 91 106 91 116 97 67 112 116 91 59 97 89 68 107 116 114 102 65 102 93 77 93 108 101 81 72 118 87 74 117 101 74 42 53 83 54 95 61 25 71 79 117 116 10 37 106 -1 -1 -1 119 61 111 64 -7 -4 -14 -30 -35 -34 -82 -88 -75 -65 -70 -64 -61 0 -34 -74 -115 -128 -103 -88 -101 -97 -107 -86 -105 -105 -97 -93 -94 -94
-1 -32 -59 -55 -67 -56 -45 -23 110 79 0 0 122 97 96 49 9 36 38 36 35 37 37 0 56 59 56 58 59 59 58 59 59 58 56 52 54 55 26 49 -128 21 0 113 111 101 95 100 100 82 0 13 54 50 49 48 30 45 42 39 38 42 41 29 4 32 37 36 32 32 -128 41 45 38 39 42 25 39 35 18 31 36 37 35 29 32 32 32 39 0 56 50 50 32 54 59 118 93 88 84 61 100 55 58 87 70 73 89 90 107 0 90 111 111 114 101 107 112 111 124 105 64 91 84 102 102 97 97 96 102 93 0 90 0 101 0 45 102 108 100 0 90 118 95 105 116 113 106 113 60 45 122 0 90 70 55 32 42 104 100 120 0 64 93 -1 -1 -7 122 21 20 19 -115 -7 -12 -53 -73 -91 -87 -73 -65 -68 -70 -87 -11 -30 -49 -100 -128 -103 -87 -105 -102 -92 -114 -92 -112 -93 -93 -100 -97
-87 -32 -45 -45 -61 -44 -22 -1 0 89 72 118 76 59 62 68 0 41 35 36 37 37 37 36 0 58 56 58 59 58 59 58 58 58 58 59 59 0 20 58 38 45 102 118 101 95 89 89 99 68 78 62 73 0 26 30 45 47 44 39 36 43 27 38 41 31 33 33 33 35 33 26 42 0 38 37 36 24 41 38 35 38 32 30 43 38 44 44 45 45 50 55 59 35 21 105 119 106 83 73 55 48 37 89 67 88 87 56 81 123 100 120 107 111 96 2 52 119 119 94 65 108 96 111 67 113 61 93 105 71 87 66 116 110 106 66 107 110 99 87 119 122 73 82 89 102 111 94 111 104 122 60 111 85 113 47 30 21 54 117 83 113 93 95 -1 -8 -6 90 37 -78 -1 -1 -1 -3 -64 -86 -86 -67 -70 -83 -70 -61 -64 -20 -40 -91 -120 -117 -92 -89 -111 -110 -101 -105 -101 -87 -89 -108 -93 -105
78 106 -32 -50 -49 -47 -36 -41 68 0 74 73 112 104 68 27 41 0 29 37 36 36 36 -128 37 35 56 58 59 56 58 61 58 59 59 56 56 61 65 55 61 -128 52 96 78 0 33 99 84 71 0 72 71 68 70 56 0 65 0 0 43 0 0 39 41 38 39 36 36 32 33 42 42 43 41 41 39 41 35 41 35 36 32 30 32 39 35 26 49 42 48 30 48 45 29 67 56 47 41 73 54 44 87 91 66 114 0 61 106 119 116 106 120 119 101 -103 95 77 112 116 70 117 65 119 101 10 100 42 113 48 83 96 68 117 99 104 70 95 100 116 118 94 99 22 99 102 112 87 84 120 60 118 101 67 0 120 59 48 47 88 122 120 94 87 99 -18 -8 -16 73 97 -1 -1 -1 -1 -3 -91 -91 -88 -70 -69 -89 -64 -32 -22 -26 -87 -115 -128 -98 -88 -91 -93 -93 -102 -111 -102 -112 -103 -106 -100
77 95 59 -42 -45 -51 -31 -12 108 24 127 79 111 67 50 53 29 37 37 37 36 36 37 37 36 59 59 58 58 59 55 -128 56 58 58 56 56 71 71 42 0 93 97 101 -51 74 72 76 84 78 24 72 70 71 48 67 66 66 64 62 60 54 62 0 42 38 36 26 33 30 41 39 39 39 39 38 42 30 41 38 32 32 33 37 37 39 48 32 37 54 42 43 37 43 47 54 24 59 100 104 70 90 81 0 87 100 99 25 122 120 85 120 90 94 77 91 114 120 97 112 70 66 68 107 91 104 56 93 87 62 68 104 83 123 120 119 111 117 95 111 112 122 106 107 122 105 74 74 105 114 119 65 104 102 70 120 24 45 32 0 -97 120 117 119 65 -1 -8 -2 102 36 -1 -1 -1 -55 -83 -91 -96 -69 -79 -70 -63 -32 -121 -1 -65 -97 -128 -103 -114 -82 -105 -106 -96 -108 -97 -115 -94 -89 -107 -107
71 66 104 -112 -42 -51 -51 -14 61 61 76 21 90 66 62 30 36 36 35 36 37 36 36 36 0 59 58 56 59 59 59 43 59 58 58 58 65 68 71 78 78 83 83 101 14 77 95 81 0 81 71 72 66 71 66 59 68 66 66 64 56 61 61 61 0 36 36 26 45 37 35 35 33 37 41 37 41 39 42 37 38 38 41 29 43 47 43 56 38 43 42 61 54 58 54 26 50 38 76 74 61 108 105 79 60 81 96 108 82 84 106 117 113 108 -128 106 120 100 112 104 100 96 0 54 91 100 104 84 67 93 67 82 118 108 68 89 71 111 107 67 78 88 90 85 84 66 104 39 85 91 117 113 91 68 100 104 66 104 59 45 8 100 50 107 66 62 -1 -27 -3 27 36 -1 -8 -55 -63 -87 -70 -75 -74 -69 -67 -53 101 -12 -45 -98 -120 -103 -92 -102 -98 -108 -100 -94 -92 -91 -107 -96 -91 -97
71 71 64 114 -73 -32 -12 93 48 107 64 72 91 49 36 0 35 35 37 36 38 37 37 37 58 56 59 59 56 59 59 58 56 59 58 58 50 77 81 82 72 90 112 65 81 78 0 88 -98 76 72 73 73 73 61 74 70 67 68 66 62 61 61 59 36 37 36 38 35 33 31 35 32 35 39 38 39 43 43 42 39 36 31 35 61 29 39 27 55 52 60 52 61 66 66 64 52 70 96 71 90 61 74 104 94 113 111 112 -49 90 116 116 112 105 89 118 102 43 97 99 87 58 50 58 99 97 111 105 81 76 97 66 118 118 32 110 74 101 82 85 81 64 56 73 102 120 62 54 77 74 116 72 78 114 113 83 117 84 111 10 -82 58 117 70 106 36 -13 -40 -1 -1 30 -1 -13 -69 -91 -78 -69 -77 -68 -68 -64 -128 -11 -1 -91 -114 -128 -112 -87 -86 -100 -110 -106 -108 -102 -91 -107 -103 -106 -94
101 78 89 58 84 87 113 76 101 54 101 0 114 87 43 0 35 35 35 -112 -1 37 -1 -108 -1 -1 -96 59 58 59 59 59 56 59 59 56 54 54 78 85 60 101 105 78 71 95 96 85 81 83 81 72 72 53 68 74 72 65 81 81 76 66 -77 59 37 36 33 33 36 36 31 35 35 35 33 41 38 41 39 45 36 0 39 49 52 38 6 0 27 52 61 54 66 67 90 42 97 59 56 65 82 53 64 67 97 117 118 81 79 94 96 117 -119 114 88 89 73 95 66 93 108 106 68 101 93 96 0 116 87 102 100 68 70 72 116 104 85 94 118 95 90 88 85 50 68 88 83 110 66 85 94 120 89 91 102 59 96 89 74 49 -94 50 91 71 94 104 41 -1 -49 -1 -1 85 122 -3 -3 -77 -63 -84 -67 -68 -63 -37 -14 -20 -55 -79 -128 -105 -89 -89 -88 -93 -106 -94 -93 -107 -94 -94 -103 -97
90 81 72 76 97 99 99 42 60 114 88 0 70 101 83 33 38 37 -1 -1 -1 -1 -1 -1 -1 -1 -1 -1 -111 58 59 59 58 53 52 59 59 62 64 89 95 88 94 94 0 83 83 0 76 81 83 78 52 78 74 74 68 89 84 84 72 50 56 61 44 38 36 33 33 33 36 31 32 37 36 43 -1 44 42 42 43 37 44 25 65 36 55 39 48 65 25 71 94 102 52 38 116 90 74 82 82 83 93 100 111 110 67 97 122 83 114 100 110 93 106 116 96 100 101 118 101 70 74 65 95 79 88 99 91 104 81 111 117 108 77 81 111 85 105 87 74 62 77 83 73 55 62 66 58 60 105 106 54 114 65 113 101 90 0 -1 -128 43 113 110 78 118 -53 -44 -45 -50 -12 88 47 -96 -1 -73 -65 -70 -67 -96 -70 -21 -3 -27 -98 -115 -103 -87 -93 -89 -98 -102 -97 -93 -97 -93 -103 -106 -94 -88
100 96 62 83 89 99 90 90 78 88 111 96 72 84 104 22 36 36 37 -1 -1 -1 -1 -1 -1 -1 -1 -1 -1 -102 59 59 59 61 56 68 66 54 83 71 84 83 91 71 87 83 76 29 73 79 77 78 56 68 83 74 82 81 101 95 99 89 78 71 56 61 0 0 33 33 0 32 33 33 37 41 33 45 42 45 41 35 65 0 33 61 68 62 62 77 56 90 76 106 67 19 74 94 47 88 68 76 91 97 83 108 88 14 -39 122 119 112 102 72 114 120 111 105 108 90 88 45 64 102 56 100 105 110 116 101 81 112 112 71 81 106 117 29 106 110 96 90 -128 81 87 66 58 52 66 77 93 85 112 93 116 110 60 70 21 35 36 32 88 110 102 66 78 -9 -39 -45 -22 -3 58 -1 -9 -14 -26 -65 -72 -74 -53 14 -3 -12 -82 -100 -128 -92 -94 -96 -100 -101 -106 -107 -107 -87 -101 -96 -103 -88
66 65 62 96 64 81 84 96 77 94 108 102 82 96 107 0 35 37 -93 -1 -1 -1 -1 -1 -1 -1 -1 -1 -1 -1 59 59 58 64 71 60 73 81 73 90 82 101 95 78 56 81 78 78 76 73 85 59 82 88 76 79 96 96 91 111 107 108 79 70 55 58 39 35 36 16 56 0 32 35 33 38 43 44 49 41 59 60 55 64 48 66 102 99 78 90 85 95 123 -128 119 96 66 95 54 95 97 85 102 66 112 117 -64 106 -94 117 81 78 111 106 113 120 94 -1 96 74 95 59 97 100 94 81 91 87 105 97 106 99 113 119 105 0 102 96 101 107 99 91 83 77 62 74 71 58 74 77 0 114 107 73 99 61 84 35 44 37 -128 58 118 73 116 79 -1 -53 -54 -28 -12 -1 16 -1 -7 -9 -46 -50 -59 -42 -21 -1 101 -45 -91 -120 -103 -112 -97 -100 -102 -89 -106 -102 -91 -105 -103 -97 -98 -101
62 81 61 85 76 84 90 78 64 0 87 96 111 19 70 42 79 37 -1 -1 -1 -1 -1 -1 -1 -1 -1 -1 -1 -1 59 59 59 50 76 62 56 66 66 65 85 104 88 79 76 73 49 70 62 66 76 72 60 78 88 83 97 99 85 99 96 96 88 84 76 59 -82 60 54 58 55 0 35 35 35 43 47 55 50 58 -50 49 64 0 62 38 59 118 112 113 102 116 96 91 123 113 107 96 95 113 113 83 79 106 118 113 107 30 116 120 95 89 114 93 107 123 107 -1 44 88 119 50 58 94 90 100 0 67 105 104 65 91 76 100 76 111 111 114 89 111 91 111 93 77 65 67 58 53 70 56 74 29 88 113 95 83 114 87 30 15 0 37 110 105 114 67 95 -16 -42 -40 -23 -3 -1 -1 -1 -6 -7 -4 -55 -34 -128 -25 -1 -22 -88 -115 -105 -115 -78 -100 -102 -92 -93 -84 -112 -96 -94 -98 -108 -96
78 81 66 68 93 59 95 90 96 99 0 111 73 42 89 91 111 -1 -1 -1 -1 -1 -6 -1 -102 59 -1 -1 -1 59 59 58 60 59 54 59 64 81 71 90 94 67 62 66 77 71 68 65 66 58 54 58 72 94 85 85 76 82 84 88 94 96 89 78 67 56 52 55 56 56 55 0 35 37 43 49 0 53 -75 67 59 89 78 72 43 72 38 110 72 0 0 102 -50 124 118 120 97 91 106 59 118 107 95 120 96 108 117 16 120 113 102 112 123 91 85 110 104 -1 39 120 102 90 61 81 111 0 101 88 111 54 105 76 117 95 108 110 100 104 106 97 111 105 113 87 -128 76 31 52 59 61 73 70 85 96 118 119 55 26 36 10 36 24 116 108 74 76 -2 -47 -53 -53 -26 -12 -1 -1 -1 -6 -3 -7 -3 -1 -1 -1 -21 -83 -98 -120 -98 -103 -100 -101 -98 -112 -92 -89 -121 -100 -88 -98 -97 -94
83 96 88 93 90 89 90 100 94 91 0 76 111 0 65 95 83 -1 -1 -1 -1 -1 -1 3 -1 58 59 59 59 59 59 59 53 59 59 54 53 59 82 82 73 76 73 65 68 61 59 58 44 52 59 66 65 77 91 88 82 82 85 87 90 99 96 97 78 65 59 56 59 56 53 54 15 35 38 44 56 47 62 61 65 52 76 84 101 54 54 117 110 124 122 84 122 117 117 112 91 72 100 107 116 100 105 114 117 99 119 117 111 85 113 122 87 107 111 111 73 -1 -75 93 101 71 73 100 101 93 101 97 81 106 70 89 116 119 0 0 83 88 102 94 106 114 87 99 88 91 64 48 60 74 61 106 84 91 47 77 19 0 37 -128 25 33 66 112 79 107 60 -12 -56 -55 -32 -27 -1 -1 49 61 56 43 53 61 71 56 -6 -82 -89 -114 -94 -92 -87 -97 -101 -94 -112 -105 -108 -97 -101 -93 -107 -96
76 78 -1 68 81 90 64 0 82 67 0 74 87 81 59 85 -78 -1 -14 -17 -4 -27 -1 49 59 59 53 60 59 58 59 59 56 71 54 55 59 56 72 73 65 76 62 68 54 56 56 47 56 58 59 66 78 89 100 91 90 100 88 65 94 101 81 77 81 66 64 58 59 58 56 55 0 36 33 38 45 42 37 44 27 54 72 87 112 64 72 113 0 85 116 56 96 111 101 67 65 61 90 66 118 66 102 118 118 104 114 113 90 76 78 110 107 100 102 102 -1 -1 67 105 94 62 70 101 66 99 100 120 68 101 113 90 112 118 104 0 111 83 100 110 102 102 114 95 100 87 59 49 53 59 26 48 111 91 32 76 31 33 58 0 33 61 105 61 64 107 50 -55 -70 -44 -25 -26 -3 -1 61 52 111 112 90 95 59 -2 -73 -82 -115 -92 -88 -101 -102 -101 -101 -101 -102 -89 -89 -87 -105 -94 -88 -92
85 96 70 -1 88 88 64 102 90 -1 71 84 -1 78 32 45 78 -11 -32 -26 -26 -16 -3 60 58 73 59 56 48 58 59 58 61 59 72 62 56 53 59 67 66 76 71 58 56 56 64 59 50 64 71 72 78 56 99 89 90 85 95 95 99 91 95 94 94 83 78 68 58 60 54 60 56 42 35 32 55 48 47 70 50 41 73 55 70 93 41 95 100 107 100 85 0 97 116 85 64 71 64 91 97 79 82 108 114 120 111 111 105 71 120 113 110 81 79 89 -1 37 78 72 87 66 106 106 94 104 76 72 73 93 111 68 118 116 72 -128 111 107 95 102 111 113 95 100 94 104 90 0 52 53 30 32 14 0 100 22 31 33 58 56 0 37 100 119 64 85 95 -6 -70 -46 -36 -26 -20 -3 -1 81 95 113 96 82 43 -17 -74 -91 -115 -126 -93 -96 -106 -92 -92 -93 -100 -91 -110 -108 -101 -106 -96 -93
94 84 87 60 65 78 102 106 66 0 61 105 -47 76 0 76 -1 -40 -36 -32 -14 -3 -1 61 78 99 59 67 61 60 55 43 55 59 59 65 60 59 61 66 82 78 58 55 54 56 67 64 60 70 67 85 83 101 104 94 87 89 -53 93 96 97 104 102 104 93 85 70 61 56 64 3 61 43 39 58 54 64 74 70 -128 65 83 65 90 59 85 123 105 100 100 66 68 93 87 93 76 102 91 47 85 82 101 71 105 117 110 118 108 114 93 84 101 118 95 -1 -1 118 67 91 93 68 89 100 105 67 66 112 114 118 105 114 81 81 111 97 104 85 94 93 116 97 101 107 108 112 99 18 62 76 95 76 59 106 81 31 33 56 56 59 60 20 87 96 110 84 42 -61 -61 -59 -22 -41 -8 -17 -1 54 116 73 53 61 -34 -64 -82 -106 -125 -91 -93 -103 -97 -100 -101 -107 -96 -105 -86 -128 -107 -93 -92 -110
107 87 59 85 61 52 94 106 99 60 66 81 53 42 79 71 54 -12 -28 -44 -32 -31 -1 59 64 79 53 77 68 64 58 54 54 58 55 56 61 61 56 64 62 60 78 42 54 55 56 59 64 70 78 85 83 106 113 112 97 66 94 96 101 101 107 105 97 101 101 89 79 64 61 61 66 0 44 67 52 83 74 56 66 53 61 73 62 73 111 91 117 101 84 85 79 62 96 78 64 59 87 104 94 45 61 89 53 94 107 120 117 101 114 119 76 117 87 -67 -1 118 91 58 105 82 101 79 20 113 96 74 110 123 72 108 106 97 82 83 105 106 83 90 110 108 100 72 101 101 105 94 89 104 101 107 99 64 81 26 33 56 58 60 0 33 37 83 95 70 122 -22 -65 -59 -42 -14 -44 -13 -26 -1 73 112 111 73 -79 -49 -68 -100 -120 -92 -91 -97 -107 -101 -94 -111 -94 -105 -89 -102 -93 -87 -98 -103
105 31 97 0 66 102 104 0 67 0 77 42 56 32 68 106 -1 -26 -28 -26 -14 -4 -1 59 66 79 72 82 66 60 58 54 0 59 58 59 66 59 54 54 54 68 42 54 56 58 56 54 65 76 78 90 101 113 111 106 95 101 96 100 102 108 108 113 106 113 100 78 73 66 60 65 64 47 47 70 79 66 74 68 45 52 41 58 100 120 105 111 0 87 123 85 117 120 85 106 38 82 95 89 97 73 38 89 55 82 76 106 108 119 101 88 110 113 -1 -39 85 102 106 87 106 77 78 97 90 114 89 76 108 113 73 107 83 99 -128 83 81 111 78 93 106 108 87 99 73 101 100 99 83 110 108 82 99 60 -128 56 54 56 56 91 18 43 97 83 84 78 -1 -64 -69 -58 -91 -49 -34 -35 -23 -1 61 55 102 104 -7 -47 -89 -102 -98 -87 -94 -100 -98 -98 -98 -106 -108 -100 -97 -105 -106 -87 -103 -91
90 72 0 84 84 68 99 96 0 0 84 83 60 58 44 78 31 -1 -23 -25 -14 -3 -1 -1 55 64 65 74 78 66 58 0 67 64 66 61 0 -1 -65 0 55 55 54 56 58 56 58 59 60 64 79 101 111 105 101 107 101 106 111 106 104 111 107 114 113 114 108 114 83 73 67 62 66 68 56 65 55 66 56 94 82 78 45 62 104 91 116 114 55 111 93 105 -100 95 67 50 96 56 64 96 104 97 76 0 48 88 72 100 122 118 105 95 117 110 -1 120 66 108 99 117 77 99 61 62 82 84 118 108 117 118 71 106 111 102 108 113 88 108 99 88 94 94 110 90 82 84 93 81 96 101 113 88 85 88 52 55 56 56 56 66 54 62 55 94 72 117 84 -44 -54 -59 -42 -75 -60 -41 -1 74 104 49 -2 -12 -1 -16 -83 -91 -120 -94 -94 -97 -97 -97 -102 -107 -105 -101 -101 -97 -103 -105 -91 -94
99 107 0 0 93 101 76 78 94 105 90 73 56 47 76 73 -1 -3 -13 -14 -14 -4 -1 61 60 73 60 38 78 71 0 64 70 71 73 -82 50 0 55 -63 -1 54 54 58 58 56 59 59 66 85 101 108 101 110 104 104 106 101 112 107 107 112 113 106 113 111 108 101 94 94 78 68 67 0 59 0 83 89 87 120 107 108 111 111 110 119 119 73 77 71 66 95 79 83 56 87 58 95 71 76 94 88 0 68 58 43 84 78 65 120 94 106 114 -1 113 107 77 112 78 113 105 104 106 95 108 74 87 82 116 100 81 72 116 118 37 111 76 104 88 104 89 108 99 66 85 74 81 90 99 110 90 94 102 49 55 56 56 56 59 45 0 16 77 118 119 88 -25 -72 -75 -51 -84 -69 -100 -61 -11 91 74 -49 -44 -39 -63 -78 -82 -96 -106 -88 -92 -100 -102 -96 -105 -102 -98 -101 -103 -101 -102 -105 -92 -103
85 112 83 0 66 -39 99 94 73 64 113 110 0 59 58 -97 -100 -1 -4 -14 -14 -4 -1 0 52 37 48 66 85 81 0 65 59 62 73 -1 45 0 -1 55 55 55 1 55 54 66 49 55 66 74 89 113 100 93 114 108 97 106 110 114 111 114 113 113 111 112 88 108 101 108 83 77 -111 71 0 85 55 68 81 118 112 91 0 106 71 120 102 67 83 49 88 0 100 76 48 96 74 90 91 76 99 96 59 0 85 90 64 45 66 0 78 88 -1 -1 107 76 118 113 95 105 89 88 97 104 67 85 88 82 112 118 99 79 81 117 0 113 107 100 -96 94 106 99 83 81 59 77 94 82 79 76 88 111 95 61 27 52 89 102 43 37 52 33 99 79 113 117 94 -54 -44 -88 -74 -83 -91 -78 -42 85 -1 -13 -40 -46 -54 -59 -47 -87 -93 -103 -88 -101 -93 -103 -97 -101 -103 -100 -98 -94 -103 -102 -98 -98
111 78 0 76 95 96 73 64 79 104 91 113 56 59 -1 -1 -1 -1 -16 -3 -4 -1 -107 -1 0 45 66 66 70 56 66 59 59 64 -128 56 -1 -1 55 55 55 -128 55 59 56 67 64 60 68 83 100 99 90 88 94 94 99 102 94 113 94 110 113 93 110 111 112 110 111 85 101 84 83 73 84 93 90 18 0 0 48 93 97 67 49 89 0 66 81 67 55 93 107 70 60 65 -128 64 89 89 89 88 71 90 50 0 93 102 99 43 105 33 101 72 67 112 83 108 113 99 93 84 100 101 77 66 99 116 107 100 82 94 97 -128 111 102 105 111 94 107 106 108 93 67 76 83 78 83 74 81 81 76 91 56 52 67 97 91 47 54 0 31 49 73 97 79 -22 -64 -89 -74 -78 -73 -78 -91 -21 113 56 -9 -93 -27 -41 -63 -61 -78 -96 -107 -94 -97 -101 -102 -102 -97 -106 -96 -97 -102 -102 -101 -103 -92
104 87 116 95 96 95 94 68 91 67 66 0 -97 -1 -1 -40 -40 -39 -4 -3 -1 -1 -1 -1 -1 78 61 68 56 35 74 61 43 60 56 56 54 -1 0 54 55 56 56 -128 59 55 56 60 52 64 93 89 93 88 91 94 96 106 101 114 108 112 108 106 105 106 93 108 108 111 113 91 93 77 93 83 37 113 113 76 0 55 65 66 101 76 66 88 88 77 81 111 96 97 99 81 95 106 38 101 52 97 79 79 90 70 73 87 0 77 53 60 93 96 116 108 113 85 102 106 90 81 89 100 97 73 107 110 89 14 112 7 94 113 107 -97 111 96 97 106 88 90 91 68 66 64 73 79 64 72 61 81 108 79 47 56 66 81 79 43 -1 36 38 97 108 83 -6 -74 -87 -78 -81 -83 -77 -81 -61 -64 83 -30 71 -39 -3 -46 -44 -41 -82 -82 -103 -93 -97 -102 -98 -106 -102 -100 -98 -101 -94 -94 -101 -102
107 101 0 72 97 88 89 66 68 93 99 -2 -40 -39 -44 -39 -27 -14 -3 -1 -1 59 -1 -1 87 77 71 61 53 54 74 61 58 55 54 56 55 58 0 56 55 56 56 54 -112 53 72 71 55 68 85 85 79 89 96 99 105 110 113 111 110 105 107 107 101 94 104 105 105 105 113 105 101 94 88 100 102 101 97 68 94 79 50 47 71 84 94 53 67 53 93 91 59 58 65 87 -1 106 95 93 62 97 88 89 94 -1 68 93 67 54 76 54 71 70 -97 106 112 101 61 58 61 94 96 59 60 61 101 108 111 -37 37 101 -45 -53 106 111 93 107 104 106 113 88 84 64 64 64 66 76 64 65 82 95 62 50 99 73 104 65 0 -54 27 62 68 81 85 8 -65 -83 -79 -79 -77 -78 -79 -72 -55 -63 -21 49 82 45 -1 -35 -44 -72 -88 -103 -107 -87 -97 -98 -93 -105 -94 -97 -101 -101 -105 -92 -110 -107
116 99 104 94 71 82 54 78 99 68 90 -1 -31 -45 -45 -45 -25 -26 -4 -28 -1 61 60 -1 -1 61 0 66 59 59 56 76 61 61 56 56 56 56 55 55 55 56 56 56 55 55 56 62 56 53 81 76 90 83 95 91 102 116 111 108 107 108 106 94 95 100 91 101 89 107 110 112 105 83 101 101 104 117 111 78 74 0 95 60 87 85 56 74 48 55 43 38 94 87 0 89 93 60 91 65 91 89 93 68 88 62 71 78 77 65 56 62 60 0 111 6 95 0 113 88 81 97 49 78 106 107 85 110 108 108 106 107 105 113 113 111 111 106 106 102 94 114 94 64 61 62 64 65 65 61 62 96 64 54 114 93 77 81 0 48 33 44 38 122 111 111 -22 -87 -83 -91 -78 -86 -78 -81 -51 -64 -44 -11 59 107 81 74 -16 -61 -63 -63 -112 -103 -93 -103 -96 -97 -98 -94 -101 -101 -102 -96 -96 -107
106 113 77 89 73 89 68 94 89 61 42 -13 -32 -34 -26 -28 -27 -3 -1 -1 61 73 54 -102 60 89 74 71 59 41 -74 0 0 58 55 56 56 56 59 56 56 56 56 55 56 56 59 59 59 67 66 72 76 89 96 106 110 113 96 90 97 97 101 110 110 108 97 106 101 96 105 111 113 113 112 108 91 104 113 111 112 52 37 0 44 39 47 55 61 0 -1 76 104 -1 108 99 97 82 81 77 47 50 61 66 65 83 81 96 94 79 0 84 76 87 113 88 84 0 89 95 89 94 89 30 104 106 81 85 85 111 0 100 113 113 112 108 108 101 99 85 90 111 72 61 62 61 64 61 68 61 66 72 89 64 90 110 100 114 83 45 47 76 94 117 85 -1 -68 -83 -79 -79 -79 -79 -78 -79 -61 -88 -44 71 30 113 111 93 -25 -55 -59 -58 -112 -102 -87 -89 -102 -94 -102 -100 -96 -103 -96 -94 -102 -111
7 0 0 78 89 68 83 66 94 110 59 60 -23 -28 -28 -25 -13 -1 -1 -1 -1 59 87 66 88 66 49 62 74 0 -1 60 0 0 56 58 58 55 56 0 56 56 55 56 56 58 -128 59 59 62 68 83 78 85 85 81 113 114 114 110 91 106 105 112 95 105 100 96 100 106 107 105 110 111 108 104 111 83 84 94 106 99 100 73 7 33 79 47 73 73 72 73 96 106 106 81 101 0 0 15 44 0 59 76 68 95 94 91 76 105 81 97 82 104 90 90 107 94 83 0 0 0 0 101 101 102 89 99 97 96 111 105 106 112 -1 108 0 83 79 89 83 81 101 72 61 62 59 62 77 60 70 79 113 89 104 87 85 102 105 0 26 68 114 68 78 -12 -64 -86 -81 -78 -88 -81 -79 -77 -73 -64 -61 -32 -73 113 112 66 108 -36 -56 -37 -83 -115 -98 -93 -106 -92 -94 -102 -102 -101 -96 -96 -97 -107
114 74 70 66 88 67 70 88 79 74 88 54 -25 -28 -28 -26 -1 -1 -1 -1 -106 52 85 61 72 71 60 44 0 59 59 56 56 0 58 56 56 56 56 0 58 54 56 59 59 59 0 61 60 58 71 83 82 84 93 99 108 114 102 105 113 113 102 100 107 106 111 107 96 107 99 96 110 111 108 111 112 96 88 97 90 68 70 93 0 31 87 64 90 21 91 66 79 66 94 99 99 76 97 70 66 85 66 64 99 91 71 90 94 71 105 100 73 79 108 100 101 93 83 94 84 97 91 101 96 89 102 105 93 90 0 0 112 0 110 106 106 0 96 83 112 94 81 56 58 60 61 62 58 70 67 52 77 110 83 99 110 113 71 0 27 50 90 43 -9 -65 -88 -78 -78 -79 -67 -70 -67 -69 -68 -88 -56 -32 -1 61 110 83 -12 -32 -58 -69 -91 -120 -98 -89 -61 -97 -94 -100 -103 -101 -101 -106 -103 -98
85 87 95 85 85 88 96 94 88 96 64 83 -3 -27 -28 -37 -9 -1 -1 -1 -128 59 82 59 27 91 72 59 54 56 56 50 56 56 56 66 52 56 58 56 59 64 61 54 59 60 61 61 61 61 60 62 83 81 88 88 96 108 108 105 105 111 100 102 99 104 114 102 105 97 108 101 90 101 108 104 112 99 -1 113 99 66 -89 100 82 0 53 88 85 61 94 70 91 99 -1 77 64 85 70 68 88 88 94 9 84 96 -105 81 101 88 90 82 90 102 90 90 102 78 96 94 91 83 104 77 78 83 96 106 108 96 107 112 111 101 99 111 105 101 90 101 102 102 83 83 59 60 58 60 61 66 66 73 64 85 77 93 112 84 97 111 0 -1 -1 -1 -55 -64 -88 -61 -77 -78 -68 -67 -86 -64 -61 -63 -98 -36 -22 -1 94 99 58 0 -28 -37 -73 -100 -128 -93 -86 -93 -100 -103 -101 -101 -96 -98 -98 -112
76 85 64 96 60 90 68 93 94 81 93 83 -12 -27 -26 -18 -12 -1 -1 -1 61 60 71 60 59 76 55 61 58 56 61 59 56 56 56 81 54 58 56 62 68 70 68 0 64 64 64 64 89 67 64 65 74 77 89 101 102 106 111 99 102 -1 -1 -1 -3 105 114 107 100 113 104 107 113 104 101 110 111 96 -60 99 81 0 0 77 100 0 62 85 90 76 88 83 94 88 101 77 93 94 88 85 64 65 64 68 64 65 90 94 96 90 71 78 105 85 96 99 66 64 68 93 87 93 83 97 101 96 94 102 93 99 111 94 110 110 111 106 0 90 102 91 113 112 79 62 62 60 -42 61 71 62 64 73 73 116 99 77 113 83 105 113 10 -1 -1 -88 -82 -84 -63 -73 -94 -64 -79 -68 -61 -91 -87 -64 -61 -47 -21 -103 58 83 -1 -11 -23 -49 -91 -115 -106 -92 -96 -96 -98 -102 -97 -93 -111 -100 -94 -115
70 72 96 83 88 90 85 78 93 91 88 83 89 -12 -26 -32 -27 -1 -1 -1 58 59 67 99 59 56 59 56 60 54 58 59 56 55 56 55 55 56 59 61 96 81 76 72 68 68 64 65 66 97 77 71 67 73 73 79 100 104 99 112 91 -1 -1 95 95 94 -25 88 96 96 95 97 95 90 100 94 104 112 114 -1 -128 0 110 104 105 87 0 78 81 88 87 101 71 90 99 101 89 71 94 81 72 93 73 90 95 66 66 74 78 93 96 99 76 76 99 96 99 87 94 78 95 77 78 84 94 102 102 85 104 100 105 95 112 108 96 0 106 102 100 107 106 113 73 68 65 61 60 65 74 66 66 76 88 83 95 101 113 88 0 10 -128 -4 -83 -77 -91 -73 -88 -74 -81 -61 -65 -68 -60 -60 -74 -61 -53 -12 -21 -2 64 105 52 -7 -7 -35 -73 -100 -125 -98 -102 -87 -100 -100 -100 -101 -96 -96 -98 -101
81 97 96 91 90 68 94 68 65 99 97 76 96 -2 -23 -25 -14 -1 20 59 58 64 100 99 58 58 56 55 58 52 61 61 60 59 2 54 56 61 42 64 96 83 81 78 0 68 66 66 71 97 87 94 88 91 82 78 83 95 113 110 -1 94 95 96 96 96 96 -1 94 79 96 97 101 108 100 68 96 104 101 114 114 111 116 114 81 99 61 59 62 81 90 88 -63 79 99 93 94 94 71 67 88 66 88 59 68 73 95 72 73 71 78 82 90 100 101 68 90 96 77 99 81 73 82 101 99 96 85 99 85 107 90 110 107 0 102 104 88 94 104 100 114 85 71 65 64 61 65 70 68 72 94 93 0 104 111 113 106 91 99 66 -32 -84 -67 -60 -73 -84 -77 -78 -63 -68 -41 -27 -82 -67 -67 -59 -32 -11 -23 -1 93 101 90 38 -11 -53 -67 -115 -103 -86 -97 -96 -94 -98 -101 -96 -88 -110 -89 -93
78 79 93 70 95 85 91 84 90 87 90 85 50 84 62 -1 -2 -1 -1 59 59 52 71 116 116 55 54 56 56 56 49 65 64 61 60 59 -128 62 62 52 48 90 93 73 76 0 71 68 68 88 94 105 81 89 96 94 88 91 96 104 101 95 96 96 97 97 97 99 96 94 112 114 102 -56 96 107 101 81 94 101 60 0 102 90 108 113 95 87 93 0 90 87 -34 91 -58 99 68 70 73 66 84 73 83 84 59 53 66 70 94 89 97 100 99 81 99 102 96 85 76 83 88 84 97 87 83 89 85 94 105 102 91 104 104 4 104 102 88 106 106 101 97 95 73 70 66 64 64 67 71 71 82 85 94 76 108 96 106 88 0 114 -45 -64 -91 -67 -65 -67 -61 -72 -61 -32 -68 -42 -34 -70 -65 -58 -60 -42 -2 -9 60 108 116 88 55 -39 -79 -97 -91 -115 -93 -96 -94 -102 -98 -98 -96 -100 -110 -106
79 85 101 78 73 64 79 61 93 73 89 104 79 68 64 62 59 -1 59 0 61 58 106 99 112 58 56 56 56 55 65 66 64 64 64 59 61 67 71 70 64 78 96 81 73 70 70 70 70 77 105 113 93 94 96 96 93 91 85 107 95 96 97 99 97 99 100 90 101 108 111 112 101 90 97 88 106 99 90 0 67 65 73 108 113 113 81 89 90 54 81 61 82 94 101 85 94 95 71 88 66 83 56 72 78 87 89 73 81 93 97 78 88 91 101 96 77 96 78 94 90 101 96 76 100 104 95 90 85 102 104 102 106 100 106 31 106 101 85 85 90 87 66 67 66 61 62 61 66 88 89 91 97 108 104 112 106 81 108 -9 -75 -86 -72 -72 -74 -72 -77 -61 -32 -60 -35 -14 -74 -68 -59 -32 -72 -47 90 47 110 105 89 113 -16 -60 -72 -73 -92 -93 -92 -107 -88 -87 -105 -96 -93 -94 -101 -103
49 82 95 66 85 72 88 85 77 100 106 101 73 56 85 100 100 100 65 61 59 56 116 110 0 105 54 56 56 56 55 60 70 68 67 65 -128 68 71 101 91 113 73 60 77 71 68 71 71 71 76 101 108 108 107 101 102 99 96 101 114 99 99 99 101 101 102 105 104 107 114 113 94 114 -1 108 113 114 95 79 76 77 73 108 113 113 97 102 99 84 87 73 81 102 71 74 90 91 96 90 88 70 54 83 79 77 52 62 76 85 77 73 93 94 96 77 87 96 95 96 94 96 81 88 91 89 91 99 94 96 99 88 0 96 88 96 90 102 101 85 104 96 68 72 68 65 62 64 60 77 90 100 83 111 114 110 101 89 104 72 -74 -81 -86 -73 -65 -68 -67 -70 -21 -53 -44 -31 -69 -64 -74 -42 -40 -70 -44 -40 49 85 81 58 54 -20 -47 -67 -100 -102 -91 -98 -101 -83 -115 -105 -93 -96 -100 -92
54 74 83 89 81 67 66 94 96 104 106 105 74 61 85 73 66 68 88 100 101 96 107 83 99 104 56 56 56 56 59 59 71 71 68 66 67 68 101 68 65 105 81 78 77 78 78 68 73 81 85 112 99 108 106 111 112 107 104 94 110 107 104 104 104 111 113 84 102 100 106 104 76 73 104 91 90 97 101 111 83 99 104 104 101 111 101 102 79 94 90 44 73 71 88 94 93 87 94 66 77 59 76 82 65 73 68 73 83 88 90 84 72 72 94 94 83 99 90 91 83 87 83 104 83 91 83 99 99 97 89 96 85 106 102 99 94 77 83 106 89 88 81 76 70 71 62 52 65 70 99 93 100 96 94 104 0 101 73 71 -65 -86 -91 -67 -84 -72 -72 -68 -41 -42 -39 -69 -83 -54 -69 -21 -8 -55 -21 64 95 73 68 31 -1 -103 -30 -83 -115 -120 -93 -102 -89 -63 -96 -106 -96 -103 -98 -106
49 52 82 88 83 85 66 93 88 106 106 107 106 108 81 85 96 90 74 70 79 83 96 90 105 68 83 59 54 56 59 60 64 70 74 72 0 68 71 67 91 60 95 81 81 83 83 76 -128 85 93 112 90 116 114 113 113 113 113 111 111 107 113 108 111 113 89 87 101 79 49 13 39 0 87 0 61 81 82 83 78 71 93 106 112 112 105 102 100 99 68 90 76 68 89 91 81 83 68 89 76 79 81 78 64 85 67 77 81 85 71 83 78 85 85 96 93 94 77 85 100 90 101 101 85 95 106 101 101 99 0 90 88 99 101 101 96 101 106 106 102 90 85 81 77 73 74 53 62 56 108 83 107 111 78 108 101 70 78 91 -121 -89 -87 -72 -92 -68 -63 -75 -37 -45 -64 -86 -64 -68 -64 -34 -3 72 -53 111 87 91 48 55 52 59 -3 -81 -79 -128 -126 -101 -110 -89 -108 -87 -106 -88 -110 -102
56 36 76 71 79 84 88 84 58 101 107 106 108 108 95 71 99 100 83 99 104 105 104 85 83 0 90 59 59 60 61 64 64 66 55 67 68 70 72 77 76 90 90 78 0 88 83 85 99 111 113 105 101 0 0 111 111 99 113 93 102 90 90 114 114 102 104 97 99 49 49 52 102 85 83 85 72 79 90 85 88 91 105 99 110 106 105 94 104 0 100 96 68 54 84 81 104 101 87 58 88 71 77 76 68 72 81 59 61 81 83 93 83 91 82 90 87 89 97 101 87 99 102 106 102 85 97 0 0 81 85 90 102 101 99 99 96 95 108 110 114 96 90 85 87 83 62 48 59 76 76 90 106 95 97 73 71 105 71 60 -37 -78 -72 -51 -81 -74 -68 -83 -68 -44 -44 -69 -79 -65 -65 -13 -87 -45 107 87 106 116 85 52 -86 62 -55 -100 -114 -128 -114 -102 -111 -98 -106 -96 -91 -91 -112 -93
54 59 99 81 90 61 64 74 70 91 77 104 96 108 90 78 72 93 101 76 90 82 95 88 88 99 89 0 64 61 64 64 64 66 68 68 68 68 73 55 84 94 113 106 81 83 9 -128 88 114 110 62 52 0 94 76 0 110 87 112 102 105 111 112 94 -35 87 81 104 68 59 67 73 70 81 77 73 83 88 90 91 95 104 108 113 107 104 104 100 0 101 100 74 83 89 74 78 93 73 88 96 65 78 83 85 85 89 85 83 88 90 82 88 99 96 76 85 90 91 96 91 101 99 104 104 104 90 96 90 89 84 99 81 91 102 101 94 100 106 87 113 105 101 99 105 64 52 52 56 76 78 95 107 111 0 106 71 83 85 41 -65 -46 -61 -60 -72 -69 -78 -61 -79 -61 -23 -21 -91 -65 -68 -42 -12 -1 50 89 108 99 84 114 -119 55 -51 -83 -114 -125 -128 -103 -97 -93 -100 -100 -116 -107 -97 -115
59 47 108 68 70 78 70 85 79 102 95 100 108 110 107 106 108 104 85 85 106 106 64 99 71 96 95 0 66 65 66 68 68 68 70 70 71 70 73 74 81 99 84 95 87 -1 -128 77 0 96 90 0 87 61 44 81 88 65 101 106 0 74 104 110 113 113 114 114 114 111 0 111 68 55 111 101 104 97 94 96 96 99 106 111 111 91 90 83 85 0 97 97 96 95 91 70 71 91 88 59 79 83 90 94 90 79 83 94 76 83 83 96 87 85 85 94 95 99 101 101 101 99 94 94 101 0 96 90 93 101 83 99 78 100 96 90 68 104 104 106 101 111 100 102 106 73 54 56 59 99 90 113 96 10 114 108 102 116 49 -54 -83 -67 -34 -91 -63 -60 -61 -68 -65 -42 -23 -70 -72 -34 -61 -35 -14 81 96 100 64 65 100 -97 -47 -53 -61 -70 -98 -115 -108 -103 -111 -101 -98 -92 -106 -92 -91 -96
59 58 85 91 48 59 88 87 85 87 101 97 105 108 110 108 108 108 108 108 79 101 106 81 99 89 83 97 84 68 68 70 71 71 70 71 71 -128 81 81 83 113 116 108 89 84 84 83 85 106 84 59 52 59 74 62 72 84 59 52 52 97 90 0 0 61 89 102 101 111 113 113 113 99 67 73 77 100 112 116 106 102 104 105 110 105 111 91 94 102 82 78 0 0 90 66 101 93 87 81 61 78 70 72 66 64 94 100 96 96 79 90 90 95 94 99 82 94 101 99 87 95 99 96 105 94 101 91 96 101 99 102 84 90 96 88 95 96 96 82 111 100 111 113 73 52 53 56 58 68 108 88 85 0 113 76 72 66 -124 -45 -65 -74 -34 -64 -67 -61 -74 -70 -64 -53 -45 -55 -65 -32 -74 -26 -12 64 71 107 85 113 78 -39 -44 -3 -34 -35 -50 -86 -79 -125 -101 -124 -92 -98 -96 -91 -89 -107
58 64 71 76 100 88 88 94 83 88 87 97 105 94 104 110 110 108 108 107 83 76 64 100 90 95 82 70 77 73 72 73 76 72 72 73 73 73 71 88 91 102 111 111 90 94 90 85 49 3 0 61 83 0 -128 90 -51 54 43 56 58 84 62 68 64 0 83 61 67 52 0 90 99 84 99 73 66 49 71 102 83 114 111 108 114 113 113 111 110 99 99 94 111 112 0 101 82 74 96 97 97 79 85 64 87 88 76 70 77 96 91 99 101 100 94 95 93 88 101 83 93 101 105 102 105 101 0 102 99 101 101 100 99 95 95 95 89 71 95 95 112 111 85 81 84 78 58 59 60 111 78 68 -120 79 90 67 101 47 -1 -49 -55 -42 -61 -74 -61 -47 -23 -82 -42 -13 -51 -58 -44 -54 -34 -14 -14 52 76 59 117 61 31 -61 -54 -11 -36 -14 -59 -65 -92 -88 -122 -103 -92 -88 -102 -107 -94 -101
58 61 87 90 64 61 84 93 93 78 81 90 73 101 81 84 104 108 108 108 108 85 78 96 100 94 99 93 0 81 76 78 78 79 78 73 76 76 83 78 96 108 106 71 108 101 111 0 -128 89 90 -128 96 96 0 70 83 62 87 83 50 49 88 44 -1 -1 81 66 90 66 0 71 94 71 94 108 73 64 43 76 84 96 101 113 104 106 112 111 108 104 101 81 99 100 110 111 0 81 90 85 83 82 85 91 68 71 89 76 90 81 78 100 101 97 83 90 96 96 90 90 99 106 108 102 102 99 83 99 99 94 101 99 94 96 96 79 84 94 101 76 110 114 91 79 81 36 59 59 60 99 108 66 44 97 64 91 107 84 -1 -1 -54 -56 -37 -64 -72 -54 -56 -81 -53 -21 -14 -26 -36 -63 -35 -14 -3 -1 -128 58 44 49 -34 -45 -61 -55 -41 -12 -27 -61 -69 -91 -115 -128 -103 -100 -103 -115 -96 -103
-1 76 104 88 83 64 78 93 91 94 94 105 84 99 82 108 108 110 110 108 71 107 88 88 91 96 101 81 105 0 83 90 83 95 81 76 76 78 85 94 107 113 113 32 90 15 89 0 99 0 76 114 107 111 48 102 93 55 54 0 55 66 44 64 72 78 73 44 0 59 88 84 61 76 77 81 81 88 61 43 61 96 96 84 70 70 100 89 100 99 84 88 90 94 101 88 102 22 83 99 85 76 83 83 77 81 77 90 100 99 94 85 88 83 93 90 78 87 93 106 106 99 101 97 91 82 102 99 99 104 101 99 99 96 96 85 99 81 102 93 101 85 78 83 56 -1 -1 50 83 58 39 52 47 49 66 66 83 87 108 81 -103 -34 -34 -72 -63 -68 -69 -59 -70 -35 -13 -22 -17 -26 -14 -101 62 100 70 -107 -1 -45 -21 -92 -67 -42 -49 -12 -54 -72 -61 -65 -101 -98 -102 -106 -107 -117 -96 -96
