136 133
68 45 39 48 38 77 85 87 93 101 99 49 83 100 100 91 104 99 83 44 78 73 100 102 107 112 105 96 105 88 99 95 91 94 105 108 102 106 99 104 108 108 99 97 96 89 102 89 102 105 101 108 88 97 102 105 113 113 107 79 89 110 79 52 101 74 85 71 61 93 68 73 97 90 73 84 65 59 78 36 72 58 73 62 37 59 76 81 54 48 24 0 29 36 50 54 62 61 85 97 55 78 89 68 33 48 48 38 70 74 85 44 25 26 42 24 22 31 18 21 52 38 13 27 15 14 12 16 12 12 12 9 16 36 21 12
49 36 53 47 84 95 99 102 102 94 56 13 67 102 101 78 90 91 72 27 43 49 67 76 89 102 93 89 101 94 81 87 83 81 91 108 89 94 78 104 111 85 100 106 106 102 106 106 107 102 95 93 76 105 110 112 108 113 105 89 93 112 88 52 82 60 61 89 83 68 54 82 106 102 76 66 73 77 100 83 20 38 53 30 45 55 76 87 79 47 26 3 39 58 54 68 79 64 45 65 70 65 48 58 32 56 29 56 96 87 88 74 59 33 24 29 18 26 33 25 32 25 24 33 20 16 15 24 16 19 19 9 27 35 13 13
47 60 66 7 42 65 71 96 93 59 42 70 68 87 91 84 87 74 68 74 53 16 31 79 68 96 89 83 93 76 82 100 76 68 73 82 85 71 83 102 87 84 100 102 102 104 111 111 111 111 97 95 87 102 112 108 112 106 99 99 102 108 101 89 39 67 106 95 64 48 82 111 102 111 77 74 84 81 78 77 41 0 22 35 68 64 89 72 67 48 53 13 77 88 76 73 79 65 52 42 43 65 43 25 32 35 65 83 65 35 53 73 45 38 31 33 22 22 38 36 31 52 27 32 26 21 16 24 32 26 24 15 36 36 26 18
72 66 77 68 48 85 97 96 97 90 90 96 91 87 91 87 100 89 73 68 70 62 68 41 88 107 83 55 68 59 56 67 73 83 73 71 73 66 54 49 48 94 97 101 89 104 112 104 114 111 106 111 87 93 107 110 111 104 100 91 110 108 105 91 73 37 89 77 48 56 100 87 83 87 71 65 59 54 70 73 50 22 18 37 43 62 47 32 50 52 65 58 50 73 53 43 58 67 49 21 35 27 22 27 31 31 25 42 16 26 38 32 27 33 32 25 26 22 32 35 22 33 29 24 20 18 20 19 27 36 27 30 37 24 14 19
100 83 99 93 65 82 99 95 97 91 105 112 106 89 79 91 113 108 96 91 95 64 58 38 96 113 102 64 55 60 50 53 61 45 84 62 55 52 45 55 81 101 106 100 79 91 111 113 84 113 113 111 93 89 97 89 90 114 104 84 110 110 104 97 76 43 13 49 44 90 89 93 96 79 87 89 73 49 56 78 50 19 8 29 39 43 37 24 35 39 21 10 16 43 38 53 61 56 37 33 32 45 20 20 25 31 32 43 21 27 26 30 35 37 36 27 27 20 31 35 31 37 29 25 25 22 18 21 18 21 25 33 35 21 12 27
102 111 101 78 88 93 90 90 95 107 114 108 101 95 108 113 111 91 70 70 49 43 58 30 61 97 105 88 72 59 49 71 78 70 67 53 50 41 59 68 90 100 105 100 84 97 106 113 99 102 112 95 107 105 49 62 48 106 108 79 113 102 102 108 101 90 72 35 49 74 85 113 102 95 87 73 56 72 49 50 49 25 3 10 37 15 14 16 31 19 26 29 52 27 19 43 45 37 24 44 55 36 25 25 33 27 27 30 26 18 24 32 33 37 37 35 30 26 30 33 37 37 37 32 22 25 25 30 26 18 16 27 36 21 15 29
88 99 104 105 93 99 85 77 108 79 84 108 111 112 106 97 91 93 105 102 71 60 37 30 43 55 85 88 31 30 36 50 68 71 48 54 64 67 73 76 91 108 106 106 99 100 106 107 108 105 99 91 85 67 90 89 97 70 61 93 107 91 94 95 97 96 96 37 70 74 89 102 94 104 85 74 82 74 56 31 35 33 33 27 15 20 16 15 8 24 25 13 35 16 27 22 22 33 39 39 41 25 43 31 33 31 26 27 24 22 32 27 27 36 37 36 32 29 32 37 37 36 35 33 22 25 35 36 31 26 26 15 29 21 14 20
52 62 81 67 59 39 33 37 76 87 84 83 90 72 72 68 91 100 94 90 87 100 81 76 90 79 39 47 84 35 26 14 22 38 50 66 59 78 91 95 101 105 100 102 110 106 108 106 110 106 108 108 107 113 113 112 97 111 58 76 101 105 82 49 42 93 84 37 48 96 90 83 97 81 101 94 67 70 72 44 54 47 29 9 29 24 24 22 14 22 19 26 18 0 30 27 25 26 50 29 22 44 38 45 47 38 30 27 20 0 19 36 30 24 32 38 37 37 37 37 37 30 33 30 31 35 32 36 29 35 36 36 33 32 35 25
65 83 60 60 50 58 50 36 60 111 111 108 108 110 94 93 111 112 108 101 101 82 73 74 67 60 67 76 67 29 54 38 24 32 42 39 47 59 91 87 89 90 100 107 106 108 111 111 113 105 112 116 111 112 113 91 105 91 77 84 45 70 43 15 10 37 12 20 70 106 101 81 90 65 87 82 31 48 36 59 73 38 24 15 35 38 22 33 3 14 38 20 18 30 36 21 42 18 31 21 47 45 25 36 32 31 26 33 25 -65 0 18 0 4 35 37 0 0 0 -92 6 0 22 33 35 36 37 38 36 37 37 37 31 15 10 10
71 88 84 77 65 71 61 76 93 114 111 94 79 96 112 106 106 108 100 95 95 77 71 65 73 71 67 50 24 49 78 61 29 14 25 43 52 47 33 83 102 104 106 106 111 105 110 114 112 112 112 112 105 113 113 82 108 96 94 78 93 88 62 85 47 90 67 18 104 102 79 68 64 62 65 45 27 26 26 50 44 36 22 22 13 29 26 31 15 14 25 16 74 88 53 20 53 25 22 19 43 58 36 26 20 33 29 15 -73 -82 -74 -63 -1 -7 4 2 -70 -25 -37 -32 -59 -27 -13 -30 0 37 37 37 38 37 37 36 26 18 9 14
79 83 79 79 66 83 85 74 76 107 110 106 108 71 106 104 102 113 107 110 108 85 67 71 68 79 59 19 54 60 72 76 47 41 45 47 48 83 78 79 94 111 114 112 108 97 101 104 88 99 113 110 101 104 105 79 108 110 108 96 90 50 88 73 61 78 52 66 36 64 72 45 38 52 78 68 29 16 33 30 6 2 19 68 35 62 26 27 24 18 26 7 55 47 19 3 21 25 31 21 19 4 12 19 0 29 36 0 -7 -3 -1 -3 -1 -1 -1 -1 -1 -1 -1 -1 -1 -1 -1 -1 -37 1 37 37 38 37 37 36 25 12 9 13
76 60 74 94 81 88 79 79 73 108 108 112 106 91 77 74 91 108 104 93 83 77 64 73 76 73 38 36 59 74 88 97 55 74 78 78 64 66 90 93 104 113 116 113 114 107 111 95 99 101 97 108 106 108 107 85 108 108 96 87 64 52 66 84 79 81 81 67 33 16 45 33 42 44 87 48 14 24 33 22 9 10 19 56 22 24 19 16 27 21 13 12 27 22 27 10 0 -83 0 13 -92 0 -93 -41 -1 -64 10 -20 -1 -1 -1 -1 -1 -1 -1 -1 -1 -1 -1 -1 -1 -1 -1 -1 -1 -1 -65 0 18 37 37 37 30 13 9 16
79 65 79 67 66 95 81 90 70 105 108 96 87 93 110 79 100 107 100 104 95 94 89 73 62 59 25 74 84 87 100 83 74 99 110 97 78 71 97 105 96 95 107 110 113 113 106 101 99 99 108 112 113 112 107 88 100 96 90 77 77 74 66 88 89 76 66 82 62 24 21 18 8 22 33 24 25 13 9 9 7 10 12 26 7 19 14 8 25 36 18 21 31 19 27 18 0 -88 -82 -122 -93 0 -98 -81 -1 -1 -1 -1 -1 -1 -1 -1 -1 -1 -1 -1 -1 -1 -1 -1 -1 -1 -1 -1 -1 -1 -8 4 -96 0 37 37 25 12 18 26
87 82 100 66 90 85 88 95 85 105 99 102 88 76 76 61 93 110 106 105 95 94 95 97 84 31 61 78 89 83 88 93 110 116 113 97 77 94 112 104 107 97 107 104 110 111 116 108 106 108 108 107 102 105 110 90 76 70 94 97 93 93 82 90 93 93 66 68 89 49 37 52 15 4 13 32 21 16 16 21 19 19 21 3 12 33 22 27 19 29 20 9 14 12 13 14 19 0 -70 -97 -32 -12 -31 -1 -1 -1 -1 -1 -1 -1 -1 -1 -1 -1 -1 -1 -1 -1 -1 -1 -1 -1 -1 -1 -1 -1 -1 -1 -41 -89 0 33 32 35 31 31
88 89 93 82 91 78 91 82 97 106 101 91 97 77 50 43 55 71 88 93 84 67 62 52 48 43 96 89 89 84 91 83 102 96 94 84 88 89 107 114 110 106 107 97 99 112 105 112 107 107 111 107 104 107 101 59 78 49 88 96 97 83 85 89 89 102 33 36 27 19 20 20 14 21 35 24 20 10 29 24 0 14 32 2 24 24 9 22 26 29 10 27 24 14 16 12 1 -114 -84 -74 -14 -25 -1 -1 -1 -1 -1 -1 -1 -1 -1 -7 -97 -78 -25 -35 -8 -1 -1 -1 -1 -1 -1 -1 -1 -1 -1 -1 -1 -1 -1 -47 15 37 37 37
87 68 67 94 84 78 99 93 99 101 97 101 99 83 60 82 90 101 48 95 78 56 35 44 54 88 108 111 97 90 83 99 88 88 101 89 100 102 116 118 118 114 110 99 106 108 105 108 114 106 107 112 110 102 81 85 37 29 62 82 76 82 78 79 73 70 20 33 25 21 14 14 15 16 31 21 20 13 21 29 20 35 25 0 22 20 15 4 25 12 26 25 21 18 21 0 -69 -11 -1 -1 -1 -1 -1 -1 -1 -1 -1 -1 -6 -55 0 -49 -70 -35 -31 0 -1 -1 -1 -1 -1 -1 -1 -1 -1 -1 -1 -1 -1 -1 -1 -1 -1 16 33 37
82 67 78 70 85 90 101 94 94 97 96 105 100 85 99 96 96 104 65 53 55 32 74 76 61 107 94 99 112 111 93 93 79 105 116 107 100 100 102 114 110 100 91 89 113 105 93 96 102 107 90 99 107 111 106 85 41 60 31 44 71 49 58 42 35 29 29 42 60 37 15 13 33 15 29 9 12 24 15 8 13 35 30 8 24 31 0 15 13 10 1 14 21 27 20 -55 -1 -1 -1 -1 -1 -1 -1 -1 -1 -1 -1 -1 -14 -30 -56 -83 -64 -1 -1 -14 -1 -1 -1 -1 -1 -1 -1 -1 -1 -1 -1 -1 -1 -1 -1 -1 -1 -1 -35 -51
62 73 104 62 72 91 99 84 76 87 91 105 106 100 104 107 104 96 67 65 37 82 82 65 79 102 91 106 106 105 104 105 102 95 106 112 106 113 108 116 101 100 52 49 102 105 72 72 107 90 66 79 91 97 94 84 59 65 18 22 45 33 50 31 20 18 10 15 38 10 2 12 14 0 0 22 33 14 10 15 21 12 30 36 27 25 9 35 19 14 24 15 8 12 0 -58 -6 -1 -1 -1 -1 -1 -1 -1 -1 -1 -1 -2 -1 -1 -1 -1 -1 -1 -1 -1 -1 -1 -1 -1 -1 -1 -1 -1 -1 -1 -1 -1 -1 -1 -1 -1 -1 -1 -1 -1
94 101 96 53 53 97 97 78 100 97 89 99 94 106 96 108 108 78 94 87 97 97 55 53 60 74 101 112 113 111 101 113 110 111 105 105 106 104 96 113 108 95 88 76 59 89 48 85 88 78 24 61 64 72 65 44 48 32 42 31 27 25 18 19 10 12 25 13 21 48 35 19 27 7 3 35 35 25 31 26 0 24 0 27 8 -81 -63 -49 -58 -94 9 16 4 -82 -42 -83 -89 -1 -1 -1 -1 -1 -1 -1 -1 -1 -1 -1 -1 -3 -8 -1 -1 -1 -1 -1 -1 -1 -1 -1 -1 -1 -1 -1 -1 -1 -1 -1 -1 -1 -1 -1 -1 -1 -1 22
108 91 56 76 50 100 71 88 95 91 78 72 100 89 102 101 78 83 89 76 67 50 82 71 97 104 99 104 101 105 106 112 113 111 111 106 100 88 74 74 74 77 73 107 45 45 33 76 55 33 20 29 25 35 31 16 21 21 18 24 20 21 19 26 36 65 56 25 32 25 16 24 25 31 20 22 33 27 29 36 19 2 8 -42 -61 0 0 3 0 -41 0 0 -51 -1 -1 -1 -4 -1 -1 -1 -1 -1 -1 -1 -1 -1 -1 -1 -1 -2 -12 -1 -1 -1 -1 -1 -1 -1 -1 -1 -1 -1 -1 -1 -1 -1 -1 -1 -1 -1 -1 -1 -1 -1 15 41
61 55 93 82 36 101 55 81 78 102 44 84 94 76 102 70 66 93 94 89 74 44 94 88 105 81 101 100 95 96 105 110 97 113 110 100 93 93 101 93 105 111 95 93 94 91 87 45 16 27 18 26 19 4 21 18 16 25 14 13 13 19 15 19 37 43 36 53 18 13 13 30 22 21 9 32 29 7 21 26 13 15 13 -14 29 18 20 29 6 -1 -1 -27 -1 -1 -1 -1 -1 -1 -1 -1 -1 -1 -1 -13 -1 -1 -1 -1 -1 -1 -1 -1 -1 -1 -1 -1 -1 -1 -1 -1 -1 -1 -1 -1 -1 -1 -1 -1 -1 -1 -1 -1 -1 -20 37 32
91 99 94 97 50 31 24 3 53 70 36 74 68 32 41 39 83 102 93 66 36 41 101 108 90 102 105 100 100 104 99 99 93 105 90 93 94 102 99 108 107 102 101 83 74 90 70 9 32 12 13 15 15 29 35 24 32 24 20 0 14 7 12 13 19 15 16 15 2 10 0 0 14 3 9 14 14 6 8 16 15 27 31 31 25 27 22 0 -39 -1 -1 -20 -1 -1 -1 -1 -1 -1 -1 -21 -49 -35 16 0 -47 -1 -1 -1 -1 -1 -1 -1 -1 -1 -1 -1 -1 -1 -1 -1 -1 -1 -1 -1 -1 -1 -1 -1 -1 -1 -1 -1 -28 12 44 16
104 81 74 91 53 101 101 62 26 8 60 35 47 13 18 39 101 104 85 56 31 60 104 106 104 88 52 90 101 110 100 82 85 84 95 91 95 93 97 97 105 105 102 76 52 54 32 37 56 15 14 21 18 19 22 18 21 24 7 6 15 14 21 15 19 13 22 1 0 7 0 27 26 0 30 18 9 27 16 18 27 30 20 26 18 0 0 -1 -1 -1 -1 -1 -1 -1 -2 -1 -1 -1 -37 21 53 68 76 19 -49 -1 -1 -1 -1 -1 -1 -1 -1 -1 -1 -1 -1 -1 -1 -1 -1 -1 -1 -1 -1 -1 -1 -1 -1 -1 -16 -44 19 29 22 9
79 85 93 62 88 105 99 88 45 38 35 22 15 16 50 79 88 82 38 55 91 79 102 111 106 105 79 77 87 95 101 96 93 81 99 101 102 99 97 93 100 72 74 58 25 25 52 49 55 27 18 16 20 39 13 21 21 22 22 1 22 10 20 24 25 21 18 12 10 0 -94 -83 6 7 19 18 27 16 19 33 24 26 20 9 0 -13 -61 -12 -1 -1 -1 -1 -1 -1 -67 0 2 0 39 100 96 101 94 76 -39 -1 -1 -1 -1 -1 -1 -1 -1 -1 -1 -1 -1 -1 -1 -1 -1 -1 -1 -1 -1 -1 -1 -1 -1 -23 14 29 71 47 31 13
81 95 71 85 100 99 72 52 54 78 52 35 50 10 59 93 71 29 66 93 70 58 90 100 104 96 81 87 68 65 78 79 59 72 78 82 85 82 72 87 82 37 32 27 39 53 60 50 37 42 65 50 44 30 16 30 31 36 29 13 20 7 0 24 18 16 19 0 0 -32 -45 -31 10 0 0 0 20 18 31 39 20 26 16 12 0 -94 -1 -81 -1 -1 -31 -1 -1 -1 -28 0 31 22 37 72 91 39 56 26 -17 -1 -1 -1 -1 -1 -1 -1 -1 -1 -1 -1 -1 -1 -1 -1 -1 -1 -1 -1 -1 -1 -1 -1 -1 12 33 52 90 76 4 -1
97 77 95 95 90 76 76 71 56 49 25 37 35 13 10 30 21 64 84 70 70 73 77 94 93 81 90 97 87 88 66 77 71 101 90 85 78 58 70 79 68 54 31 54 53 53 47 27 22 19 14 25 21 32 16 35 3 0 0 0 21 37 3 0 21 16 0 -3 -1 -1 -8 -1 0 0 -45 16 10 18 13 25 16 9 15 0 -47 -70 -50 -46 -28 0 38 0 -34 -4 0 0 -81 0 1 43 47 0 0 0 -9 -1 -1 -1 -1 -1 -1 -1 -1 -1 -1 -1 -1 -1 -1 -1 -1 -1 -1 -1 -1 -1 -1 -1 -37 30 59 58 49 16 -1 -1
97 99 97 85 91 85 87 36 6 10 18 14 12 20 27 21 29 60 88 59 64 72 81 81 87 99 68 58 58 53 45 60 39 55 83 81 66 70 61 73 74 82 97 95 45 30 10 25 13 27 19 22 25 22 10 24 36 0 21 21 3 0 31 0 2 8 -37 -1 -1 -1 -1 -2 -28 -26 -12 0 14 0 -40 -39 6 8 18 0 -46 0 -98 -17 -1 -17 0 -22 -17 -4 0 -26 -1 -1 0 0 -46 -42 0 30 -8 -1 -1 -1 -1 -1 -1 -1 -1 -1 -1 -1 -1 -1 -1 -1 -1 -1 -1 -1 -1 -1 -3 0 19 25 41 31 8 -21 -1 -1
87 79 101 99 106 104 76 39 10 60 32 21 20 45 50 39 72 81 77 77 60 66 55 52 81 66 48 47 48 48 41 62 79 62 36 27 25 31 44 94 94 101 76 67 32 18 15 14 3 7 16 16 21 19 26 52 25 0 0 -31 -27 0 7 -18 -1 -1 -1 -1 -1 -1 -1 -1 -1 -1 -26 -28 13 0 -1 -6 -1 -12 -34 -47 -4 -59 -84 -53 -1 -1 -1 -1 -1 -1 -1 -1 -1 -1 3 0 -40 -45 -54 0 -1 -1 -1 -1 -1 -1 -1 -1 -1 -1 -1 -1 -1 -1 -1 -1 -1 -1 -1 -1 -1 -1 3 22 27 32 29 15 -70 -1 -1 -1
95 108 90 81 67 50 42 27 35 52 25 14 24 39 58 100 89 35 30 35 74 93 48 43 45 44 74 73 61 55 36 45 58 50 49 15 18 18 26 53 58 73 36 25 26 20 9 10 16 0 -86 12 12 3 19 66 19 -65 12 -4 -1 -1 -105 -1 -1 -1 -1 -1 -1 -1 -1 -1 -1 -1 -1 -40 -44 -87 -17 -1 -1 -1 -1 -1 -1 -1 -1 -8 -1 -31 -1 -1 -1 -1 -1 -1 -1 -6 0 -20 -1 -1 -1 -27 -1 -1 -1 -1 -1 -1 -1 -1 -1 -1 -1 -1 -1 -1 -1 -1 -1 -1 -1 -1 -1 -27 26 16 24 24 30 -77 -1 -1 -1 -1
112 113 105 107 87 15 8 21 35 22 12 13 20 26 73 71 58 10 38 56 95 53 54 42 31 31 83 82 68 50 52 64 44 52 25 24 10 24 21 20 22 26 12 31 62 26 7 0 0 -25 -9 1 12 15 24 55 18 -1 -1 -1 -1 -1 -30 -45 -1 -1 -1 -1 -1 -6 -30 -1 -1 -1 -1 -39 -20 -51 -27 -1 -1 -1 -1 -1 -1 -1 -1 -1 -1 -35 -1 -13 -40 -13 -1 -1 -1 -1 -40 -1 -1 -1 -1 -1 -1 -1 -1 -1 -1 -1 -1 -1 -1 -1 -1 -1 -1 -1 -1 -1 -1 -1 -1 -1 -4 1 20 22 13 16 0 -8 -1 -1 -1 -1
93 105 104 104 84 20 4 30 27 19 3 12 29 27 32 21 13 67 72 68 67 45 44 35 26 24 56 74 70 61 29 26 25 38 24 24 29 18 18 14 16 0 0 47 19 0 0 0 21 -83 -87 0 12 22 37 55 20 -1 -1 -1 -1 -1 -37 -78 -75 -1 -1 -1 -1 -1 -91 -1 -50 -1 -39 -63 -60 -37 -28 -1 -1 -1 -1 -12 -1 -1 -1 -1 -2 -63 -1 -9 -36 0 -22 -8 -1 -1 -1 -1 -1 -1 -1 -1 -1 -1 -1 -1 -1 -1 -1 -1 -1 -1 -1 -1 -1 -1 -1 -1 -1 -1 -1 -1 -31 32 16 14 27 29 6 -1 -1 -1 -1 -1
85 102 93 74 48 20 14 26 24 21 12 25 25 25 22 13 55 102 83 52 82 61 38 32 31 50 97 107 97 60 48 26 38 59 45 15 20 31 33 27 27 10 -16 -30 -18 -77 0 20 0 -23 -53 -36 -36 -65 0 7 -77 -40 -1 -1 -1 -1 -9 0 0 -1 -36 -1 -1 -41 -2 -30 0 26 -22 0 -21 -1 -12 -2 -1 -49 -68 0 -55 -2 -1 -1 -17 -1 -1 -56 -46 0 0 -1 -1 -1 -1 -1 -1 -1 -1 -1 -1 -1 -1 -1 -1 -1 -1 -1 -1 -1 -1 -1 -1 -1 -1 -1 -1 -1 -1 -30 20 30 19 55 42 18 0 -1 -1 -1 -1 -1
93 87 72 10 13 0 0 -49 -65 0 12 1 0 0 0 26 78 72 61 93 102 77 68 44 59 82 100 77 84 85 83 41 37 36 41 30 29 31 27 26 58 13 -50 -39 -82 -41 -65 1 -28 -1 -28 -42 8 0 -64 -12 -1 -1 -1 -1 -1 -1 -1 -1 -23 -20 -46 -1 -1 -1 -1 2 0 -16 -1 -32 -17 -1 -34 -34 -1 0 30 52 0 0 -67 -35 -3 -61 -50 0 -96 16 4 -1 -6 -51 -1 -1 -1 -1 -1 -1 -1 -1 -1 -1 -1 -1 -1 -1 -1 -1 -1 -1 -1 -1 -1 -1 -1 -1 -1 13 30 31 26 61 42 18 0 -1 -1 -1 -1 -1
105 93 38 16 -74 -88 -20 -1 -1 -1 -56 -50 -73 0 21 56 74 59 84 70 70 45 32 33 64 94 77 42 29 59 68 54 25 9 15 0 19 7 19 3 3 -27 25 1 -69 19 -58 -1 -1 -1 -35 0 18 -1 -1 -1 -1 -1 -34 -75 -1 -1 -64 -18 -1 -8 -1 -1 -58 -1 -1 -1 -1 -1 -1 -1 -1 -1 -96 -50 -30 0 27 43 72 26 7 0 0 0 -83 0 0 10 0 -20 -69 0 -47 -60 -1 -1 -1 -1 -1 -1 -1 -1 -1 -1 -1 -1 -1 -1 -1 -1 -1 -1 -1 -1 -1 -1 -1 20 31 33 20 26 31 30 18 -51 -1 -1 -1 -1
96 85 26 10 -9 -1 -1 -1 -1 -3 -13 -1 -17 10 68 68 48 70 91 44 19 19 33 43 71 62 39 29 15 18 25 21 -67 -58 -59 -1 -8 -4 -25 -12 -7 0 -69 0 7 20 3 0 -1 -1 -8 -1 -1 -1 -1 -1 -1 -1 -1 -1 -1 -1 -1 -1 -1 -1 -1 -1 -8 -1 -35 -1 -1 -1 -1 -1 -1 -1 -92 -81 0 27 32 76 74 15 15 12 15 16 18 16 1 7 0 0 2 6 12 0 -1 -1 -1 -1 -1 -1 -1 -1 -1 -1 -1 -1 -1 -1 -1 -1 -1 -1 -1 -1 -47 -32 0 37 37 36 24 27 36 33 33 0 -1 -1 -1 -1
84 30 6 -35 -40 -1 -1 -1 -3 -72 -34 -11 -3 12 74 59 47 77 52 43 22 65 56 54 36 31 38 0 -32 0 8 -69 -1 -1 -1 -1 -9 -53 -1 -1 -20 0 -72 0 0 0 31 0 -1 -1 -1 -1 -1 -1 -1 -1 -1 -1 -1 -1 -44 -1 -1 -30 -3 -1 -1 -1 -1 -1 -32 -12 -1 -1 -1 -35 -72 2 14 27 21 22 14 26 12 3 21 15 26 26 27 12 6 15 8 10 6 6 0 -30 -1 -1 -1 -1 -1 -1 -1 -1 -1 -1 -1 -1 -1 -1 -1 -1 -1 -1 -1 -27 20 21 22 37 37 36 19 24 21 30 29 25 -39 -1 -1 -1
73 22 -67 6 20 -49 -1 -1 -1 -17 -41 -34 -26 14 43 42 58 71 77 21 82 95 67 37 21 19 25 -45 -18 -1 -46 -7 -34 -116 -36 -1 -26 8 0 -13 -1 6 22 26 0 -60 0 -78 -37 -1 -1 -1 -1 -1 -1 -1 -1 -1 -1 -1 -1 -1 -1 -1 -1 -1 -1 -1 -14 -1 -1 -1 -1 -1 -4 -89 0 14 15 8 15 60 0 2 21 3 21 25 36 33 32 20 8 0 0 9 2 1 0 -53 -35 -1 -1 -1 -1 -1 -1 -1 -1 -1 -1 -1 -1 -1 -1 -1 -1 -1 -1 0 19 20 25 33 37 29 22 39 55 56 72 60 31 -84 -1 -1
24 -53 2 64 22 -20 -45 -1 -1 -2 4 36 2 -22 42 53 70 101 101 32 93 94 93 38 30 0 -41 -69 -20 -1 -1 -49 -28 -96 0 -1 -60 16 36 4 -1 29 25 -53 -67 -70 -93 -58 0 -9 -1 -1 -1 -1 -1 -1 -1 -1 -1 -1 -1 -1 -1 -1 -1 -1 -1 -1 -82 -75 -20 -7 -1 -34 0 22 26 24 6 18 2 3 0 0 0 12 15 22 21 12 13 26 32 12 2 21 30 21 16 0 0 0 -35 -1 -1 -1 -1 -1 -1 -1 -1 -1 -1 -1 -1 -1 -1 -1 -1 0 16 24 26 37 32 15 32 71 76 87 82 74 43 0 -1 -1
-4 -45 38 2 -1 -1 -16 0 0 -51 0 9 0 -9 0 25 27 38 55 21 95 82 70 25 27 0 -82 -11 -1 -2 -22 -107 -79 7 -32 -17 -30 0 19 13 -30 -39 -25 -1 0 0 -64 -91 -26 -1 -1 -1 -1 -1 -1 -1 -1 -1 -1 -1 -1 -1 -1 -1 -1 -60 0 -34 -22 -1 -1 -1 -14 0 22 20 29 21 15 36 19 3 0 0 0 0 0 6 0 1 0 4 12 27 30 19 0 8 4 4 10 13 22 7 -28 -64 -2 -1 -1 -1 -1 -1 -1 -1 -1 -1 -9 -1 -1 -27 0 0 0 32 14 32 61 85 97 60 18 15 -28 -1 -1 -1
-1 -35 0 -7 -1 -2 -1 18 44 3 -6 -26 0 -1 -28 -75 31 21 8 29 39 58 1 16 -39 -44 -1 -1 -1 -14 0 19 26 0 -1 -18 -1 0 39 32 -54 -26 -69 -1 -34 -106 -68 -46 -1 -1 -21 -1 -1 -1 -1 -1 -1 -1 -1 -1 -1 -1 -1 -1 -1 -1 -46 0 13 -35 -96 -37 0 27 25 32 31 20 19 20 19 13 25 0 0 0 0 0 0 0 0 4 0 0 0 0 25 33 24 33 22 9 14 13 21 10 -68 -1 -4 -1 -1 -1 -1 -1 -7 -63 0 -51 -42 -25 -9 -63 2 30 36 60 93 84 29 21 -6 -1 -1 -1 -1 -1
-31 -1 -1 -1 -1 -1 -1 -36 66 30 0 -49 6 -1 -23 0 61 0 -78 21 13 0 -81 -1 -1 -1 -1 -1 -1 -8 3 27 21 0 -1 -60 0 6 14 24 -100 15 0 -63 -40 -32 -1 -1 -1 -1 -1 -1 -1 -1 -1 -1 -1 -1 -1 -1 -1 -1 -1 -1 -1 -1 -1 -40 0 20 0 0 9 12 26 20 21 18 12 0 0 4 7 8 0 0 0 1 0 10 16 20 22 27 21 37 76 96 81 73 59 12 26 22 16 21 3 -25 -1 -1 -20 20 1 0 0 0 -69 0 -2 -1 -1 3 24 25 32 62 77 12 -1 -1 -1 -1 -1 -1 -1 -1
-46 -1 -1 -21 -1 -1 -1 -1 18 15 21 3 -45 -1 -28 0 1 -3 -1 -49 -56 -51 -31 27 -28 -1 -1 -1 -1 -1 -32 -42 -9 -20 -50 0 2 -42 -17 -22 -21 0 0 -89 -1 -1 -1 -1 -1 -1 -1 -1 -1 -1 -1 -1 -1 -1 -1 -1 -1 -1 -1 -1 -1 -1 -1 -1 -84 0 18 29 30 7 21 8 48 24 4 0 26 62 48 29 7 8 10 15 19 37 65 81 91 93 85 90 99 102 82 45 50 22 22 10 16 29 21 16 0 10 14 67 65 44 20 0 -101 0 -1 -1 -1 -1 -32 15 0 2 9 -1 -1 -1 -1 -1 -1 -1 -1 -1
-34 -1 -3 -60 -1 -1 -1 -1 -1 -73 0 0 -1 0 0 -65 -1 -1 -1 -1 12 0 0 16 39 0 -35 -30 -83 0 -110 -92 -68 -39 -53 -31 -1 -1 -12 0 0 -94 -21 -18 -1 -1 -1 -1 -1 -1 -18 -14 -9 -23 -1 -1 -1 -1 -1 -1 -1 -1 -1 -1 -1 -1 -1 -1 -1 0 30 4 25 19 6 0 53 37 8 3 1 29 35 73 44 18 22 53 64 55 61 88 95 101 101 93 97 81 59 48 39 54 73 56 74 70 33 61 30 33 36 56 45 42 27 15 0 -77 -6 -1 -1 -1 -7 -25 -1 -1 -1 -1 -1 -1 -1 -1 -1 -1 -1 -1
-81 -1 -1 -1 -1 -1 -1 0 4 -1 0 21 -64 35 0 -37 -25 -1 -1 -1 -32 -32 -1 -4 -61 0 1 0 14 26 13 -1 -1 -1 -1 -1 -1 -1 -2 0 25 0 0 -3 -1 -1 -1 -1 -1 -1 -1 -1 -1 -45 -1 -35 -1 -1 -1 -1 -1 -1 -1 -1 -1 -1 -1 -1 -1 21 52 20 7 12 12 0 15 22 18 10 2 15 9 32 66 56 77 100 89 97 55 71 81 87 65 81 74 93 91 79 96 83 78 62 78 73 73 50 35 29 30 20 21 25 21 14 9 21 -2 -1 -1 -1 -1 -1 -1 -1 -13 -70 -1 -1 -1 -1 -1 -1 -1 -1
6 -1 -1 -1 -1 -1 -1 -37 7 -45 0 41 0 1 0 -58 -18 -1 -1 -1 -23 -27 -1 -1 -1 -42 -31 -1 20 -18 -1 -1 -1 -1 -1 -1 -1 -73 -61 0 14 0 -11 -1 -1 -1 -1 -1 -1 -1 -1 -1 -1 -1 -1 -1 -1 -1 -1 -1 -1 -1 -1 -1 -1 -1 -1 -1 -1 0 27 20 1 2 0 0 20 49 38 10 3 33 58 58 53 81 94 101 104 94 81 95 91 68 91 101 89 99 99 72 76 87 94 66 66 74 70 32 18 27 18 27 32 27 12 18 19 -39 -1 -1 -1 -1 -1 -1 -1 -1 -1 -2 -1 -1 -1 -1 -1 -1 -1 -1
-69 -1 -1 -1 -1 -1 -1 -1 -1 -47 -51 -35 -40 12 35 -35 -1 -1 -1 -1 -1 -1 -1 -1 -1 -1 -1 -1 -1 -1 -1 -1 -1 -1 -51 -9 -14 -1 -60 19 0 -1 -1 -1 -1 -1 -1 -1 -1 -1 -1 -1 -1 -1 -1 -1 -1 -1 -1 -1 -1 -1 -1 -37 -7 -1 -1 -1 -1 0 14 14 29 9 3 0 12 21 26 53 68 87 100 101 87 85 99 95 72 88 97 85 81 72 70 96 83 88 91 60 52 90 66 55 36 30 21 31 35 12 31 31 21 18 14 12 27 -44 -1 -1 -1 -1 -1 -1 -1 -1 -1 -1 -1 -1 -1 -1 -1 -1 -1 -1
-1 -1 -1 -1 -1 -1 -1 -1 -1 -1 -14 0 42 41 7 0 0 -47 -1 -1 -1 -1 -1 -1 -1 -1 -1 -50 -1 -1 -1 -1 -54 -73 0 0 -75 -55 -77 0 -1 -1 -1 -1 -1 -12 -70 -1 -1 -1 -1 -1 -1 -1 -1 -1 -1 -1 -1 -1 -1 -1 -1 -1 -1 -1 -1 -1 -37 19 37 10 16 19 8 7 6 27 72 102 100 95 79 55 79 94 97 74 68 44 76 77 65 78 84 55 83 72 68 52 27 37 20 21 30 32 37 32 25 14 27 32 31 16 15 19 -46 -1 -1 -1 -1 -1 -1 -1 -1 -1 -1 -1 -1 -1 -1 -1 -1 -1 -1 -1
-1 -1 -1 -1 -1 -1 -1 -1 -1 -1 18 47 0 -74 -69 0 -31 -1 -1 -1 -1 -1 -1 -1 -1 -1 -1 -1 -1 -1 -1 -1 -1 -1 0 0 0 -1 -1 -1 -1 -1 -1 -1 -1 -1 -13 -1 -1 -1 -1 -1 -1 -1 -1 -1 -1 -1 -1 -1 -1 -1 -1 -1 -1 -1 -1 -1 -17 29 35 25 0 6 6 25 48 85 76 68 72 74 71 89 67 105 95 90 58 88 91 91 91 102 79 38 60 21 12 16 26 25 33 32 24 33 21 19 26 30 13 10 0 22 21 18 -56 -1 -1 -1 -1 -1 -1 -1 -1 -1 -1 -1 -1 -1 -1 -1 -1 -1 -1 -1
-1 -1 -1 -1 -1 -1 -1 -1 -1 -1 -1 -26 -3 -1 -1 -86 -1 -1 -1 -1 -1 -1 -1 -1 -1 -1 -1 -1 -1 -1 -1 -1 -1 -59 8 9 18 -61 -1 -1 -1 -1 -1 -1 -1 -1 -1 -1 -1 -1 -1 -1 -1 -1 -1 -1 -1 -1 -1 -1 -1 -1 -1 -1 -1 -1 -1 -1 -41 26 32 9 16 33 36 73 79 83 88 97 90 94 93 94 82 76 62 66 82 99 70 68 49 42 18 15 20 25 24 15 22 21 13 0 22 24 36 38 25 25 38 24 21 1 7 -40 -22 -1 -1 -1 -1 -1 -1 -1 -1 -1 -1 -1 -1 -1 -1 -1 -1 -1 -1 -1
-1 -1 -1 -1 -1 -1 -1 -26 -1 -1 -1 -17 -1 -1 -74 -30 -1 -1 -1 -1 -1 -1 -1 -13 -1 -1 -1 -1 -1 -1 -1 -31 6 0 7 21 10 0 -64 -1 -1 -1 -39 -1 -1 -1 -1 -1 -1 -1 -1 -1 -1 -1 -1 -1 -1 -1 -1 -1 -1 -1 -1 -1 -1 -1 -1 -1 -27 24 6 2 37 65 77 95 96 85 96 87 77 91 88 97 71 77 67 77 47 35 29 12 14 19 15 10 14 6 24 24 12 21 24 36 36 30 31 30 33 27 29 27 30 27 4 0 -53 -1 -1 -1 -1 -1 -1 -1 -1 -1 -1 -1 -1 -1 -1 -1 -1 -1 -1 -1
-1 -1 -1 -1 -1 -1 -1 -34 -1 -1 -1 -1 -41 -1 -47 -1 -1 -1 -1 -1 -1 -1 -1 -1 -1 -1 -1 -1 -1 -6 0 15 22 18 24 15 16 21 0 -32 -1 -1 -1 -1 -1 -1 -1 -1 -1 -1 -1 -1 -1 -1 -1 -1 -1 -1 -1 -1 -1 -1 -1 -1 -1 -1 -1 19 30 58 70 43 93 74 89 87 89 96 68 50 37 26 13 4 6 1 3 2 7 8 13 36 53 77 33 22 56 30 30 49 58 56 62 42 50 55 44 19 21 13 18 22 22 0 0 -108 -53 -1 -1 -1 -1 -1 -1 -1 -1 -1 -1 -1 -1 -1 -1 -1 -1 -1 -1 -1
-1 -1 -1 -1 -1 -1 -1 -25 -51 -27 -1 -1 -1 -1 -1 -1 -1 -26 -1 -1 -1 -1 -1 -1 -1 -1 -1 -1 -22 0 13 36 72 47 14 4 13 31 13 0 -1 -1 -30 -1 -1 -1 -1 -1 -1 -1 -1 -1 -1 -1 -1 -1 -1 -1 -1 -1 -1 -1 -1 -1 -1 -23 0 19 50 66 72 73 93 72 90 82 25 18 27 37 18 48 53 45 68 64 71 68 35 62 67 100 97 76 43 87 90 79 58 50 65 62 87 105 99 81 30 53 38 15 21 32 22 27 22 0 -21 -1 -1 -1 -1 -1 -1 -1 -1 -1 -1 -1 -1 -1 -1 -1 -1 -1 -1 -1
-1 -39 -1 -1 -1 -1 -1 -1 -20 -55 -1 -1 -1 -1 -1 -1 -1 -1 -1 -18 -58 -1 -1 -1 -1 -1 -3 -51 2 22 35 70 84 56 9 42 30 9 2 0 -21 -1 -1 -1 -1 -1 -1 -1 -1 -1 -1 -1 -1 -1 -1 -28 -1 -1 -1 -1 -1 -1 -1 -1 -53 0 31 20 35 58 72 65 67 82 79 67 39 102 94 97 88 91 84 90 96 95 83 97 64 83 44 72 97 59 50 79 53 89 88 77 100 94 97 89 61 44 55 52 61 41 22 26 19 30 27 4 -25 -22 -6 -1 -1 -1 -1 -1 -1 -1 -1 -1 -1 -1 -1 -1 -1 -1 -1 -1
-1 -30 -1 -1 -31 -6 -1 -1 -1 -9 -1 -1 -1 -37 -23 -50 -14 -1 -40 0 -1 -1 -1 -1 -1 -1 0 14 20 32 47 88 83 27 10 52 81 37 0 15 13 -1 -1 -1 -1 -1 -1 -1 -1 -1 -1 -2 -1 -58 -53 -56 -3 -36 -14 -1 -1 -1 -1 -11 -86 31 25 16 24 56 78 90 101 102 93 85 32 73 95 82 84 93 60 82 81 62 89 76 66 93 61 88 89 58 90 90 49 76 97 96 84 83 95 91 44 65 53 56 31 20 26 20 27 32 26 24 -87 -78 6 -1 -1 -1 -1 -1 -1 -1 -1 -1 -1 -1 -1 -1 -1 -1 -1 -1
-1 -1 -1 -1 -1 -21 -1 -1 -1 -1 -1 -1 -22 -69 -27 0 -2 -47 20 0 -22 -18 -53 -1 -1 -7 0 35 6 24 54 77 83 87 61 83 74 37 13 32 0 -1 -1 -1 -1 -1 -1 -1 -1 -1 -78 -101 8 14 0 0 4 25 26 0 7 -26 -32 2 21 22 32 65 87 90 85 61 79 65 72 53 61 105 107 102 91 91 52 49 52 61 74 94 97 76 88 88 64 77 74 84 78 77 90 77 101 90 89 66 44 59 93 85 83 66 100 82 52 27 29 21 19 37 29 -25 -1 -1 -1 -1 -1 -1 -1 -1 -1 -1 -1 -1 -1 -1 -1 -1
7 -8 -18 -1 -1 -81 -1 -1 -1 -21 -1 -74 -36 -1 -11 -1 -1 4 2 0 0 -50 -4 -1 -1 -1 7 8 26 82 94 97 90 104 91 105 104 68 48 21 25 0 -1 -1 -1 -1 -1 -1 -8 -54 0 13 19 19 25 32 19 18 21 31 36 38 48 65 83 89 91 77 70 79 73 60 93 85 56 60 74 81 90 93 58 50 33 26 55 65 70 65 78 83 87 79 85 78 84 93 93 93 71 87 84 71 73 76 79 97 79 76 81 95 91 95 88 37 25 25 30 37 37 15 -39 -1 -1 -1 -1 -1 -1 -1 -1 -1 -1 -1 -1 -1 -1 -1
56 16 10 -1 -1 -49 -1 -1 12 18 -73 -28 -1 -1 -30 -37 -1 -1 -3 -1 -1 -1 -1 -1 -1 -1 3 21 81 99 66 87 82 88 77 83 83 100 59 16 35 7 -93 -67 -1 -30 -74 0 16 20 15 27 32 15 8 35 42 45 67 88 91 90 85 89 65 62 65 83 88 94 89 71 88 88 64 83 83 84 73 79 53 49 50 66 64 97 47 65 59 81 83 58 71 91 85 52 74 95 84 93 93 84 73 66 81 76 65 83 76 53 43 33 30 33 27 8 20 22 19 16 -120 -35 -1 -1 -1 -1 -1 -1 -1 -1 -1 -1 -1 -1 -1 -1
99 66 32 -61 -14 -16 0 0 0 -39 -31 -26 -1 -1 -36 -2 -1 -1 -1 -1 -1 -1 -67 -1 -1 -30 13 30 94 99 84 104 108 82 67 64 55 85 72 25 36 35 35 0 -79 1 0 22 32 18 13 15 21 41 74 91 91 85 96 59 53 55 72 65 83 90 97 96 91 90 71 48 83 84 64 79 47 72 64 58 82 60 76 111 102 116 107 74 59 88 84 43 47 45 54 65 95 84 61 68 71 52 42 44 59 76 95 58 39 65 42 48 52 32 8 24 29 36 22 20 0 -75 -25 -1 -1 -1 -1 -1 -1 -1 -1 -1 -1 -1 -1 -1
94 44 0 14 -70 0 0 -34 -3 -1 -1 -1 -1 -1 -1 -1 -1 -1 -1 -1 -30 -81 -45 -41 -41 4 19 60 81 94 93 100 104 62 43 39 43 90 90 19 37 29 20 16 14 4 22 30 30 41 47 85 68 93 76 62 95 54 77 50 59 89 83 72 76 87 104 93 96 99 79 61 84 71 65 71 49 85 76 53 42 60 93 67 60 82 68 62 62 61 87 73 53 53 85 99 90 60 73 42 53 66 48 56 73 88 96 45 89 78 90 45 10 19 50 45 29 25 18 31 3 -45 -1 -1 -1 -1 -1 -1 -1 -1 -1 -1 -1 -1 -1 -1
48 2 -23 -20 -59 26 21 -1 -1 -1 -1 -1 -1 -1 -1 -1 -1 -1 -1 -6 -2 -83 -14 0 22 19 24 52 79 49 95 102 73 55 64 65 67 91 56 15 24 22 16 20 27 32 10 45 89 91 97 74 77 73 88 71 73 90 73 47 65 84 87 48 44 50 66 45 79 54 37 62 71 66 64 76 78 88 78 91 68 56 48 68 61 58 49 41 47 53 60 90 72 59 77 61 66 64 88 55 58 60 54 49 59 84 84 74 93 97 81 29 78 39 59 52 25 24 14 0 -34 -1 -1 -1 -1 -1 -1 -1 -1 -1 -1 -1 -1 -1 -1 -1
-20 -51 -1 -13 -44 0 0 -1 -1 -1 -1 -1 -1 -1 -1 -1 -1 -1 -1 -1 -1 -41 -27 0 22 29 10 35 30 68 104 91 90 90 97 101 83 77 24 10 16 25 61 71 41 25 36 90 70 55 61 66 77 62 78 96 68 52 71 67 52 64 76 44 33 35 39 45 31 83 48 73 93 93 91 55 84 61 85 60 91 60 84 68 67 59 59 58 111 99 94 96 56 66 65 88 47 52 68 61 78 45 47 58 87 97 88 104 89 97 68 24 74 52 31 13 10 4 -96 -78 -22 -1 -1 -1 -1 -1 -1 -1 -1 -1 -1 -1 -1 -1 -1 -1
-1 -1 -1 -1 -9 -1 -69 -1 -1 -1 -1 -1 -1 -1 -42 -1 -1 -1 -1 -1 -1 -1 -31 0 31 33 24 10 13 91 99 100 87 99 93 78 82 43 26 48 73 66 77 97 56 91 87 78 85 65 84 61 67 60 35 50 55 68 59 70 70 81 38 29 66 59 56 67 89 100 66 47 32 39 60 90 70 72 39 47 66 89 54 49 65 79 100 47 42 67 116 117 114 77 47 56 62 79 70 81 89 87 60 66 42 67 88 95 83 65 0 15 39 47 26 12 13 0 -93 -74 -68 -69 -37 -8 -1 -4 -47 -21 -1 -1 -1 -1 -1 -1 -1 -1
-1 -1 -1 -1 -1 -1 -1 -1 -1 -1 -1 -1 -1 -1 -1 -1 -1 -1 -1 -1 -1 -1 -64 22 18 20 30 24 36 72 64 96 82 94 79 96 78 74 68 87 96 88 89 79 76 85 52 77 84 65 82 84 72 41 32 41 54 30 38 35 31 37 42 54 85 64 49 54 55 94 97 83 52 64 26 52 58 49 35 39 49 74 70 114 99 90 95 82 93 88 89 108 84 39 72 67 85 54 58 48 81 94 88 82 89 93 94 82 59 38 12 25 47 19 19 18 9 27 9 12 0 0 -67 -67 -1 -1 -45 -1 -1 -1 -1 -1 -1 -1 -1 -1
-4 -2 -1 -1 -1 -1 -1 -1 -1 -1 -1 -1 -1 -1 -1 -1 -1 -1 -1 -1 -1 -1 -70 25 33 20 22 20 13 8 19 54 49 72 84 77 74 90 83 95 89 56 70 90 91 66 53 58 62 70 70 70 78 77 43 48 49 81 56 71 65 48 55 45 83 74 67 52 56 77 99 64 58 81 64 66 81 68 53 48 52 65 49 79 81 61 94 68 81 48 83 73 82 94 79 81 52 54 85 72 76 85 79 93 78 93 87 67 85 45 0 39 55 43 32 3 13 18 29 36 27 4 -36 -1 -1 -1 -1 -1 -1 -1 -1 -1 -1 -1 -1 -1
-37 -1 -1 -1 -1 -1 -1 -6 -1 -1 -1 -1 -1 -1 -1 -1 -1 -1 -1 -1 -1 -1 -68 22 13 15 21 30 20 8 0 10 29 25 44 74 94 99 78 94 61 61 82 65 68 89 81 78 55 68 59 49 61 52 49 71 67 61 52 74 85 70 90 72 84 93 47 77 84 88 95 84 78 87 71 74 83 91 81 56 74 58 52 73 70 52 89 48 58 50 60 52 54 55 61 52 84 68 66 71 78 64 58 47 50 20 35 45 25 22 35 64 83 67 50 25 22 37 36 2 -39 -1 -1 -1 -1 -1 -1 -1 -1 -1 -1 -1 -1 -1 -1 -1
1 -56 -1 -1 -1 -1 -1 -13 -1 -1 -1 -1 -1 -1 -1 -1 -1 -1 -1 -1 -1 -1 -47 31 35 27 22 13 4 0 0 0 55 65 83 85 105 105 91 104 87 43 82 90 50 56 67 70 71 74 66 52 53 56 56 60 74 71 70 71 62 70 65 67 84 89 81 95 90 76 58 61 65 66 90 96 93 72 56 79 47 60 55 50 56 70 70 55 60 65 44 56 78 91 91 61 60 76 89 97 95 88 102 96 84 47 74 62 58 93 52 39 38 22 32 20 0 -47 -63 -1 -1 -1 -1 -1 -1 -1 -1 -1 -1 -1 -1 -1 -1 -1 -1 -1
-1 -13 -1 -1 -1 -1 -1 -1 -1 -1 -1 -1 -1 -1 -1 -1 -1 -1 -1 -1 -1 -1 -35 24 22 38 30 0 6 14 48 32 79 89 91 83 96 68 61 62 68 88 112 102 91 56 56 43 43 77 52 62 60 48 55 47 71 56 42 55 78 59 76 64 68 93 62 52 41 61 84 99 82 76 59 53 78 43 71 53 54 82 55 87 90 62 68 55 82 42 74 68 74 66 72 58 71 101 90 100 89 101 100 89 96 101 96 93 72 61 54 49 31 31 7 -88 -61 -1 -1 -1 -1 -1 -1 -1 -1 -1 -1 -1 -1 -1 -1 -1 -1 -1 -1 -1
-1 -1 -1 -1 -1 -1 -1 -1 -1 -1 -1 -1 -1 -1 -1 -1 -1 -1 -1 -1 -1 -1 3 9 32 37 24 15 31 36 71 81 97 89 89 43 58 45 49 53 72 106 67 55 84 81 43 52 54 52 53 59 44 56 53 76 66 48 73 88 85 66 89 77 43 59 95 100 104 101 97 83 42 47 45 52 62 67 50 70 56 83 88 74 45 59 77 89 68 36 55 49 56 59 88 83 77 84 89 91 89 96 100 99 101 99 93 93 83 65 70 45 32 15 0 -6 -1 -1 -1 -1 -1 -1 -1 -1 -1 -1 -1 -1 -1 -1 -1 -1 -1 -1 -1 -1
-1 -1 -1 -1 -1 -1 -1 -1 -1 -1 -1 -1 -21 -1 -1 -1 -1 -1 -1 -1 -1 25 19 27 55 64 38 22 65 49 88 76 73 45 44 48 55 42 44 64 44 78 44 67 61 89 101 67 47 41 36 44 50 52 58 53 48 55 82 55 73 102 95 85 101 96 97 101 87 82 97 93 90 70 42 43 42 50 64 81 89 82 77 66 83 89 72 64 56 44 41 44 62 91 89 67 52 62 72 71 81 95 97 95 99 104 91 90 72 59 29 31 8 -84 -53 -1 -1 -1 -1 -1 -1 -1 -1 -1 -1 -1 -1 -1 -1 -1 -1 -1 -1 -1 -1 -1
-1 -1 -1 -1 -1 -1 -1 -1 -1 -1 -1 -1 -1 -1 -1 -1 -1 -1 -1 -1 -1 0 36 32 83 95 90 66 90 93 97 65 45 66 49 82 77 72 61 71 43 44 55 62 82 48 41 49 41 48 48 52 67 56 64 67 53 67 82 87 102 100 97 97 107 100 65 78 50 71 81 100 88 49 59 79 47 48 79 76 58 76 83 90 97 79 56 54 58 42 35 50 56 74 59 65 53 71 72 74 74 50 79 77 88 93 87 72 41 38 25 35 0 -22 -1 -1 -1 -1 -1 -1 -1 -1 -1 -1 -1 -1 -1 -1 -1 -1 -1 -1 -1 -1 -1 -1
-1 -1 -1 -1 -1 -1 -1 -1 -1 -1 -1 -1 -1 -1 -1 -1 -1 -1 -1 -1 20 77 73 81 105 83 97 94 100 81 55 88 61 85 82 95 97 72 77 88 58 50 71 58 56 47 58 43 33 31 55 58 71 77 91 94 91 71 66 89 107 101 90 93 72 59 67 64 84 79 96 101 97 66 70 95 72 89 76 43 41 58 91 96 99 77 48 67 64 43 29 36 36 36 43 58 81 88 87 76 60 45 48 61 78 48 30 12 19 41 16 -64 -1 -1 -1 -1 -1 -1 -1 -1 -1 -1 -1 -1 -1 -1 -1 -1 -1 -1 -1 -1 -1 -1 -1 -1
-1 -1 -1 -1 -1 -1 -1 -1 -1 -1 -1 -1 -1 -1 -1 -1 -1 -1 -13 15 45 38 67 91 101 95 101 105 95 59 62 96 99 83 101 97 106 79 76 73 70 88 64 35 61 48 74 67 48 44 71 78 89 89 87 94 67 62 90 85 88 85 59 55 55 68 93 83 60 77 77 101 105 100 79 87 94 83 37 83 85 94 100 93 62 50 59 93 58 44 55 58 59 42 49 35 89 85 84 82 72 49 37 50 41 26 33 9 21 0 -16 -1 -1 -1 -1 -1 -1 -1 -1 -1 -1 -1 -1 -1 -1 -1 -1 -1 -1 -1 -1 -1 -1 -1 -1 -1
-1 -1 -1 -1 -1 -1 -1 -1 -1 -1 -1 -1 -1 -1 -1 -1 -1 -31 35 93 93 89 97 91 90 100 94 97 102 73 44 67 107 96 89 88 101 79 65 45 58 54 39 35 84 59 58 87 77 91 100 99 94 90 78 74 82 90 83 93 62 87 60 88 76 82 96 95 87 105 91 56 82 95 93 43 33 25 70 99 95 93 79 77 45 67 89 85 90 68 59 77 70 61 76 50 90 88 73 64 55 36 31 61 22 27 0 -77 -34 -1 -1 -1 -1 -1 -1 -1 -1 -1 -1 -1 -1 -1 -1 -1 -1 -1 -1 -1 -1 -1 -1 -1 -1 -1 -1 -1
-1 -1 -1 -1 -1 -1 -1 -1 -1 -1 -1 -1 -1 -1 -18 26 22 43 91 91 96 91 91 61 90 90 91 91 105 76 88 74 91 102 101 89 89 84 102 97 88 60 93 89 90 93 89 90 95 81 90 77 71 60 66 84 91 79 85 93 88 83 84 74 84 91 94 58 41 50 56 36 50 33 22 25 58 56 100 101 104 94 90 61 89 78 72 91 60 49 67 96 73 83 61 53 90 84 84 81 50 31 27 27 21 0 -3 -2 -16 -1 -39 -36 -1 -1 -1 -1 -1 -1 -1 -1 -1 -1 -1 -1 -1 -1 -1 -1 -1 -1 -1 -1 -1 -1 -1 -1
-1 -1 -1 -1 -1 -1 -1 -1 -1 -1 -1 -1 -39 9 60 91 106 101 99 82 104 82 61 85 101 100 94 84 102 100 102 101 85 104 105 101 82 85 82 64 47 59 78 73 73 83 82 90 83 88 78 65 36 95 88 94 100 89 90 84 73 38 61 74 82 96 56 35 29 24 19 8 6 12 43 50 83 71 101 102 89 90 82 78 94 87 79 84 71 61 44 49 68 79 58 94 93 94 83 85 66 37 25 18 0 -83 -1 -7 -1 -1 -1 -3 -1 -1 -1 -1 -1 -1 -1 -1 -1 -1 -1 -1 -1 -1 -1 -1 -1 -1 -1 -1 -1 -1 -1 -1
-1 -1 -1 -1 -1 -1 -1 -1 -1 -1 -1 -40 12 90 96 78 90 89 97 81 104 60 65 101 84 96 90 83 102 99 83 100 101 88 102 91 79 78 71 58 45 32 50 56 81 60 72 90 81 78 76 87 38 93 88 72 91 99 85 54 25 43 78 100 78 73 52 26 25 36 21 30 15 29 59 60 65 66 100 93 91 79 64 84 93 79 83 84 91 56 66 72 52 90 50 64 91 76 88 62 47 24 27 24 18 -18 -1 -1 -1 -1 -1 -1 -1 -1 -1 -1 -1 -1 -1 -1 -1 -1 -1 -1 -1 -1 -1 -1 -1 -1 -1 -1 -1 -1 -1 -1
-1 -1 -1 -1 -1 -1 -1 -1 -1 -1 -21 36 32 30 53 85 96 82 82 77 68 47 70 82 55 67 68 99 96 94 76 72 55 58 53 49 88 77 72 47 36 56 43 73 84 61 87 82 82 85 94 93 38 85 85 41 82 96 85 70 24 47 32 35 31 29 22 33 36 36 37 25 16 32 25 16 36 55 96 93 76 81 56 76 99 73 76 77 95 87 96 90 65 73 68 64 93 68 62 53 39 39 10 0 -93 -1 -1 -1 -1 -1 -1 -1 -1 -1 -1 -1 -1 -1 -1 -1 -1 -1 -1 -1 -1 -1 -1 -1 -1 -1 -1 -1 -1 -1 -1 -1
-1 -1 -1 -1 -1 -1 -1 -1 -1 -8 15 70 97 48 13 29 95 89 66 50 20 31 31 35 52 78 60 71 73 87 96 95 54 72 97 66 64 74 79 55 43 82 89 89 78 33 38 35 72 33 49 26 12 19 38 0 61 81 78 56 24 12 29 10 9 0 8 16 31 37 36 20 26 31 24 18 20 45 82 77 94 48 48 79 84 56 94 66 87 89 104 100 94 100 74 97 70 42 44 22 26 12 -54 -23 -16 -1 -1 -1 -1 -1 -1 -1 -1 -1 -1 -1 -1 -1 -1 -1 -1 -1 -1 -1 -1 -1 -1 -1 -1 -1 -1 -1 -1 -1 -1 -1
-1 -1 -1 -1 -1 -1 -1 -1 -1 1 78 85 95 50 20 15 49 78 53 22 13 38 62 73 91 100 96 96 91 79 53 43 39 90 84 74 44 68 81 71 58 58 74 82 38 72 91 81 24 37 32 61 72 44 21 25 7 24 18 18 13 19 14 0 7 0 16 21 15 36 25 24 37 25 24 25 41 33 60 66 83 35 41 62 48 72 96 95 83 89 76 64 90 78 60 90 78 44 52 38 14 0 -92 -1 -1 -1 -1 -1 -1 -1 -1 -1 -1 -1 -1 -1 -1 -1 -1 -1 -1 -1 -1 -1 -1 -1 -1 -1 -1 -1 -1 -1 -1 -1 -1 -1
-1 -1 -1 -1 -1 -1 -1 -20 1 66 100 94 68 43 36 21 19 29 19 15 14 27 72 89 83 97 77 73 58 38 47 43 43 74 47 47 66 84 71 66 50 65 56 43 82 82 59 87 62 6 10 15 26 49 32 35 27 22 1 21 20 24 21 22 0 -98 3 13 30 21 0 -61 16 -46 0 22 27 30 36 43 55 41 16 37 38 65 88 87 91 91 67 78 88 85 73 96 90 81 31 43 7 -77 -53 -1 -1 -1 -1 -1 -1 -1 -1 -1 -1 -1 -1 -1 -1 -1 -1 -1 -1 -1 -1 -1 -1 -1 -1 -1 -1 -1 -1 -1 -1 -1 -1 -1
-1 -1 -1 -1 -1 -1 21 36 93 89 90 95 93 79 24 19 31 38 73 88 49 37 45 85 99 100 89 83 88 53 47 43 49 45 48 77 70 83 56 53 89 78 74 87 84 64 85 52 59 60 36 20 21 24 20 19 36 43 9 25 20 20 26 21 0 -84 0 -42 -21 -1 -1 -1 -1 -1 -31 0 10 14 1 21 44 39 20 25 27 62 100 56 74 96 85 67 74 52 93 93 101 76 18 20 0 -1 -1 -1 -1 -1 -1 -1 -1 -1 -1 -1 -1 -1 -1 -1 -1 -1 -1 -1 -1 -1 -1 -1 -1 -1 -1 -1 -1 -1 -1 -1 -1 -1 -1 -1
-1 -1 -1 -1 -37 9 53 48 45 35 65 85 36 20 21 9 14 15 13 33 50 45 87 101 100 93 93 97 72 43 53 62 52 58 64 73 45 48 39 61 71 45 65 89 95 84 90 94 85 78 48 16 20 27 43 43 50 32 35 19 36 26 31 18 0 -117 -39 -1 -1 -1 -1 -1 -1 -1 -1 -1 -1 -1 -1 -31 14 0 0 15 41 84 65 41 94 96 91 66 56 85 77 96 90 76 33 9 -27 -1 -1 -1 -1 -1 -1 -1 -1 -1 -1 -1 -1 -1 -1 -1 -1 -1 -1 -1 -1 -1 -1 -1 -1 -1 -1 -1 -1 -1 -1 -1 -1 -1 -1 -1
-1 -1 -37 0 29 0 22 16 29 53 96 79 56 20 26 33 38 50 44 16 12 18 60 82 78 95 94 99 94 67 47 54 38 43 61 67 56 45 45 58 58 54 97 104 97 93 99 94 82 73 30 16 26 54 47 27 22 22 18 10 8 20 9 0 -31 -4 -1 -1 -1 -1 -1 -1 -1 -1 -1 -1 -1 -1 -1 -1 -1 -1 -1 21 39 85 48 73 72 73 58 84 87 71 87 83 82 74 45 15 -1 -1 -1 -1 -1 -1 -1 -1 -1 -1 -1 -1 -1 -1 -1 -1 -1 -1 -1 -1 -1 -1 -1 -1 -1 -1 -1 -1 -1 -1 -1 -1 -1 -1 -1 -1
-36 0 0 -55 -54 -23 -30 -82 0 12 29 36 67 49 41 32 82 89 61 42 71 25 55 58 105 97 97 87 49 50 44 41 33 33 30 32 39 44 45 58 50 83 99 90 85 76 79 78 100 89 65 39 88 36 22 29 29 32 29 22 7 0 -44 -1 -1 -1 -1 -1 -1 -1 -1 -1 -1 -1 -1 -1 -1 -1 -1 -1 -1 -1 -1 -1 9 77 32 79 49 33 58 89 85 56 74 82 72 87 37 -1 -1 -1 -1 -1 -1 -1 -1 -1 -1 -1 -1 -1 -1 -1 -1 -1 -1 -1 -1 -1 -1 -1 -1 -1 -1 -1 -1 -1 -1 -1 -1 -1 -1 -1 -1 -1
9 0 -32 -1 -1 -26 -1 -34 -96 4 36 85 101 94 85 70 102 89 82 90 83 52 25 87 78 93 95 72 41 62 71 83 61 53 74 66 74 61 95 82 60 56 64 62 64 50 32 13 41 73 95 66 74 27 25 27 27 0 0 0 -45 -1 -1 -1 -1 -1 -1 -1 -1 -1 -1 -1 -1 -1 -1 -1 -1 -1 -1 -1 -1 -1 -1 -1 0 20 16 37 10 27 60 95 76 100 78 83 62 47 19 -1 -1 -1 -1 -1 -1 -1 -1 -1 -1 -1 -1 -1 -1 -1 -1 -1 -1 -1 -1 -1 -1 -1 -1 -1 -1 -1 -1 -1 -1 -1 -1 -1 -1 -1 -1 -1
4 -1 -1 -1 -1 -1 -18 -17 0 59 33 65 94 67 90 105 99 100 100 88 88 61 13 62 81 93 100 96 76 62 83 97 74 60 95 96 82 90 88 47 45 72 78 62 56 56 65 50 14 22 58 31 21 32 20 0 0 -106 -93 -94 -26 -1 -1 -1 -1 -1 -1 -1 -1 -1 -1 -1 -1 -1 -1 -1 -1 -1 -1 -1 -1 -1 -1 -1 -1 -25 0 12 20 64 90 83 83 96 96 83 41 26 -21 -1 -1 -1 -1 -1 -1 -1 -1 -1 -1 -1 -1 -1 -1 -1 -1 -1 -1 -1 -1 -1 -1 -1 -1 -1 -1 -1 -1 -1 -1 -1 -1 -1 -1 -1 -1 -1
-1 -1 -1 -1 -1 -1 -1 -59 33 43 56 68 82 59 96 95 100 85 73 53 73 68 30 24 62 87 99 97 104 52 81 101 71 56 90 64 58 72 101 102 105 113 110 108 108 110 74 66 43 10 24 19 13 21 8 -103 -100 0 0 -51 -1 -1 -1 -1 -1 -1 -1 -1 -1 -1 -1 -1 -1 -1 -1 -1 -1 -1 -1 -1 -1 -1 -1 -1 -1 -1 -1 -28 16 70 96 70 81 90 95 74 29 16 -1 -1 -1 -1 -1 -1 -1 -1 -1 -1 -1 -1 -1 -1 -1 -1 -1 -1 -1 -1 -1 -1 -1 -1 -1 -1 -1 -1 -1 -1 -1 -1 -1 -1 -1 -1 -1 -1
-1 -1 -1 -1 -1 -32 -1 -58 32 30 81 53 59 45 76 96 99 83 90 59 21 12 29 67 42 90 77 100 90 72 56 90 102 96 89 64 105 106 107 105 104 99 102 101 101 106 81 38 20 3 10 0 0 21 0 -36 -64 -47 -1 -1 -1 -1 -1 -1 -1 -1 -1 -1 -1 -1 -1 -1 -1 -1 -1 -1 -1 -1 -1 -1 -1 -1 -1 -1 -1 -1 -1 -1 20 76 77 39 87 77 95 83 22 -37 -1 -1 -1 -1 -1 -1 -1 -1 -1 -1 -1 -1 -1 -1 -1 -1 -1 -1 -1 -1 -1 -1 -1 -1 -1 -1 -1 -1 -1 -1 -1 -1 -1 -1 -1 -1 -1 -1
-1 -1 -1 -1 -1 -65 -21 0 0 19 77 55 47 60 61 99 100 90 74 53 13 66 71 49 41 60 61 96 89 101 70 96 97 95 93 95 99 89 102 95 82 91 93 70 97 99 88 85 70 47 25 -79 -89 -97 -1 -1 -1 -1 -1 -1 -1 -1 -1 -1 -1 -1 -1 -1 -1 -1 -1 -1 -1 -1 -1 -1 -1 -1 -1 -1 -1 -1 -1 -1 -1 -1 -1 -1 -53 27 36 60 76 61 66 77 29 -32 -1 -1 -1 -1 -1 -1 -1 -1 -1 -1 -1 -1 -1 -1 -1 -1 -1 -1 -1 -1 -1 -1 -1 -1 -1 -1 -1 -1 -1 -1 -1 -1 -1 -1 -1 -1 -1 -1
-1 -1 -1 -1 -1 -1 -1 -47 -56 30 85 88 59 42 54 99 100 93 38 25 41 79 76 77 87 88 81 60 85 101 67 53 78 101 99 100 89 99 100 90 76 104 104 96 76 99 49 33 38 38 0 -1 -59 -105 -1 -1 -1 -1 -1 -1 -1 -1 -1 -1 -1 -1 -1 -1 -1 -1 -1 -1 -1 -1 -1 -1 -1 -1 -1 -1 -1 -1 -1 -1 -1 -1 -1 -1 -1 -27 20 42 74 47 100 78 0 -1 -1 -1 -1 -1 -1 -1 -1 -1 -1 -1 -1 -1 -1 -1 -1 -1 -1 -1 -1 -1 -1 -1 -1 -1 -1 -1 -1 -1 -1 -1 -1 -1 -1 -1 -1 -1 -1 -1
-1 -1 -1 -1 -1 -1 -1 -81 0 48 49 72 73 73 55 55 59 52 81 97 100 101 100 106 94 85 94 78 94 94 74 97 58 81 90 94 94 93 84 76 89 93 89 60 68 96 49 30 24 24 -67 -1 -1 -14 -1 -1 -1 -1 -1 -1 -1 -1 -1 -1 -1 -1 -1 -1 -1 -1 -1 -1 -1 -1 -1 -1 -1 -1 -1 -1 -1 -1 -1 -1 -1 -1 -1 -1 -1 -1 4 26 43 76 79 45 15 -1 -1 -1 -1 -1 -1 -1 -1 -1 -1 -1 -1 -1 -1 -1 -1 -1 -1 -1 -1 -1 -1 -1 -1 -1 -1 -1 -1 -1 -1 -1 -1 -1 -1 -1 -1 -1 -1 -1
-1 -1 -1 -1 -1 -1 -35 2 49 33 68 26 0 21 55 87 89 95 96 90 84 97 82 76 82 99 100 74 89 89 91 95 49 79 89 59 85 99 105 88 99 99 56 83 85 99 64 24 15 -93 -8 -1 -1 -1 -1 -1 -1 -1 -1 -1 -1 -1 -1 -1 -1 -1 -1 -1 -1 -1 -1 -1 -1 -1 -1 -1 -1 -1 -1 -1 -1 -1 -1 -1 -1 -1 -1 -1 -1 -1 -1 -32 42 52 42 35 10 -1 -1 -1 -1 -1 -1 -1 -1 -1 -1 -1 -1 -1 -1 -1 -1 -1 -1 -1 -1 -1 -1 -1 -1 -1 -1 -1 -1 -1 -1 -1 -1 -1 -1 -1 -1 -1 -1 -1
-1 -1 -1 -1 -1 -1 -1 -1 0 -49 19 -35 -36 -65 0 22 38 35 48 58 78 68 55 59 54 65 65 83 95 105 96 71 47 83 82 64 53 93 90 94 96 89 42 96 105 100 68 29 30 0 -32 -1 -1 -1 -1 -1 -1 -1 -1 -1 -1 -1 -1 -1 -1 -1 -1 -1 -1 -1 -1 -1 -1 -1 -1 -1 -1 -1 -1 -1 -1 -1 -1 -1 -1 -1 -1 -1 -1 -1 -1 -1 0 21 25 31 -31 -1 -1 -1 -1 -1 -1 -1 -1 -1 -1 -1 -1 -1 -1 -1 -1 -1 -1 -1 -1 -1 -1 -1 -1 -1 -1 -1 -1 -1 -1 -1 -1 -1 -1 -1 -1 -1 -1 -1
-1 -1 -1 -1 -1 -1 -1 -1 -1 -1 -1 -1 0 7 25 31 45 27 30 29 47 54 47 48 76 90 96 95 101 67 77 96 95 90 71 68 95 97 95 89 101 100 70 87 85 87 84 73 48 0 -1 -1 -1 -1 -1 -1 -1 -1 -1 -1 -1 -1 -1 -1 -1 -1 -1 -1 -1 -1 -1 -1 -1 -1 -1 -1 -1 -1 -1 -1 -1 -1 -1 -1 -1 -1 -1 -1 -1 -1 -1 -1 -45 -60 0 8 -6 -1 -1 -1 -1 -1 -1 -1 -1 -1 -1 -1 -1 -1 -1 -1 -1 -1 -1 -1 -1 -1 -1 -1 -1 -1 -1 -1 -1 -1 -1 -1 -1 -1 -1 -1 -1 -1 -1 -1
-1 -1 -1 -1 -1 -1 -1 -1 -1 -1 -1 -20 0 9 0 19 31 30 58 36 13 31 56 44 61 94 84 74 76 81 95 89 94 93 87 53 95 96 89 95 91 95 74 53 73 78 79 45 24 0 -40 -1 -1 -1 -1 -1 -1 -1 -1 -1 -1 -1 -1 -1 -1 -1 -1 -1 -1 -1 -1 -1 -1 -1 -1 -1 -1 -1 -1 -1 -1 -1 -1 -1 -1 -1 -1 -1 -1 -1 -1 -1 -1 -1 0 2 -1 -1 -1 -1 -1 -1 -1 -1 -1 -1 -1 -1 -1 -1 -1 -1 -1 -1 -1 -1 -1 -1 -1 -1 -1 -1 -1 -1 -1 -1 -1 -1 -1 -1 -1 -1 -1 -1 -1 -1
-1 -1 -1 -1 -1 -1 -1 -1 -1 -1 -1 -37 -1 -41 -70 24 25 61 95 76 42 18 12 22 74 88 62 78 65 68 64 82 95 84 87 81 59 91 102 97 99 100 91 53 55 73 77 72 52 21 -54 -1 -1 -1 -1 -1 -1 -1 -1 -1 -1 -1 -1 -1 -1 -1 -1 -1 -1 -1 -1 -1 -1 -1 -1 -1 -1 -1 -1 -1 -1 -1 -1 -1 -1 -1 -1 -1 -1 -1 -1 -1 -1 -1 -7 0 -1 -1 -1 -1 -1 -1 -1 -1 -1 -1 -1 -1 -1 -1 -1 -1 -1 -1 -1 -1 -1 -1 -1 -1 -1 -1 -1 -1 -1 -1 -1 -1 -1 -1 -1 -1 -1 -1 -1 -1
-1 -1 -1 -1 -1 -1 -1 -1 -1 -1 -1 -1 -7 -17 -79 0 25 15 67 82 82 54 19 0 33 31 44 66 71 49 21 44 82 71 95 93 37 82 97 101 89 90 94 71 39 64 74 71 76 3 -12 -1 -1 -1 -1 -1 -1 -1 -1 -1 -1 -1 -1 -1 -1 -1 -1 -1 -1 -1 -1 -1 -1 -1 -1 -1 -1 -1 -1 -1 -1 -1 -1 -1 -1 -1 -1 -1 -1 -1 -1 -1 -1 -1 -1 -25 -1 -1 -1 -1 -1 -1 -1 -1 -1 -1 -1 -1 -1 -1 -1 -1 -1 -1 -1 -1 -1 -1 -1 -1 -1 -1 -1 -1 -1 -1 -1 -1 -1 -1 -1 -1 -1 -1 -1 -1
-1 -1 -1 -1 -1 -1 -60 -1 -1 -1 -1 -1 -30 -54 -93 -94 19 55 91 91 72 85 47 15 0 15 35 27 20 13 37 6 21 6 53 96 41 78 97 95 91 76 78 54 47 70 61 68 48 0 -14 -1 -1 -1 -1 -1 -1 -1 -1 -1 -1 -1 -1 -1 -1 -1 -1 -1 -1 -1 -1 -1 -1 -1 -1 -1 -1 -1 -1 -1 -1 -1 -1 -1 -1 -1 -1 -1 -1 -1 -1 -1 -1 -1 -1 -1 -1 -1 -1 -1 -1 -1 -1 -1 -1 -1 -1 -1 -1 -1 -1 -1 -1 -1 -1 -1 -1 -1 -1 -1 -1 -1 -1 -1 -1 -1 -1 -1 -1 -1 -1 -1 -1 -1 -1 -1
-1 -1 -1 -1 -1 -47 -81 -61 -87 -88 -78 -22 -11 0 19 13 35 93 66 60 77 91 85 39 36 6 49 3 66 35 31 60 45 48 60 18 47 88 88 93 78 58 67 38 54 70 81 82 56 -51 -1 -1 -1 -1 -1 -1 -1 -1 -1 -1 -1 -1 -1 -1 -1 -1 -1 -1 -1 -1 -1 -1 -1 -1 -1 -1 -1 -1 -1 -1 -1 -1 -1 -1 -1 -1 -1 -1 -1 -1 -1 -1 -1 -1 -1 -1 -1 -1 -1 -1 -1 -1 -1 -1 -1 -1 -1 -1 -1 -1 -1 -1 -1 -1 -1 -1 -1 -1 -1 -1 -1 -1 -1 -1 -1 -1 -1 -1 -1 -1 -1 -1 -1 -1 -1 -1
-1 -61 -1 -1 -1 -1 -60 -1 -87 -16 -91 -55 -60 0 27 21 55 91 50 35 68 88 94 67 39 35 29 21 85 95 76 96 83 89 85 58 27 52 64 52 43 39 26 61 74 94 90 31 -41 -1 -1 -1 -1 -1 -1 -1 -1 -1 -1 -1 -1 -1 -1 -1 -1 -1 -1 -1 -1 -1 -1 -1 -1 -1 -1 -1 -1 -1 -1 -1 -1 -1 -1 -1 -1 -1 -1 -1 -1 -1 -1 -1 -1 -1 -1 -1 -1 -1 -1 -1 -1 -1 -1 -1 -1 -1 -1 -1 -1 -1 -1 -1 -1 -1 -1 -1 -1 -1 -1 -1 -1 -1 -1 -1 -1 -1 -1 -1 -1 -1 -1 -1 -1 -1 -1 -1
-1 -53 -94 -14 -1 -1 -1 -4 -1 -27 0 0 -96 0 33 22 38 83 72 66 42 82 56 59 48 39 37 10 50 66 91 99 97 100 91 53 84 84 70 43 26 58 74 64 64 71 29 0 -63 -1 -1 -1 -1 -1 -1 -1 -1 -1 -1 -1 -1 -1 -1 -1 -1 -1 -1 -1 -1 -1 -1 -1 -1 -1 -1 -1 -1 -1 -1 -1 -1 -1 -1 -1 -1 -1 -1 -1 -1 -1 -1 -1 -1 -1 -1 -1 -1 -1 -1 -1 -1 -1 -1 -1 -1 -1 -1 -1 -1 -1 -1 -1 -1 -1 -1 -1 -1 -1 -1 -1 -1 -1 -1 -1 -1 -1 -1 -1 -1 -1 -1 -1 -1 -1 -1 -1
-1 -1 -18 -72 -40 -1 -1 -1 -1 -45 19 42 45 38 35 47 61 61 96 67 88 66 77 42 44 14 50 7 53 85 97 84 102 101 96 89 78 91 85 74 81 78 44 26 39 48 -22 -18 -50 -1 -1 -1 -1 -1 -1 -1 -1 -1 -1 -1 -1 -1 -1 -1 -1 -1 -1 -1 -1 -1 -1 -1 -1 -1 -1 -1 -1 -1 -1 -1 -1 -1 -1 -1 -1 -1 -1 -1 -1 -1 -1 -1 -1 -1 -1 -1 -1 -1 -1 -1 -1 -1 -1 -1 -1 -1 -1 -1 -1 -1 -1 -1 -1 -1 -1 -1 -1 -1 -1 -1 -1 -1 -1 -1 -1 -1 -1 -1 -1 -1 -1 -1 -1 -1 -1 -1
-1 -1 -1 -1 -1 -1 -1 -1 -1 -1 -68 -60 -49 0 18 26 33 50 95 49 73 82 76 90 48 53 26 42 22 84 94 82 100 97 95 58 62 66 59 85 89 55 41 22 44 0 -1 -1 -1 -1 -1 -1 -1 -1 -1 -1 -1 -1 -1 -1 -1 -1 -1 -1 -1 -1 -1 -1 -1 -1 -1 -1 -1 -1 -1 -1 -1 -1 -1 -1 -1 -1 -1 -1 -1 -1 -1 -1 -1 -1 -1 -1 -1 -1 -1 -1 -1 -1 -1 -1 -1 -1 -1 -1 -1 -1 -1 -1 -1 -1 -1 -1 -1 -1 -1 -1 -1 -1 -1 -1 -1 -1 -1 -1 -1 -1 -1 -1 -1 -1 -1 -1 -1 -1 -1 -1
-1 -1 -1 -1 -1 -1 -1 -1 -1 -16 -23 -88 0 0 25 15 21 60 95 84 70 83 71 77 91 87 70 77 15 52 96 71 67 82 55 50 50 66 93 94 91 48 26 24 18 -32 -1 -1 -1 -1 -1 -1 -1 -1 -1 -1 -1 -1 -1 -1 -1 -1 -1 -1 -1 -1 -1 -1 -1 -1 -1 -1 -1 -1 -1 -1 -1 -1 -1 -1 -1 -1 -1 -1 -1 -1 -1 -1 -1 -1 -1 -1 -1 -1 -1 -1 -1 -1 -1 -1 -1 -1 -1 -1 -1 -1 -1 -1 -1 -1 -1 -1 -1 -1 -1 -1 -1 -1 -1 -1 -1 -1 -1 -1 -1 -1 -1 -1 -1 -1 -1 -1 -1 -1 -1 -1
-1 -1 -1 -9 -54 -14 -1 -1 -16 -1 -1 -54 21 26 22 32 31 76 87 77 83 56 85 76 59 39 48 29 20 58 97 94 48 66 83 30 73 84 81 76 81 54 25 24 0 -1 -1 -1 -1 -1 -1 -1 -1 -1 -1 -1 -1 -1 -1 -1 -1 -1 -1 -1 -1 -1 -1 -1 -1 -1 -1 -1 -1 -1 -1 -1 -1 -1 -1 -1 -1 -1 -1 -1 -1 -1 -1 -1 -1 -1 -1 -1 -1 -1 -1 -1 -1 -1 -1 -1 -1 -1 -1 -1 -1 -1 -1 -1 -1 -1 -1 -1 -1 -1 -1 -1 -1 -1 -1 -1 -1 -1 -1 -1 -1 -1 -1 -1 -1 -1 -1 -1 -1 -1 -1 -1
-1 -1 -1 -1 -1 -1 -1 -1 -1 -1 -1 -105 0 22 30 45 70 100 84 88 81 64 83 95 81 68 66 68 14 72 74 74 81 43 52 36 73 55 42 47 65 68 10 -61 -1 -1 -1 -1 -1 -1 -1 -1 -1 -1 -1 -1 -1 -1 -1 -1 -1 -1 -1 -1 -1 -1 -1 -1 -1 -1 -1 -1 -1 -1 -1 -1 -1 -1 -1 -1 -1 -1 -1 -1 -1 -1 -1 -1 -1 -1 -1 -1 -1 -1 -1 -1 -1 -1 -1 -1 -1 -1 -1 -1 -1 -1 -1 -1 -1 -1 -1 -1 -1 -1 -1 -1 -1 -1 -1 -1 -1 -1 -1 -1 -1 -1 -1 -1 -1 -1 -1 -1 -1 -1 -1 -1
-1 -1 -1 -1 -1 -1 -1 -1 -87 -49 -44 -63 0 33 52 89 104 99 101 78 78 71 61 79 85 97 65 41 14 50 74 47 56 42 25 30 31 22 26 24 41 48 0 -7 -1 -1 -1 -1 -1 -1 -1 -1 -1 -1 -1 -1 -1 -1 -1 -1 -1 -1 -1 -1 -1 -1 -1 -1 -1 -1 -1 -1 -1 -1 -1 -1 -1 -1 -1 -1 -1 -1 -1 -1 -1 -1 -1 -1 -1 -1 -1 -1 -1 -1 -1 -1 -1 -1 -1 -1 -1 -1 -1 -1 -1 -1 -1 -1 -1 -1 -1 -1 -1 -1 -1 -1 -1 -1 -1 -1 -1 -1 -1 -1 -1 -1 -1 -1 -1 -1 -1 -1 -1 -1 -1 -1
-1 -1 -1 -1 -1 -1 -1 -1 -77 -53 -97 0 4 83 100 106 93 79 88 85 81 74 47 42 66 87 78 88 36 16 55 56 26 19 15 21 19 22 29 18 12 20 -54 -1 -1 -1 -1 -1 -1 -1 -1 -1 -1 -1 -1 -1 -1 -1 -1 -1 -1 -1 -1 -1 -1 -1 -1 -1 -1 -1 -1 -1 -1 -1 -1 -1 -1 -1 -1 -1 -1 -1 -1 -1 -1 -1 -1 -1 -1 -1 -1 -1 -1 -1 -1 -1 -1 -1 -1 -1 -1 -1 -1 -1 -1 -1 -1 -1 -1 -1 -1 -1 -1 -1 -1 -1 -1 -1 -1 -1 -1 -1 -1 -1 -1 -1 -1 -1 -1 -1 -1 -1 -1 -1 -1 -1
-1 -1 -1 -1 -1 -1 -1 -58 -63 -1 -20 -1 7 52 90 85 76 74 87 94 81 47 84 53 35 66 95 82 66 33 15 21 27 16 7 29 19 25 10 -20 -27 7 -37 -1 -1 -1 -1 -1 -1 -1 -1 -1 -1 -1 -1 -1 -1 -1 -1 -1 -1 -1 -1 -1 -1 -1 -1 -1 -1 -1 -1 -1 -1 -1 -1 -1 -1 -1 -1 -1 -1 -1 -1 -1 -1 -1 -1 -1 -1 -1 -1 -1 -1 -1 -1 -1 -1 -1 -1 -1 -1 -1 -1 -1 -1 -1 -1 -1 -1 -1 -1 -1 -1 -1 -1 -1 -1 -1 -1 -1 -1 -1 -1 -1 -1 -1 -1 -1 -1 -1 -1 -1 -1 -1 -1 -1
-1 -1 -1 -1 -1 -1 -1 -42 -1 -1 -1 -1 -55 26 66 91 91 76 58 85 79 25 55 71 48 27 42 54 31 32 18 12 12 19 16 44 22 2 -30 -1 -1 -1 -1 -1 -1 -1 -1 -1 -1 -1 -1 -1 -1 -1 -1 -1 -1 -1 -1 -1 -1 -1 -1 -1 -1 -1 -1 -1 -1 -1 -1 -1 -1 -1 -1 -1 -1 -1 -1 -1 -1 -1 -1 -1 -1 -1 -1 -1 -1 -1 -1 -1 -1 -1 -1 -1 -1 -1 -1 -1 -1 -1 -1 -1 -1 -1 -1 -1 -1 -1 -1 -1 -1 -1 -1 -1 -1 -1 -1 -1 -1 -1 -1 -1 -1 -1 -1 -1 -1 -1 -1 -1 -1 -1 -1 -1
-1 -1 -1 -1 -1 -1 -1 -1 -1 -1 -1 -2 -1 0 45 54 41 60 39 60 44 38 35 67 39 30 26 16 22 26 41 36 22 16 13 24 20 0 -1 -1 -1 -1 -1 -1 -1 -1 -1 -1 -1 -1 -1 -1 -1 -1 -1 -1 -1 -1 -1 -1 -1 -1 -1 -1 -1 -1 -1 -1 -1 -1 -1 -1 -1 -1 -1 -1 -1 -1 -1 -1 -1 -1 -1 -1 -1 -1 -1 -1 -1 -1 -1 -1 -1 -1 -1 -1 -1 -1 -1 -1 -1 -1 -1 -1 -1 -1 -1 -1 -1 -1 -1 -1 -1 -1 -1 -1 -1 -1 -1 -1 -1 -1 -1 -1 -1 -1 -1 -1 -1 -1 -1 -1 -1 -1 -1 -4
-1 -1 -1 -1 -1 -1 -1 -1 -1 -1 -1 -18 -97 -83 0 13 14 18 16 13 14 33 19 54 44 21 13 22 31 25 16 12 18 15 3 4 29 0 -1 -1 -1 -1 -1 -1 -1 -1 -1 -1 -1 -1 -1 -1 -1 -1 -1 -1 -1 -1 -1 -1 -1 -1 -1 -1 -1 -1 -1 -1 -1 -1 -1 -1 -1 -1 -1 -1 -1 -1 -1 -1 -1 -1 -1 -1 -1 -1 -1 -1 -1 -1 -1 -1 -1 -1 -1 -1 -1 -1 -1 -1 -1 -1 -1 -1 -1 -1 -1 -1 -1 -1 -1 -1 -1 -1 -1 -1 -1 -1 -1 -1 -1 -1 -1 -1 -1 -1 -1 -1 -1 -1 -1 -1 -1 -1 -4 -4
-1 -1 -1 -1 -1 -1 -1 -1 -1 -1 -1 -1 -61 0 0 0 9 14 16 19 19 18 15 20 3 12 22 31 33 31 25 35 26 27 22 18 14 -50 -1 -1 -1 -1 -1 -1 -1 -1 -1 -1 -1 -1 -1 -1 -1 -1 -1 -1 -1 -1 -1 -1 -1 -1 -1 -1 -1 -1 -1 -1 -1 -1 -1 -1 -1 -1 -1 -1 -1 -1 -1 -1 -1 -1 -1 -1 -1 -1 -1 -1 -1 -1 -1 -1 -1 -1 -1 -1 -1 -1 -1 -1 -1 -1 -1 -1 -1 -1 -1 -1 -1 -1 -1 -1 -1 -1 -1 -1 -1 -1 -1 -1 -1 -1 -1 -1 -1 -1 -1 -1 -1 -1 -1 -2 -3 -4 -4 -4
-1 -1 -1 -1 -1 -1 -1 -1 -40 -7 -63 -73 0 0 -65 -101 -77 0 14 30 42 22 26 26 14 37 37 31 29 43 60 70 65 56 32 21 8 -75 -1 -1 -1 -1 -1 -1 -1 -1 -1 -1 -1 -1 -1 -1 -1 -1 -1 -1 -1 -1 -1 -1 -1 -1 -1 -1 -1 -1 -1 -1 -1 -1 -1 -1 -1 -1 -1 -1 -1 -1 -1 -1 -1 -1 -1 -1 -1 -1 -1 -1 -1 -1 -1 -1 -1 -1 -1 -1 -1 -1 -1 -1 -1 -1 -1 -1 -1 -1 -1 -1 -1 -1 -1 -1 -1 -1 -1 -1 -1 -1 -1 -1 -1 -1 -1 -1 -1 -1 -1 -1 -1 -1 -4 -4 -4 -4 -4 -4
-1 -1 -1 -1 -1 -1 -1 -1 -1 -8 -1 -30 39 -70 -18 -1 -17 -51 8 6 -75 -89 -114 0 25 61 59 55 29 43 48 48 55 33 36 29 20 0 -1 -1 -1 -1 -1 -1 -1 -1 -1 -1 -1 -1 -1 -1 -1 -1 -1 -1 -1 -1 -1 -1 -1 -1 -1 -1 -1 -1 -1 -1 -1 -1 -1 -1 -1 -1 -1 -1 -1 -1 -1 -1 -1 -1 -1 -1 -1 -1 -1 -1 -1 -1 -1 -1 -1 -1 -1 -1 -1 -1 -1 -1 -1 -1 -1 -1 -1 -1 -1 -1 -1 -1 -1 -1 -1 -1 -1 -1 -1 -1 -1 -1 -1 -1 -1 -1 -1 -1 -1 -3 -3 -4 -4 -4 -4 -4 -4 -4
-1 -1 -1 -1 -1 -1 -1 -1 -1 -1 -1 -23 0 0 -20 -12 -1 -1 -1 -1 -1 -1 -32 -65 27 32 59 61 77 47 41 67 77 50 32 67 38 0 -11 -1 -1 -1 -1 -1 -1 -1 -1 -1 -1 -1 -1 -1 -1 -1 -1 -1 -1 -1 -1 -1 -1 -1 -1 -1 -1 -1 -1 -1 -1 -1 -1 -1 -1 -1 -1 -1 -1 -1 -1 -1 -1 -1 -1 -1 -1 -1 -1 -1 -1 -1 -1 -1 -1 -1 -1 -1 -1 -1 -1 -1 -1 -1 -1 -1 -1 -1 -1 -1 -1 -1 -1 -1 -1 -1 -1 -1 -1 -1 -1 -3 -2 -1 -1 -1 -1 -1 -1 -3 -4 -4 -4 -4 -4 -4 -4 -4
-1 -1 -1 -1 -1 -1 -1 -1 -1 -1 -1 -1 -1 -1 -1 -1 -1 -1 -1 -1 -1 -1 -22 -112 24 55 61 62 67 56 53 43 27 45 24 32 25 7 -12 -1 -1 -1 -1 -1 -1 -1 -1 -1 -1 -1 -1 -1 -1 -1 -1 -1 -1 -1 -1 -1 -1 -1 -1 -1 -1 -1 -1 -1 -1 -1 -1 -1 -1 -1 -1 -1 -1 -1 -1 -1 -1 -1 -1 -1 -1 -1 -1 -1 -1 -1 -1 -1 -1 -1 -1 -1 -1 -1 -1 -1 -1 -1 -1 -1 -1 -1 -1 -1 -1 -1 -1 -1 -1 -1 -1 -4 -4 -4 -3 -2 -1 -1 -1 -1 -1 -1 -1 -1 -4 -4 -4 -4 -4 -4 -4 -4
-1 -1 -1 -1 -1 -1 -1 -1 -1 -1 -1 -1 -1 -1 -1 -1 -1 -1 -1 -1 -1 -28 0 0 24 38 66 68 93 91 94 99 82 36 21 2 0 -77 -1 -1 -1 -1 -1 -1 -1 -1 -1 -1 -1 -1 -1 -1 -1 -1 -1 -1 -1 -1 -1 -1 -1 -1 -1 -1 -1 -1 -1 -1 -1 -1 -1 -1 -1 -1 -1 -1 -1 -1 -1 -1 -1 -1 -1 -1 -1 -1 -1 -1 -1 -1 -1 -1 -1 -1 -1 -1 -1 -1 -1 -1 -1 -1 -1 -1 -1 -1 -1 -1 -2 -2 -1 -1 -2 -2 -4 -4 -3 -1 -1 -1 -1 -1 -1 -1 -1 -1 -1 -2 -4 -4 -4 -4 -4 -4 -4 -4
-1 -1 -1 -1 -1 -1 -1 -1 -1 -1 -1 -1 -1 -1 -1 -1 -1 -1 -1 -1 -16 0 16 19 22 31 49 58 83 96 84 96 91 62 30 -60 -1 -1 -1 -1 -1 -1 -1 -1 -1 -1 -1 -1 -1 -1 -1 -1 -1 -1 -1 -1 -1 -1 -1 -1 -1 -1 -1 -1 -1 -1 -1 -1 -1 -1 -1 -1 -1 -1 -1 -1 -1 -1 -1 -1 -1 -1 -1 -1 -1 -1 -1 -1 -1 -1 -1 -1 -1 -1 -1 -1 -1 -1 -1 -1 -1 -1 -2 -4 -4 -4 -4 -3 -4 -4 -4 -4 -3 -1 -1 -1 -1 -1 -1 -1 -1 -1 -1 -3 -3 -3 -1 -3 -4 -4 -6 -7 -6 -6 -6 -7
-1 -1 -1 -1 -1 -1 -1 -1 -1 -1 -1 -1 -1 -1 -1 -1 -1 -1 -1 -1 -18 0 14 15 43 60 45 38 74 99 91 83 53 43 20 0 -1 -1 -1 -1 -1 -1 -1 -1 -1 -1 -1 -1 -1 -1 -1 -1 -1 -1 -1 -1 -1 -1 -1 -1 -1 -1 -1 -1 -1 -1 -1 -1 -1 -1 -1 -1 -1 -1 -1 -1 -1 -1 -1 -1 -1 -1 -1 -1 -1 -1 -1 -1 -1 -1 -1 -1 -1 -1 -1 -1 -1 -1 -1 -1 -1 -3 -4 -4 -4 -4 -4 -4 -4 -4 -4 -4 -2 -1 -1 -1 -1 -1 -1 -1 -1 -4 -4 -4 -4 -4 -4 -4 -4 -7 -11 -14 -13 -11 -11 -13
-1 -1 -1 -1 -1 -1 -1 -1 -1 -1 -1 -1 -1 -1 -1 -1 -1 -1 -1 -1 0 59 35 16 30 47 68 56 36 91 64 41 21 22 30 -37 -1 -1 -1 -1 -1 -1 -1 -1 -1 -1 -1 -1 -1 -1 -1 -1 -1 -1 -1 -1 -1 -1 -1 -1 -1 -1 -1 -1 -1 -1 -1 -1 -1 -1 -1 -1 -1 -1 -1 -1 -1 -1 -1 -1 -1 -1 -1 -1 -1 -1 -1 -1 -1 -1 -1 -1 -1 -1 -1 -1 -1 -1 -2 -4 -4 -4 -4 -4 -4 -4 -4 -4 -4 -4 -4 -4 -1 -1 -1 -1 -1 -1 -1 -1 -4 -4 -4 -4 -4 -4 -4 -4 -8 -13 -14 -16 -17 -16 -18 -20
-1 -1 -1 -1 -1 -1 -1 -1 -1 -1 -1 -1 -82 -1 -1 -1 -1 -1 -1 -46 0 32 0 0 19 49 42 71 35 31 36 26 25 25 24 0 -26 -1 -1 -1 -1 -1 -1 -1 -1 -1 -1 -1 -1 -1 -1 -1 -1 -1 -1 -1 -1 -1 -1 -1 -1 -1 -1 -1 -1 -1 -1 -1 -1 -1 -1 -1 -1 -1 -1 -1 -1 -1 -1 -1 -1 -1 -1 -1 -1 -1 -1 -1 -1 -1 -1 -1 -1 -1 -1 -1 -1 -1 -1 -4 -4 -4 -4 -4 -4 -4 -4 -4 -4 -4 -4 -4 -3 -2 -3 -2 -1 -1 -1 -4 -4 -4 -4 -4 -6 -7 -8 -9 -14 -17 -20 -22 -23 -23 -26 -27
-1 -1 -1 -1 -1 -1 -1 -1 -1 -1 -1 -1 -1 -1 -1 -1 -1 -1 -1 -42 0 1 -65 -6 0 24 31 36 26 0 -70 -97 -51 -55 -87 0 10 0 -1 -1 -1 -1 -1 -1 -1 -1 -1 -1 -1 -1 -1 -1 -1 -1 -1 -1 -1 -1 -1 -1 -1 -1 -1 -1 -1 -1 -1 -1 -1 -1 -1 -1 -1 -1 -1 -1 -1 -1 -1 -1 -1 -1 -1 -1 -1 -1 -1 -1 -1 -1 -1 -1 -1 -1 -1 -1 -1 -2 -3 -4 -4 -4 -4 -4 -4 -4 -4 -4 -4 -4 -4 -4 -4 -4 -4 -4 -4 -4 -4 -4 -4 -4 -6 -11 -12 -13 -16 -18 -22 -25 -27 -28 -28 -28 -28 -30
-1 -1 -1 -1 -1 -1 -1 -1 -1 -1 -1 -1 -1 -1 -1 -4 -1 -1 -2 -86 -27 -1 -1 -1 -12 0 1 29 0 -49 -1 -55 -1 -1 -21 0 29 45 -50 -1 -1 -1 -1 -1 -1 -1 -1 -1 -1 -1 -1 -1 -1 -1 -1 -1 -1 -1 -1 -1 -1 -1 -1 -1 -1 -1 -1 -1 -1 -1 -1 -1 -1 -1 -1 -1 -1 -1 -1 -1 -1 -1 -1 -1 -1 -1 -1 -1 -1 -1 -1 -1 -1 -1 -1 -1 -2 -3 -4 -4 -4 -4 -4 -4 -4 -4 -4 -4 -4 -4 -4 -4 -4 -4 -4 -4 -4 -4 -4 -6 -6 -4 -9 -14 -16 -17 -21 -25 -28 -28 -31 -34 -32 -32 -32 -35
-1 -1 -1 -1 -1 -1 -1 -1 -1 -1 -1 -1 -18 -1 -1 -77 -4 -1 -3 -1 -1 -1 -1 -1 -1 -20 -14 -70 -30 -1 -1 -1 -1 -1 -1 -28 12 74 18 -1 -1 -1 -1 -1 -1 -1 -1 -1 -1 -1 -1 -1 -1 -1 -1 -1 -1 -1 -1 -1 -1 -1 -1 -1 -1 -1 -1 -1 -1 -1 -1 -1 -1 -1 -1 -1 -1 -1 -1 -1 -1 -1 -1 -1 -1 -1 -1 -1 -1 -1 -1 -1 -1 -1 -1 -1 -3 -4 -4 -4 -4 -4 -4 -4 -4 -4 -4 -4 -4 -4 -4 -4 -4 -4 -4 -6 -6 -6 -8 -9 -8 -8 -14 -17 -22 -25 -28 -28 -28 -30 -36 -39 -39 -39 -39 -40
-1 -1 -1 -1 -1 -1 -1 -1 -1 -1 -1 -1 -25 -1 -8 12 19 -1 -1 -1 -1 -1 -1 -1 -1 -1 -1 -1 -1 -1 -1 -1 -1 -1 -1 -6 0 0 0 -1 -1 -1 -1 -1 -1 -1 -1 -1 -1 -1 -1 -1 -1 -1 -1 -1 -1 -1 -1 -1 -1 -1 -1 -1 -1 -1 -1 -1 -1 -1 -1 -1 -1 -1 -1 -1 -1 -1 -1 -1 -1 -1 -1 -1 -1 -1 -1 -1 -1 -1 -1 -1 -1 -1 -1 -2 -4 -4 -4 -4 -4 -4 -4 -4 -4 -4 -4 -4 -4 -4 -4 -4 -4 -7 -8 -11 -11 -12 -13 -14 -13 -13 -17 -25 -27 -28 -28 -28 -30 -34 -39 -40 -40 -40 -40 -40
-1 -1 -1 -1 -1 -1 -1 -1 -1 -1 -1 -1 -1 -1 -1 0 -37 -1 -1 -1 -1 -1 -1 -1 -1 -1 -1 -1 -1 -1 -1 -1 -1 -1 -1 -1 -1 -1 -7 -1 -1 -1 -1 -1 -1 -1 -1 -1 -1 -1 -1 -1 -1 -1 -1 -1 -1 -1 -1 -1 -1 -1 -1 -1 -1 -1 -1 -1 -1 -1 -1 -1 -1 -1 -1 -1 -1 -1 -1 -1 -1 -1 -1 -1 -1 -1 -1 -1 -1 -1 -1 -1 -1 -1 -1 -3 -4 -4 -4 -4 -4 -4 -4 -4 -4 -4 -4 -4 -4 -4 -4 -4 -6 -8 -12 -14 -14 -14 -14 -13 -13 -18 -25 -28 -28 -28 -28 -30 -34 -39 -40 -40 -40 -40 -40 -40
-1 -1 -1 -1 -1 -1 -1 -1 -1 -1 -1 -1 -1 -1 -1 -1 -1 -1 -1 -1 -1 -1 -1 -1 -1 -1 -1 -1 -1 -1 -1 -1 -1 -1 -1 -1 -1 -1 -1 -1 -1 -1 -1 -1 -1 -1 -1 -1 -1 -1 -1 -1 -1 -1 -1 -1 -1 -1 -1 -1 -1 -1 -1 -1 -1 -1 -1 -1 -1 -1 -1 -1 -1 -1 -1 -1 -1 -1 -1 -1 -1 -1 -1 -1 -1 -1 -1 -1 -1 -1 -1 -1 -1 -3 -4 -4 -4 -4 -4 -4 -4 -4 -4 -3 -1 -4 -4 -4 -4 -4 -4 -6 -7 -12 -14 -14 -14 -14 -14 -14 -14 -22 -28 -30 -30 -28 -34 -37 -39 -40 -40 -40 -40 -40 -40 -40
-1 -1 -1 -1 -1 -1 -1 -1 -1 -1 -1 -1 -1 -1 -1 -1 -1 -1 -1 -1 -1 -1 -1 -1 -1 -1 -1 -1 -1 -1 -1 -1 -1 -1 -1 -1 -1 -1 -1 -1 -1 -1 -1 -1 -1 -1 -1 -1 -1 -1 -1 -1 -1 -1 -1 -1 -1 -1 -1 -1 -1 -1 -1 -1 -1 -1 -1 -1 -1 -1 -1 -1 -1 -1 -1 -1 -1 -1 -1 -1 -1 -1 -1 -1 -1 -1 -1 -1 -1 -1 -1 -1 -1 -4 -4 -4 -7 -7 -6 -4 -4 -4 -4 -3 -1 -1 -4 -4 -4 -4 -7 -7 -11 -14 -14 -14 -14 -14 -14 -14 -16 -25 -30 -34 -36 -36 -39 -40 -40 -40 -40 -40 -40 -40 -40 -40
-1 -1 -1 -1 -1 -1 -1 -1 -1 -1 -1 -1 -1 -1 -1 -1 -1 -1 -1 -1 -1 -1 -1 -1 -1 -1 -1 -1 -1 -1 -1 -1 -1 -1 -1 -1 -1 -1 -1 -1 -1 -1 -1 -1 -1 -1 -1 -1 -1 -1 -1 -1 -1 -1 -1 -1 -1 -1 -1 -1 -1 -1 -1 -1 -1 -1 -1 -1 -1 -1 -1 -1 -1 -1 -1 -1 -1 -1 -1 -1 -1 -1 -1 -1 -1 -1 -1 -1 -1 -1 -1 -1 -4 -4 -4 -4 -6 -7 -4 -4 -4 -4 -4 -3 -1 -2 -4 -4 -7 -8 -9 -12 -13 -16 -14 -14 -16 -16 -17 -21 -25 -27 -31 -39 -39 -39 -40 -40 -40 -40 -40 -40 -40 -40 -40 -40
-1 -1 -1 -1 -1 -1 -1 -1 -1 -1 -1 -1 -1 -1 -1 -1 -1 -1 -1 -1 -1 -1 -1 -1 -1 -1 -1 -1 -1 -1 -1 -1 -1 -1 -1 -1 -1 -1 -1 -1 -1 -1 -1 -1 -1 -1 -1 -1 -1 -1 -1 -1 -1 -1 -1 -1 -1 -1 -1 -1 -1 -1 -1 -1 -1 -1 -1 -1 -1 -1 -1 -1 -1 -1 -1 -1 -1 -1 -1 -1 -1 -1 -1 -1 -1 -1 -1 -1 -1 -1 -1 -3 -4 -4 -4 -4 -6 -6 -4 -4 -4 -4 -4 -4 -4 -4 -4 -4 -11 -13 -14 -14 -14 -14 -14 -17 -20 -21 -23 -26 -28 -28 -34 -40 -40 -40 -40 -40 -40 -40 -40 -40 -40 -40 -40 -40
-1 -1 -1 -1 -1 -1 -1 -1 -1 -1 -1 -1 -1 -1 -1 -1 -1 -1 -1 -1 -1 -1 -1 -1 -1 -1 -1 -1 -1 -1 -1 -1 -1 -1 -1 -1 -1 -1 -1 -1 -1 -1 -1 -1 -1 -1 -1 -1 -1 -1 -1 -1 -1 -1 -1 -1 -1 -1 -1 -1 -1 -1 -1 -1 -1 -1 -1 -1 -1 -1 -1 -1 -1 -1 -1 -1 -1 -1 -1 -1 -1 -1 -1 -1 -1 -1 -1 -1 -1 -1 -4 -4 -4 -4 -4 -4 -6 -7 -6 -4 -6 -4 -4 -4 -4 -4 -4 -4 -11 -14 -14 -14 -14 -14 -14 -17 -21 -25 -26 -26 -28 -28 -31 -40 -40 -40 -40 -40 -40 -40 -40 -40 -40 -40 -40 -41
-1 -1 -1 -1 -1 -1 -1 -1 -1 -1 -1 -1 -1 -1 -1 -1 -1 -1 -1 -1 -1 -1 -1 -1 -1 -1 -1 -1 -1 -1 -1 -1 -1 -1 -1 -1 -1 -1 -1 -1 -1 -1 -1 -1 -1 -1 -1 -1 -1 -1 -1 -1 -1 -1 -1 -1 -1 -1 -1 -1 -1 -1 -1 -1 -1 -1 -1 -1 -1 -1 -1 -1 -1 -1 -1 -1 -1 -1 -1 -1 -1 -1 -1 -1 -1 -1 -1 -1 -1 -4 -4 -4 -4 -4 -4 -4 -4 -7 -11 -14 -11 -6 -4 -4 -4 -4 -4 -4 -8 -14 -14 -14 -14 -14 -14 -18 -22 -25 -26 -27 -28 -28 -30 -40 -40 -40 -40 -40 -40 -40 -40 -40 -40 -40 -41 -41
