river 11 Mississippi
0 98
-1 98
-1 99
-2 100
-2 101
-2 102
-1 102
-1 103
0 103
-1 104
0 104
-1 105
-1 106
0 106
-1 107
-1 108
-2 108
-3 109
-2 108
-3 109
-3 110
-4 110
-3 110
-4 110
-4 111
-5 112
-6 113
-6 114
-7 114
-7 115
-8 116
-9 117
-10 118
river 11 Missouri
-16 59
-16 58
-17 59
-18 59
-18 58
-18 57
-19 58
-19 57
-18 56
-19 56
-20 56
-21 56
river 11 Missouri
-17 63
-16 63
-17 64
-17 65
-18 66
-18 67
-17 67
-18 68
-18 69
-19 70
-19 71
-20 71
-20 72
-21 72
-21 73
-21 74
river 11 Missouri
-19 76
-20 77
-20 78
-19 78
-20 79
-19 79
-19 80
river 11 Missouri
-28 56
-27 56
-26 56
-26 55
-26 56
-25 55
-25 56
-24 55
-24 56
-23 55
-23 56
-22 56
-22 57
-22 56
-21 56
river 11 Missouri
-16 59
-17 60
-16 60
-16 61
-17 62
-16 62
-17 63
river 11 Missouri
-21 74
-20 74
-20 75
-19 75
-20 75
-19 74
-19 75
-19 76
river 11 Missouri
-19 80
-18 80
-18 81
-17 81
-16 81
-15 81
-14 81
-14 82
-13 82
-14 83
-13 83
-14 84
-14 85
-14 86
-14 87
-14 88
-15 89
-14 88
-15 89
-15 90
-16 91
-15 91
-16 92
-15 92
-16 93
-15 93
-16 94
-15 94
-15 95
-14 94
-14 95
-15 95
-15 96
-15 97
-15 98
-14 98
-13 97
-13 98
-12 97
-12 98
-11 97
-10 97
-11 97
-10 97
-9 96
-9 97
-9 98
-8 98
-8 99
-8 100
-7 100
-6 99
-5 99
-4 99
-4 100
-3 99
-2 99
-2 98
-1 98
0 98
river 10 St. Lawrence
61 57
60 57
59 58
58 59
57 60
56 61
river 9 Allegheny
46 75
45 76
45 75
45 74
44 75
44 74
43 75
43 76
42 76
41 77
41 78
40 78
39 79
39 80
40 80
39 81
40 80
39 81
40 81
39 82
38 83
river 9 St. Clair
33 73
32 74
32 75
31 76
river 9 Ohio
38 83
37 84
37 83
37 82
36 83
35 83
35 84
35 85
34 86
34 87
33 87
34 87
33 88
32 89
31 90
31 89
30 90
29 91
29 92
28 92
27 93
27 94
26 95
25 95
25 94
24 94
23 95
23 94
22 95
21 95
22 94
21 94
20 95
20 94
20 93
19 94
19 93
18 94
18 95
17 95
river 9 Ohio
17 95
16 96
17 95
16 96
15 97
14 98
13 99
12 100
12 99
11 99
12 99
11 99
11 100
10 100
10 101
10 100
9 100
8 101
8 100
7 101
7 100
7 101
6 101
5 102
4 103
3 104
2 105
1 105
0 105
0 106
river 8 La Grande
69 18
68 18
67 19
66 19
65 19
64 19
63 20
62 20
61 20
river 8 La Grande
76 16
76 15
river 8 La Grande
79 15
78 15
river 8 La Grande
61 20
60 20
59 21
58 21
57 21
river 8 La Grande
76 16
75 16
76 15
75 16
74 16
73 16
73 15
72 16
71 16
71 17
70 17
69 18
river 8 La Grande
78 15
78 14
77 15
76 15
river 8 La Grande
80 15
80 14
80 15
79 15
river 8 Saskatchewan
-6 30
-7 30
-8 31
river 8 Saskatchewan
1 30
1 31
1 32
2 32
3 32
river 8 Saskatchewan
3 32
4 32
5 31
6 31
7 30
river 8 Saskatchewan
-3 28
-3 29
-2 29
-1 28
0 28
-1 29
0 29
0 30
1 30
river 8 Saskatchewan
-6 30
-5 29
-4 28
-3 28
river 8 Saskatchewan
-11 31
-11 32
-10 31
-10 32
-9 31
-8 31
river 8 North Saskatchewan
-17 34
-16 33
-15 32
-14 32
-14 31
-13 31
-14 32
-13 31
-13 32
-12 31
-11 31
river 8 Arkansas
-50 101
-50 102
-49 102
-48 102
-48 103
-47 103
-46 103
-45 103
-44 103
-43 103
-42 103
-42 104
-41 103
-41 104
-40 104
-40 105
-39 104
-38 104
-37 104
-37 105
-36 105
-35 105
-35 106
-34 105
-33 104
-32 103
-31 103
-30 102
-29 102
-29 103
-28 103
-28 104
-27 104
-27 105
-27 106
-27 107
-27 108
-28 108
-27 108
-27 109
-28 110
-28 111
-28 110
-29 111
-28 111
-27 110
-28 111
-27 111
-27 112
-26 112
-27 112
-26 112
-26 113
-25 113
-25 114
-24 114
-25 115
-24 115
-24 116
-23 116
-22 116
-22 115
-22 116
-22 115
-22 116
-21 115
-20 115
-19 115
-18 115
-18 116
-17 116
-16 116
-16 117
-16 118
-15 118
river 8 Nelson
19 17
20 16
20 17
21 16
river 8 Nelson
16 18
17 18
17 17
17 18
18 17
river 8 Nelson
10 24
11 23
12 22
river 8 Nelson
5 42
5 41
6 40
6 39
6 38
5 38
6 37
5 37
5 36
5 35
6 34
6 33
6 32
7 31
7 30
8 29
7 29
8 28
river 8 Nelson
21 16
21 17
22 16
23 16
23 15
24 15
25 14
26 14
river 8 Nelson
18 17
19 17
river 8 Nelson
12 22
13 22
14 21
15 20
15 19
16 18
river 8 Nelson
10 25
10 24
9 25
10 24
river 8 Nelson
8 28
9 28
9 27
10 26
10 25
river 7 
67 50
66 51
river 7 Mississippi
3 59
2 59
river 7 Mississippi
3 59
4 59
4 58
4 59
river 7 Mississippi
4 59
5 59
5 60
6 60
5 61
4 62
3 63
2 63
1 64
0 65
1 65
0 66
0 67
0 68
1 68
1 69
2 69
1 70
2 70
2 71
3 71
3 72
4 72
4 73
5 73
5 74
6 74
5 75
6 75
5 76
5 77
5 78
4 78
5 78
4 79
4 80
5 80
5 81
6 81
5 82
6 82
6 83
5 84
4 85
3 86
2 86
1 87
1 88
0 89
-1 90
-1 91
-2 91
-2 92
-3 93
-2 93
-3 94
-2 94
-2 95
-2 96
-1 96
-2 97
-2 98
-1 97
-1 98
0 97
0 98
river 7 Mississippi
0 60
1 59
2 59
river 7 Tennessee
2 110
3 109
3 108
3 107
3 106
3 105
river 7 Tennessee
3 116
3 115
2 115
1 115
river 7 Tennessee
3 105
2 105
river 7 Tennessee
16 108
15 109
14 109
13 109
13 110
12 111
11 112
10 113
10 112
10 113
9 113
8 114
7 115
6 116
5 117
5 116
4 116
3 116
river 7 Tennessee
1 115
0 116
0 115
-1 115
0 114
-1 115
-1 114
0 114
0 113
1 113
1 112
2 111
2 110
river 7 Holston
27 101
26 101
25 102
24 103
23 103
22 104
21 105
20 105
19 106
18 106
18 107
18 106
18 107
18 106
18 107
17 107
16 108
river 6 R. des Outaouais
54 48
55 47
54 47
river 6 R. des Outaouais
51 49
50 49
river 6 R. des Outaouais
55 48
56 48
river 6 R. des Outaouais
55 48
54 49
54 48
river 6 R. des Outaouais
54 47
54 48
53 48
52 48
52 47
51 48
51 49
river 6 R. des Outaouais
50 49
50 50
49 50
48 50
river 6 Ottawa
48 53
48 52
48 51
48 50
river 6 Ottawa
48 53
48 54
49 54
49 55
50 55
51 55
52 55
river 6 Ottawa
52 55
53 55
river 6 Ottawa
53 55
53 56
54 55
54 56
river 6 Ottawa
54 56
55 55
54 56
55 56
55 57
56 57
57 56
57 57
58 56
59 55
60 55
61 54
62 54
river 6 
4 3
5 3
river 6 
-1 2
0 2
1 2
1 3
2 2
2 3
3 3
river 6 
4 3
3 3
river 6 
6 6
6 5
6 4
5 4
4 4
5 4
5 3
river 6 
6 7
6 6
river 6 Albany
19 37
19 38
18 39
river 6 Albany
18 40
18 39
river 6 Albany
19 40
19 41
river 6 Albany
19 41
20 41
21 40
22 40
river 6 Albany
18 37
19 37
river 6 Albany
18 40
19 40
18 40
19 40
river 6 Albany
22 40
23 40
24 39
25 38
26 38
27 37
28 37
28 38
29 37
29 38
30 38
31 38
32 37
33 37
33 36
34 36
34 35
35 35
35 36
36 35
36 36
37 36
37 37
38 37
39 37
39 36
40 36
41 35
42 35
42 34
43 34
43 33
44 32
45 32
46 31
47 31
river 6 Churchill
96 9
96 8
river 6 Churchill
96 8
97 7
98 7
99 6
99 7
100 7
101 7
102 6
103 6
103 7
104 6
105 5
105 6
105 5
106 5
106 4
107 3
108 3
river 6 Churchill
96 10
96 9
river 6 Rupert
65 29
66 28
66 29
66 28
river 6 Rupert
60 30
60 31
61 30
river 6 Rupert
65 29
65 28
64 28
63 29
62 30
61 30
river 6 Rupert
60 30
61 30
60 30
59 31
58 31
57 31
56 32
55 32
55 31
river 6 Rupert
66 28
67 28
68 27
67 28
68 28
69 27
69 28
69 29
river 6 Chattahoochee
14 115
13 116
river 6 Chattahoochee
15 113
16 113
15 114
15 115
14 115
river 6 Chattahoochee
13 116
12 117
11 118
river 6 Alabama
9 116
9 117
9 116
8 117
7 117
6 118
river 6 Tugaloo
17 113
18 113
18 114
river 6 Chattooga
18 111
18 112
17 112
17 113
river 6 Savannah
19 115
18 116
19 116
20 116
19 117
river 6 Savannah
18 114
19 114
18 115
19 115
river 6 Savannah
19 117
20 117
20 118
river 6 
1 17
1 18
0 19
river 6 
0 19
0 20
-1 21
river 6 Rainy
15 51
14 51
river 6 Rainy
8 53
9 53
10 52
10 53
11 52
river 6 Rainy
18 49
17 50
16 50
15 51
river 6 Rainy
14 51
13 52
12 52
11 52
river 6 Rainy
9 53
8 53
7 54
7 53
6 53
5 53
5 52
river 6 Winnipeg
5 42
4 43
5 43
4 44
5 44
river 6 Winnipeg
8 47
8 48
7 49
6 49
6 50
5 51
6 51
5 52
river 6 Winnipeg
5 45
5 44
river 6 Winnipeg
8 47
8 46
7 46
7 45
6 45
6 46
5 46
4 46
5 45
river 6 South Saskatchewan
-18 36
-17 36
-17 35
-16 35
-15 34
-15 33
-14 33
-13 32
-12 32
-11 31
river 6 S. Branch Potomac
37 91
38 90
38 89
39 89
40 88
40 87
41 87
41 86
42 86
river 6 S. Branch Potomac
36 92
37 92
37 91
river 6 Hudson
62 61
61 62
62 62
62 63
62 64
63 64
62 65
62 66
61 67
61 68
61 69
60 70
60 71
60 72
59 73
river 6 Wabash
21 87
21 88
21 87
21 86
20 87
20 86
19 86
18 86
17 87
16 87
15 87
14 88
13 89
12 89
12 90
11 90
11 91
11 92
10 93
10 94
9 94
9 95
9 96
9 97
8 97
8 98
7 98
7 99
6 99
6 100
5 101
5 102
river 6 Saint John
76 47
76 46
77 45
78 44
79 43
79 42
80 41
81 41
81 40
82 40
83 39
84 39
84 40
85 40
84 41
84 42
85 42
85 43
84 44
85 44
86 44
87 43
88 43
89 43
89 44
89 45
river 6 Yadkin
26 105
27 104
28 104
29 103
30 103
river 6 Great Pee Dee
30 103
30 104
29 104
30 104
30 105
29 105
30 105
river 6 Great Pee Dee
30 105
29 105
29 106
30 105
29 106
30 106
30 107
30 108
river 6 Great Pee Dee
30 108
30 109
30 110
30 111
30 112
30 113
31 113
31 114
31 115
river 6 Potomac
42 86
43 85
44 85
43 86
44 85
44 86
45 86
44 87
45 87
45 88
46 87
45 88
46 87
river 5 Severn
20 31
19 32
18 32
17 32
18 31
17 32
17 31
river 5 Severn
33 21
34 20
35 19
36 18
36 17
37 17
37 16
38 16
river 5 Severn
26 27
26 26
27 26
28 25
29 25
30 24
31 24
31 23
32 23
32 22
32 21
33 21
33 20
33 21
river 5 Severn
22 30
23 29
24 29
24 28
25 28
25 27
26 27
river 5 Severn
12 32
13 32
14 31
14 32
15 31
15 32
15 31
16 31
17 31
river 5 Severn
20 31
21 30
21 31
22 30
river 5 
51 69
51 70
river 5 
51 69
52 68
53 68
53 67
53 68
54 67
53 67
53 66
river 5 
50 71
51 70
river 5 Caniapiscau
85 0
85 1
86 1
river 5 Caniapiscau
82 10
82 9
river 5 Caniapiscau
82 10
82 11
83 11
river 5 Caniapiscau
82 9
82 8
83 7
84 6
85 5
86 4
87 3
87 2
86 2
86 1
river 5 Caniapiscau
84 11
83 11
river 5 Péribonka
76 27
76 28
river 5 Péribonka
75 30
76 30
75 31
76 31
river 5 Péribonka
72 37
72 38
river 5 Péribonka
78 21
77 22
77 23
76 24
76 25
75 26
76 26
76 27
river 5 Péribonka
76 28
76 29
75 30
river 5 Péribonka
76 31
75 32
76 32
75 33
75 34
75 35
74 36
74 37
73 37
72 38
72 37
river 5 Yellowstone
-32 64
-31 63
-30 63
-30 62
-29 62
-28 61
-28 62
-27 61
-26 60
-25 59
-24 59
-24 58
-23 58
-23 57
-22 57
-22 56
river 5 Wisconsin
10 74
10 73
11 72
river 5 Wisconsin
16 64
15 64
river 5 Wisconsin
15 64
14 65
15 65
14 66
13 67
13 68
13 69
12 70
12 71
11 71
11 72
river 5 Wisconsin
10 74
10 75
11 75
10 76
9 77
8 77
7 77
6 78
5 78
4 79
river 5 North Platte
-32 88
-33 89
-33 88
river 5 North Platte
-40 80
-39 80
-40 81
-39 81
-39 82
river 5 North Platte
-33 88
-34 88
-34 87
-35 87
-35 86
-36 86
-37 86
-37 85
-38 85
-38 84
-39 84
-39 83
-39 82
river 5 North Platte
-32 88
-32 89
-31 89
-30 89
-29 89
-29 90
river 5 Bell
57 42
57 43
56 44
river 5 Bell
60 42
59 43
river 5 Bell
60 43
61 42
60 42
river 5 Bell
57 42
57 41
57 40
57 39
56 40
57 39
56 39
56 38
river 5 Bell
59 43
58 44
57 45
57 44
56 45
57 44
56 44
river 5 Bell
61 42
60 43
river 5 Bell
60 45
61 44
60 44
61 43
61 42
river 5 Nottaway
55 33
54 33
river 5 Nottaway
56 38
57 38
57 37
57 36
river 5 Nottaway
57 36
57 35
56 35
57 34
56 35
57 34
56 34
56 33
55 34
55 33
river 5 Red
3 45
3 44
4 44
4 43
river 5 Red
-7 67
-6 66
-6 65
-5 64
-6 64
-5 63
-5 62
-5 61
-4 60
-4 59
-3 58
-4 58
-3 57
-3 56
-3 55
-2 54
-2 53
-1 52
-2 52
-1 51
-1 50
0 49
1 48
1 47
2 47
2 46
3 45
river 5 Manicouagan
82 21
83 21
83 22
82 23
83 23
84 23
83 24
84 24
83 25
river 5 Manicouagan
84 30
84 29
83 29
river 5 Manicouagan
82 16
82 17
81 18
82 18
81 19
82 19
82 20
82 21
river 5 Manicouagan
83 25
84 25
83 26
84 26
83 27
83 28
83 29
river 5 Manicouagan
84 30
84 31
river 5 Pecos
-58 116
-58 117
-57 117
-58 118
river 5 Roanoke
34 98
34 99
river 5 Roanoke
38 100
37 100
37 99
river 5 Roanoke
39 99
39 100
40 99
40 100
41 99
river 5 Roanoke
32 99
32 98
32 99
33 98
34 98
river 5 Roanoke
34 99
35 98
36 98
37 98
37 99
river 5 Roanoke
38 100
39 99
river 5 Roanoke
41 99
41 100
41 101
42 100
41 101
42 101
42 102
43 101
42 102
43 101
river 5 Ivanhoe
38 51
39 50
40 49
40 48
41 48
40 48
41 47
river 5 Susquehanna
58 67
57 68
57 69
56 70
55 70
55 71
54 72
54 71
53 72
52 72
51 73
51 74
52 74
53 74
53 75
52 76
51 77
50 78
49 78
49 79
48 80
48 81
48 82
49 82
49 83
50 83
50 84
river 5 Prairie Dog Town Fork Red
-49 118
-48 118
-47 118
river 5 Haw
32 103
33 102
33 103
34 103
34 104
34 105
river 5 Connecticut
72 53
71 53
71 54
70 55
71 55
70 56
69 57
68 58
69 58
68 59
68 60
67 60
67 61
67 62
66 63
66 64
65 65
66 65
65 66
65 67
65 68
64 69
65 69
64 70
64 71
65 71
river 5 Winisk
33 30
34 29
34 28
35 27
36 26
35 26
36 25
36 24
36 23
36 22
37 22
38 21
38 22
39 21
39 22
39 21
40 21
41 20
river 5 Natashquan
100 10
101 10
102 10
103 10
103 11
103 12
104 11
103 12
104 12
104 13
104 14
105 14
104 15
104 16
104 17
105 17
104 18
river 5 Oconee
15 116
15 117
16 117
15 118
river 5 George
95 0
95 1
95 2
river 5 Minnesota
-8 68
-8 69
-7 69
-7 70
-6 70
-6 71
-5 71
-6 72
-5 72
-5 73
-4 72
-4 73
-3 73
-3 74
-2 74
-2 73
-1 72
0 71
1 71
2 70
river 5 Mattagami
44 42
43 42
44 41
43 41
44 40
43 40
44 40
44 39
45 39
45 38
46 38
46 37
river 5 Groundhog
41 47
42 46
42 45
43 44
43 43
44 42
river 5 
25 47
24 48
24 49
river 5 Mlzes
72 4
73 3
74 3
75 2
76 2
77 1
78 0
river 5 Cape Fear
34 105
35 105
35 106
34 107
34 108
34 109
35 109
35 110
36 109
36 110
37 110
river 5 Grande Rivire de la Baleine
72 11
72 12
71 12
70 12
69 13
69 12
68 12
67 13
66 13
65 13
65 12
64 13
65 12
64 12
64 13
63 13
62 14
63 13
62 13
river 5 Eastmain
74 21
73 22
72 23
71 24
70 25
69 25
68 25
67 25
66 25
65 26
64 26
63 27
64 26
63 26
62 26
61 27
61 26
60 27
59 27
58 28
58 27
57 28
river 5 Platte
-29 90
-28 90
-28 91
-27 91
-26 91
-25 91
-24 91
-23 90
-22 90
-21 89
-20 88
-19 88
-18 88
-17 87
-17 88
-16 87
-17 88
-16 87
-16 88
-16 89
-15 89
river 5 Moose
46 37
47 36
48 35
river 5 Churchill
16 12
17 12
river 5 Churchill
10 16
10 15
11 15
12 14
12 15
13 14
14 13
15 12
river 5 Churchill
7 18
8 17
9 16
river 5 Churchill
5 20
6 20
7 19
6 19
7 18
river 5 Churchill
-7 19
-7 20
river 5 Churchill
2 20
3 20
river 5 Churchill
-8 19
-8 20
-7 19
river 5 Churchill
-4 21
-4 20
river 5 Churchill
-4 21
-3 21
river 5 Churchill
-3 22
-2 21
river 5 Churchill
15 12
16 12
river 5 Churchill
17 12
18 12
17 13
18 13
19 13
20 13
19 13
20 12
21 12
20 12
21 12
22 11
22 10
23 9
24 9
25 8
river 5 Churchill
9 16
10 16
river 5 Churchill
-9 18
-9 19
river 5 Churchill
-9 19
-8 19
river 5 Churchill
3 20
4 20
5 20
river 5 Churchill
-7 20
-6 19
-6 20
-7 20
-6 20
-5 20
-4 20
river 5 Churchill
-2 21
-1 21
0 21
1 20
0 21
1 21
2 20
river 5 Churchill
-3 21
-3 22
river 4 English
13 43
13 44
14 43
14 44
14 45
15 44
15 45
river 4 English
8 45
9 45
river 4 English
9 45
9 46
river 4 English
16 45
15 46
16 45
river 4 English
18 46
19 45
river 4 English
18 47
18 46
river 4 English
13 43
12 44
11 44
10 45
river 4 English
8 45
7 46
river 4 English
16 45
15 45
16 45
15 45
river 4 English
19 45
18 45
17 45
16 45
river 4 English
15 50
16 50
16 49
17 49
17 48
17 49
17 48
18 47
17 47
18 47
river 4 
67 8
66 8
river 4 
70 7
69 7
68 8
68 7
67 8
river 4 Thlewiaza
17 0
16 1
river 4 Thlewiaza
14 1
13 2
14 2
river 4 Thlewiaza
13 0
13 1
14 1
13 2
14 1
river 4 Thlewiaza
14 2
15 1
15 2
14 2
15 2
16 1
river 4 Canadian
-46 115
-47 116
river 4 Canadian
-55 115
-55 116
river 4 Canadian
-54 111
-53 111
-54 112
-54 113
-55 114
-55 115
river 4 Canadian
-46 115
-45 114
-45 115
-44 114
-43 113
-43 114
-42 113
-42 114
-41 113
-41 114
-40 114
-39 113
-39 114
-38 114
-38 113
-37 113
-37 114
-36 113
-36 114
-36 115
-35 115
-35 116
-34 116
-33 116
-33 117
-33 118
-32 118
-31 118
-30 118
-29 118
-28 117
-27 117
-26 116
-25 116
-24 115
river 4 Canadian
-55 116
-54 116
-53 116
river 4 Canadian
-53 116
-52 116
-51 116
-50 115
-50 116
-49 115
-48 115
-48 116
-47 116
river 4 Cheyenne
-21 72
-22 72
-23 72
river 4 Cheyenne
-30 77
-29 76
-28 76
-28 75
-27 74
-26 73
-25 73
-24 73
-23 72
river 4 Cheyenne
-37 78
-36 77
-35 77
-35 78
-34 78
-34 79
-33 78
-34 79
-33 79
-33 78
-33 79
-32 78
-31 78
-31 77
-30 77
river 4 Congaree
26 116
27 116
river 4 Congaree
24 114
25 114
24 115
25 115
26 115
26 116
river 4 Saguenay
73 38
72 38
71 38
river 4 Saguenay
71 30
70 30
71 30
70 31
70 32
69 33
70 33
69 34
69 35
69 36
68 37
69 37
69 38
70 38
71 38
river 4 Saguenay
73 38
74 38
75 38
river 4 Cooper
27 117
27 116
river 4 Cooper
27 117
27 118
river 4 Cumberland
3 105
3 106
4 105
3 106
4 106
3 107
4 107
river 4 Cumberland
22 102
21 102
20 103
19 103
19 104
19 103
18 103
18 104
17 104
16 104
17 103
16 103
15 104
15 103
15 104
15 103
14 104
13 104
13 105
12 105
12 106
11 107
10 108
10 107
10 108
10 107
9 108
10 107
9 107
8 108
7 108
6 109
6 108
5 108
6 107
5 107
4 108
4 107
3 108
4 107
river 4 Cumberland
3 105
2 105
river 4 South Platte
-49 98
-48 97
-47 96
-47 95
-46 95
-45 94
-45 93
-44 92
-43 92
-43 93
-42 92
-42 93
-41 93
-40 92
-39 92
-38 91
-37 90
-36 90
-35 90
-34 89
-33 89
-32 89
-31 89
-30 89
-29 89
-29 90
river 4 Monongahela
37 86
37 85
36 86
37 85
38 84
37 85
37 84
38 84
37 84
38 83
37 84
river 4 Monongahela
35 92
35 91
36 90
35 90
36 89
36 88
35 88
36 88
36 87
37 86
river 4 Tombigbee
-1 116
-2 117
-3 118
-2 118
-3 118
river 4 Kankakee
18 83
17 84
18 84
17 84
16 84
15 85
14 85
13 86
13 85
12 86
river 4 Assiniboine
-9 36
-9 37
-9 38
-8 38
-8 39
-7 39
-8 40
-8 41
-7 41
-8 42
-8 43
-9 44
-9 45
river 4 Assiniboine
-9 45
-9 46
-9 47
-9 48
-8 48
-7 48
-6 48
-6 49
-5 49
-5 48
-5 49
-4 48
-5 49
-4 48
river 4 Assiniboine
-2 47
-1 47
0 47
0 48
1 48
river 4 Assiniboine
-3 48
-2 47
river 4 Assiniboine
-4 48
-3 48
river 4 James
-12 59
-11 58
-12 58
-11 58
-10 58
-9 58
-9 59
-10 60
-10 61
-10 62
-10 63
-11 64
-10 64
-11 65
-10 65
-11 66
-11 67
-12 67
-12 68
-13 69
-13 70
-14 71
-14 72
-14 73
-15 74
-15 75
-15 76
-15 77
-15 78
-15 79
-15 80
-15 81
river 4 Grand
26 78
25 79
25 78
25 77
25 76
24 76
25 75
24 76
24 75
23 76
22 76
21 76
20 76
river 4 New
26 104
27 103
27 102
28 102
29 101
30 100
31 99
31 98
30 99
30 98
30 97
30 96
30 95
river 4 Marais des Cygnes
-21 100
-21 101
-20 101
-19 101
-18 100
-18 101
-17 101
-17 102
-16 102
-16 103
river 4 Des Moines
-8 74
-7 74
-8 75
-7 75
-7 76
-6 75
-7 76
-6 76
-7 77
-6 77
-7 78
-6 78
-7 79
-7 80
-6 80
-7 81
-6 81
-6 82
-6 83
-7 84
-6 83
-6 84
-7 84
-6 84
-7 85
-6 85
-7 86
-6 86
-6 87
-5 86
-5 87
-4 87
-4 88
-4 89
-3 88
-4 89
-3 89
-2 89
-3 90
-2 89
-2 90
-2 91
river 4 Namekagon
11 63
10 64
9 64
9 65
9 64
8 65
7 65
7 64
river 4 St. Croix
4 68
4 67
5 66
5 65
6 65
7 64
8 64
9 63
10 63
river 4 St. Croix
2 71
3 70
3 69
4 69
3 69
4 68
river 4 Ekwan
34 32
34 31
35 31
35 30
36 29
37 28
37 27
38 27
38 26
39 26
40 25
41 25
42 25
41 26
42 26
43 26
44 26
45 25
45 26
46 25
46 26
47 26
river 4 Black
-10 113
-11 113
-10 113
-10 112
-9 111
-8 110
-7 110
-6 109
-5 108
-5 107
-6 107
-5 106
-6 106
-5 105
-6 105
-5 104
-6 104
river 4 Scioto
24 86
25 85
25 86
26 85
26 86
26 87
26 88
26 89
26 90
25 91
26 91
25 92
25 93
24 94
river 4 Broad
21 110
22 109
23 109
24 109
24 110
24 111
24 112
24 113
24 114
river 4 Cowpasture
37 92
36 93
35 94
river 4 Cowpasture
35 94
35 95
34 96
35 96
34 97
35 96
36 96
36 97
37 96
38 95
39 94
40 94
41 94
42 94
43 94
43 95
river 4 W. Branch Susquehanna
42 81
42 80
43 80
44 79
45 79
45 78
46 77
47 77
47 78
48 77
49 77
49 78
river 4 Delaware
58 69
57 70
56 71
55 71
55 72
56 72
56 73
56 74
57 73
57 74
56 74
56 75
55 76
55 77
54 78
55 78
55 79
56 79
55 80
54 80
river 4 Merrimack
71 57
70 58
69 59
70 59
69 60
69 61
70 61
69 62
70 62
69 63
69 64
70 64
71 63
river 4 Mohawk
56 65
56 66
57 65
56 66
57 66
57 67
58 66
59 66
59 67
60 66
61 66
62 66
river 4 Grand
41 67
41 68
40 69
40 70
40 71
41 71
41 72
42 71
42 72
river 4 Kentucky
22 101
21 101
21 100
21 99
20 100
19 100
20 99
19 100
19 99
18 99
17 100
17 99
17 98
17 97
17 96
16 96
17 95
river 4 White
-13 110
-14 111
-13 111
river 4 White
-13 111
-13 112
-12 111
-13 112
-12 111
-13 112
-12 112
-12 113
-11 113
river 4 White
-19 113
-19 112
-19 111
-18 111
-18 110
-17 110
-16 109
-17 110
-16 109
-16 110
-15 109
-14 109
-15 109
-15 110
-15 109
-15 110
-14 110
-13 110
river 4 White
-10 113
-11 114
-12 115
-11 115
-12 116
-13 117
-12 117
-13 118
-12 118
-13 118
-12 118
river 4 Kaskaskia
8 91
8 92
7 93
6 94
5 95
4 96
3 97
2 98
2 99
2 98
2 99
1 99
0 100
-1 101
-1 102
river 4 Cedar
-1 77
-1 78
0 78
-1 79
0 79
0 80
-1 81
0 81
0 82
0 83
1 83
0 83
1 83
1 84
2 84
2 85
1 86
0 87
1 87
river 4 S. Fork Republican
-39 96
-38 96
-37 96
-36 95
-35 94
-34 94
-33 93
-33 94
-32 93
river 4 Tuscarawas
33 82
32 83
33 83
32 84
33 84
32 84
32 85
31 86
river 4 Illinois
12 86
11 86
11 85
10 85
9 86
9 85
8 86
7 86
6 87
6 88
5 88
5 89
4 90
3 90
3 91
2 91
2 92
2 91
1 92
0 93
0 94
-1 95
-1 96
-1 97
river 4 Richelieu
65 55
66 54
65 54
66 53
66 52
67 51
66 51
67 51
river 4 Kanawha
30 95
29 95
29 94
28 95
28 94
28 93
27 93
river 4 Osage
-16 103
-15 103
-14 103
-13 102
-12 102
-11 101
-11 102
-10 102
-11 102
-10 102
-9 101
-8 101
-8 100
-8 101
-8 100
-7 100
river 4 Fox
17 70
16 71
15 72
river 4 Cree
-2 10
-1 9
0 8
1 7
2 6
2 5
3 5
4 4
river 4 French
45 57
44 57
43 58
42 58
41 59
river 4 Gods
19 24
20 23
21 22
22 21
23 21
24 21
25 20
26 19
26 18
26 17
25 17
25 16
river 4 Exploits
119 16
120 15
121 14
122 13
123 13
123 12
river 4 St. Marys
100 40
101 40
102 39
102 40
103 40
river 4 Muskingum
31 86
30 86
30 87
30 88
30 89
31 89
river 4 Gatineau
58 51
58 52
58 53
57 54
58 54
57 55
57 56
58 56
river 4 St.-Maurice
66 41
66 42
66 43
67 43
68 43
69 43
69 44
69 45
68 46
68 47
69 47
68 48
68 49
69 49
river 4 Kansas
-22 98
-22 99
-21 98
-20 98
-19 98
-18 98
-18 99
-17 98
-17 99
-16 99
-15 98
river 4 Republican
-32 93
-32 94
-31 93
-30 93
-29 93
-28 93
-28 94
-27 94
-26 94
-25 94
-24 94
-23 94
-24 95
-24 96
-23 96
-22 96
-23 97
-22 97
-22 98
river 4 Hayes
25 16
26 15
27 14
27 13
river 4 Santee
30 116
29 116
28 116
28 115
27 116
river 3 Miramichi
86 40
86 41
87 41
88 40
88 41
89 40
90 39
91 38
91 37
92 37
92 36
river 3 Harricana
56 44
55 45
54 46
53 46
54 45
53 46
54 45
53 45
54 44
54 43
54 42
55 41
54 41
54 40
53 40
54 39
53 39
53 38
53 37
53 36
52 36
river 3 Kennebec
77 49
76 50
76 51
76 52
76 53
77 52
77 53
76 54
76 55
76 56
river 3 Missinaibi
37 49
38 49
38 48
38 47
39 46
38 46
39 45
39 44
40 43
40 42
41 41
40 41
41 41
42 40
43 39
44 38
45 38
45 37
46 37
river 2 Batten Kill
62 65
63 64
63 65
63 64
64 64
river 2 Passaic
57 76
57 77
57 76
river 2 Lehigh
54 75
53 76
river 2 Great Egg Harbor
54 81
54 82
river 2 Slab
4 118
5 117
6 117
river 2 Duck
8 110
8 111
7 112
8 111
7 112
7 111
river 2 Green
17 101
16 101
15 102
river 2 Elk
33 93
34 92
34 93
river 2 Shavers Fork
35 92
35 93
river 2 Sandusky
27 85
28 84
29 84
river 2 Black Fk.  Mohican
29 84
29 83
29 84
30 83
29 84
30 84
river 2 Cuyahoga
34 82
34 81
33 82
33 81
river 2 Aroostook
81 44
80 45
river 2 S.  Br.  Penobscot
76 48
77 48
river 2 Blackstone
68 66
68 67
river 2 Winooski
67 59
67 58
river 2 Winooski
67 58
66 58
65 58
river 2 Housatonic
62 68
63 68
63 67
river 2 Genesee
46 74
47 74
river 2 Schuylkill
52 78
51 78
51 79
52 79
51 80
river 2 Little Juniata
43 81
44 81
river 2 Raystown Br.  Juniata
41 84
42 84
43 84
42 84
43 83
river 2 North Branch Potomac
37 89
38 88
39 87
river 2 South
38 93
37 94
river 2 Rapidan
41 92
40 92
41 91
40 91
river 2 Eno
35 102
34 103
35 102
34 103
35 103
river 2 Lynches
27 110
28 110
28 111
river 2 Catawba
24 107
25 106
river 2 Ogeechee
16 118
17 118
river 2 White
20 89
20 88
19 89
river 2 Sangamon
8 89
8 90
9 90
river 2 St. Joseph
22 80
23 79
river 2 Tittabawassee
28 70
29 69
28 69
river 2 Rock
14 75
13 75
13 76
river 2 Fox
13 73
12 74
12 73
river 2 Brule
17 63
18 63
river 2 St. Francis
-4 104
-3 103
-4 103
river 2 W.  Br.  Iowa
-3 78
-4 79
-4 80
river 2 Wapsipinicon
0 77
1 77
0 78
river 2 North Racoon
-8 80
-9 81
river 2 Boyer
-10 83
-9 82
-10 82
river 2 Saint Louis
11 57
11 58
10 58
river 2 Sheyenne
-13 58
-12 58
river 2 Canadian
-54 108
-53 108
-53 109
river 2 Canadian
-53 109
-52 109
-53 110
-54 111
river 2 Washita
-41 115
-41 114
-42 115
river 2 Cimarron
-48 109
-48 108
-49 109
-50 109
-51 109
river 2 Big Sandy
-45 98
-46 99
-46 98
river 2 S. Fork Republican
-41 97
-40 97
-39 96
river 2 Smoky Hill
-36 100
-37 100
river 2 Little Blue
-26 93
-25 93
river 2 North Loup
-28 83
-29 83
-30 84
-30 83
river 2 Lodgepole
-41 88
-42 88
-42 87
river 2 Niobrara
-36 81
-36 82
-36 83
river 2 White
-34 81
-35 82
-35 81
river 2 Belle Fourche
-36 75
-37 75
-38 76
river 2 Moreau
-25 70
-26 70
river 2 Heart
-21 63
-21 62
-22 62
river 2 Little Missouri
-32 71
-33 71
-34 72
river 2 Souris
-17 47
-18 47
-18 48
river 2 Chaudière
73 51
73 52
river 2 Annapolis
93 45
92 45
river 2 Upper Humber
118 13
117 13
116 13
river 2 Mistassibi Nord-Est
74 27
75 27
74 28
75 28
74 29
river 2 Manouane
78 23
78 24
river 2 Little Mecatina
99 9
100 9
river 2 
111 3
110 4
river 2 Sakami
76 17
76 18
77 17
river 2 Opinaca
68 22
69 21
70 21
river 2 
70 16
69 16
river 2 
65 16
66 15
river 2 Denys
67 14
68 14
69 13
69 14
river 2 Swampy Bay
90 4
90 5
91 5
river 2 Murdoch
91 1
91 2
92 2
river 2 Wheeler
91 1
92 1
river 2 L'Assomption
64 50
65 50
river 2 Bazin
63 45
63 44
64 44
64 43
river 2 Ottawa
59 46
60 46
59 47
60 46
river 2 Rivière du Lièvre
63 46
62 47
62 48
river 2 Sturgeon
44 52
43 53
44 52
43 53
44 53
river 2 Mississagi
38 55
38 54
river 2 Mattagami
41 51
40 52
41 52
41 51
42 51
41 52
42 51
42 50
river 2 Kapuskasing
36 52
37 52
37 51
38 50
river 2 Kabinakagami
34 49
34 48
35 48
river 2 Pic
31 46
31 45
river 2 Kapiskau
36 34
37 33
37 32
37 33
38 33
river 2 Kawinogans
20 40
21 39
22 39
river 2 Winisk
21 36
21 35
20 36
19 36
river 2 Dog
20 49
19 49
river 2 Wabigoon
14 49
14 48
13 48
river 2 Bloodvein
10 41
11 41
river 2 Berens
16 39
17 39
17 38
16 38
river 2 Sachigo
20 29
21 29
22 28
river 2 Red Deer
-10 36
-11 37
-10 37
river 2 Carrot
-11 33
-10 32
-11 32
-12 33
-13 33
river 2 Batten Kill
64 64
65 63
river 2 Ausable
64 58
63 59
river 2 West Branch Ausable
63 59
62 60
river 2 Passaic
58 76
58 75
57 76
river 2 Lehigh
53 76
53 77
53 78
54 78
river 2 Great Egg Harbor
54 82
55 82
55 83
river 2 Sacandaga
60 65
60 64
river 2 East Branch Sacandaga
60 64
61 63
river 2 Saint Louis
3 60
4 59
4 60
4 59
river 2 Duck
7 111
7 112
7 111
6 112
7 111
6 112
7 111
6 111
5 111
5 112
5 111
4 111
4 110
4 111
3 111
3 110
2 110
river 2 
7 109
7 108
river 2 Nolichucky
19 107
20 106
21 106
22 105
23 105
22 106
23 105
23 106
river 2 French Broad
19 107
20 106
19 107
20 107
21 107
21 108
21 109
river 2 French Broad
18 107
17 108
17 107
17 108
17 107
river 2 Green
14 102
13 103
13 102
12 103
11 103
10 103
10 104
10 103
9 104
9 103
8 104
8 103
8 102
7 103
7 102
8 101
7 101
river 2 Green
15 102
14 103
river 2 Elk
29 94
30 94
31 93
32 93
32 92
33 92
33 93
river 2 Cheat
37 86
37 87
37 88
37 89
river 2 Shavers Fork
37 89
36 90
36 91
35 92
river 2 Walhonding
31 86
30 86
river 2 Mohican
30 84
30 85
30 86
river 2 Cuyahoga
33 81
33 80
river 2 Aroostook
84 41
83 42
82 42
82 43
81 44
river 2 W.  Br.  Penobscot
81 47
80 48
river 2 W.  Br.  Penobscot
77 48
77 47
77 48
78 47
79 46
river 2 W.  Br.  Penobscot
79 47
80 47
river 2 Androscoggin
73 54
72 54
72 55
71 56
72 56
73 55
74 55
74 54
74 55
75 54
river 2 Blackstone
68 67
69 67
69 68
river 2 Oneida River - Erie Canal
53 67
54 67
river 2 Erie Canal
55 67
56 66
river 2 Housatonic
62 73
63 72
62 72
61 72
62 71
61 71
62 70
62 69
62 68
river 2 Erie Canal
45 70
46 69
47 69
48 69
49 68
49 69
50 69
51 68
51 69
51 68
52 68
51 69
52 68
river 2 Genesee
49 68
49 69
48 70
48 71
47 71
47 72
46 73
47 73
46 74
river 2 Schuylkill
51 80
52 80
53 80
53 81
54 80
53 81
54 81
river 2 Juniata
44 81
44 82
45 81
44 82
45 81
45 82
45 81
46 81
46 80
47 80
48 80
47 81
48 80
48 81
river 2 Raystown Br.  Juniata
43 83
44 82
river 2 North Branch Potomac
39 87
40 87
40 86
41 86
40 86
41 86
river 2 Shenandoah
44 86
43 87
43 88
42 88
41 89
41 90
40 90
40 91
39 92
river 2 South
39 92
38 93
river 2 Rapidan
43 91
42 91
41 92
river 2 Rappahannock
42 90
43 90
43 91
44 91
45 91
river 2 Eno
36 102
35 103
river 2 Neuse
36 103
37 103
36 104
37 104
36 105
37 105
38 105
37 105
38 105
39 105
40 104
40 105
41 104
41 105
river 2 Catawba
26 111
26 110
river 2 Catawba
27 107
27 108
26 109
river 2 Catawba
25 106
26 106
27 106
river 2 Little Tallahatchie
-6 118
-5 117
-5 118
-4 117
river 2 White
19 89
18 89
17 90
17 89
16 90
15 91
14 92
14 93
13 93
12 94
11 95
10 96
9 97
9 98
8 98
7 99
river 2 Sangamon
9 90
8 90
8 91
7 91
7 92
6 92
5 93
4 93
3 93
3 92
3 91
2 92
1 92
river 2 St. Marys
21 84
20 85
21 85
21 86
22 86
23 86
22 87
river 2 St. Joseph
21 84
22 83
23 82
river 2 Maumee
21 84
22 84
23 83
24 83
25 82
river 2 St. Joseph
18 80
18 81
18 82
19 82
20 81
21 80
22 80
river 2 Tittabawassee
28 73
28 72
27 72
28 71
28 70
river 2 Saginaw
29 72
28 73
river 2 Rock
13 76
13 77
12 77
12 78
11 78
river 2 Rock
11 78
10 79
11 79
10 80
10 81
9 82
8 83
7 84
6 84
5 85
4 85
3 86
river 2 Fox
14 73
13 73
river 2 Menominee
19 67
19 66
20 66
19 66
20 65
19 65
20 65
19 65
20 64
19 64
19 63
river 2 Flambeau
8 68
9 67
10 66
11 65
12 65
12 64
13 64
river 2 Red Cedar
7 68
7 69
6 70
6 69
6 70
5 70
5 71
river 2 Saint Louis
3 64
2 65
3 65
2 66
2 67
2 68
2 67
3 67
2 68
2 69
river 2 St. Francis
-4 107
-4 108
-5 109
-5 110
-6 111
-7 112
-8 113
-7 113
river 2 St. Francis
-5 106
-4 105
-4 104
river 2 Iowa
-4 80
-4 81
-4 82
-3 81
-3 82
-3 83
-3 84
-2 84
-1 84
-1 85
0 84
0 85
1 84
0 85
1 85
0 86
0 87
river 2 Wapsipinicon
0 78
0 79
1 79
0 80
1 80
0 81
1 81
1 82
2 82
1 83
2 82
2 83
3 83
3 84
3 85
4 84
5 84
river 2 North Racoon
-9 81
-9 82
-9 83
-9 84
-8 84
-8 85
-7 85
-8 86
-7 86
river 2 Racoon
-7 86
-6 86
river 2 Boyer
-14 87
-13 86
-12 85
-11 85
-11 84
-10 84
-10 83
river 2 Saint Louis
10 58
9 58
8 59
7 60
6 61
7 61
8 61
7 62
8 62
9 61
river 2 Sheyenne
-12 58
-11 57
-11 58
-11 57
-10 57
-10 58
-9 57
-9 58
-8 57
-8 58
-7 57
-7 58
-7 59
-7 60
-8 61
-8 62
-9 63
-9 64
-8 64
-7 63
-6 63
-5 62
-5 61
river 2 Red Lake
-3 57
-3 58
-2 57
-1 57
-1 56
0 56
1 56
1 57
2 56
river 2 Washita
-34 118
-35 118
-35 117
-36 118
-36 117
-37 118
-37 117
-37 118
-37 117
-38 118
-37 117
-38 117
-37 116
-37 115
-38 116
-38 115
-39 115
-40 115
-40 114
-41 115
river 2 Cimarron
-33 112
-34 112
-34 111
-35 111
-35 110
-35 109
-36 109
-36 108
-37 109
-38 109
-39 109
-39 108
-40 108
-40 107
-41 107
-42 108
-42 107
-43 108
-44 108
-45 109
-46 109
-47 109
-48 109
river 2 Big Sandy
-43 103
-42 102
-42 101
-42 100
-43 100
-43 99
-43 98
-44 98
-45 98
river 2 Solomon
-26 97
-25 97
-25 98
-25 99
-24 99
river 2 Smoky Hill
-36 100
-35 100
-35 101
-34 100
-35 101
-34 100
-33 100
-32 100
-32 101
-31 100
-31 101
-30 100
-29 100
-28 100
-28 101
-27 101
-27 100
-27 101
-26 101
-25 100
-24 99
-24 100
-23 99
-22 99
river 2 Little Blue
-25 93
-24 92
-24 93
-23 93
-23 94
-22 93
-22 94
-21 93
-21 94
-21 95
-21 96
-20 96
river 2 North Loup
-22 88
-23 89
-23 88
-23 87
-23 86
-24 86
-25 86
-25 85
-26 85
-26 84
-27 84
-27 83
-28 83
river 2 Loup
-22 88
-22 89
-21 88
-20 88
-19 87
-19 88
river 2 Lodgepole
-35 90
-35 89
-36 89
-37 89
-37 88
-38 89
-38 88
-39 89
-39 88
-40 89
-40 88
-41 88
river 2 Laramie
-39 84
-40 84
-41 84
-42 85
-42 84
river 2 Niobrara
-36 83
-35 83
-34 83
-33 83
-32 82
-31 82
-30 82
-29 81
-28 81
-27 81
-26 81
-25 81
-24 81
river 2 White
-24 77
-24 76
-25 77
-25 76
-26 77
-27 77
-28 77
-29 77
-29 78
-30 78
-31 79
-31 80
-32 80
-33 81
-34 81
river 2 Belle Fourche
-26 73
-27 74
-28 74
-29 74
-29 73
-29 72
-30 72
-31 72
-31 71
-32 71
-32 72
-32 71
-32 72
-33 72
-33 73
-34 73
-35 74
-36 75
river 2 Moreau
-20 69
-20 70
-20 69
-21 70
-22 70
-23 70
-24 70
-25 70
river 2 Heart
-20 63
-21 63
river 2 Heart
-16 62
-17 62
-18 63
-19 63
-20 63
river 2 Little Missouri
-24 62
-24 63
-25 63
-26 64
-27 65
-27 66
-28 67
-28 68
-29 68
-29 69
-30 69
-31 70
-32 71
river 2 Powder
-29 62
-30 63
-30 64
-30 65
-30 66
-31 67
-32 67
-32 68
-33 68
-34 69
-35 70
river 2 Wheeler
90 0
91 0
91 1
river 2 Wheeler
-2 12
-1 12
0 11
0 12
1 11
2 11
river 2 Pipestone
-9 49
-8 49
river 2 Souris
-6 49
-7 49
-8 50
-8 49
-9 49
-10 50
-11 51
-12 52
-12 53
-12 54
-11 54
-12 55
-13 56
-14 56
-14 55
-15 55
-14 54
-14 53
-14 52
-14 51
-15 51
-16 51
-17 51
-17 50
-18 50
-17 49
-18 49
-17 48
-18 48
river 2 Chaudière
73 46
74 46
73 47
74 47
74 48
75 47
74 48
75 48
74 49
74 50
73 51
river 2 Madawaska
83 39
82 39
river 2 Annapolis
92 45
92 46
91 46
river 2 Shubenacadie
97 44
97 43
98 42
98 41
river 2 Humber
115 17
116 17
116 16
river 2 Upper Humber
117 15
118 14
118 13
river 2 Chibougamau
66 35
65 35
66 35
66 34
65 35
river 2 Chibougamau
64 35
63 36
62 37
61 37
river 2 Waswanipi
59 37
58 37
58 38
river 2 Waswanipi
61 37
60 38
60 37
60 38
river 2 Waswanipi
59 38
60 37
59 38
river 2 Pontax
55 31
56 31
57 31
58 30
59 29
60 29
61 28
river 2 Pontax
61 28
62 28
63 28
river 2 Mistassibi Nord-Est
74 29
74 30
73 31
74 31
73 32
74 32
73 33
73 34
river 2 Manouane
78 24
78 25
78 26
78 27
river 2 Manouane
78 27
78 28
77 29
77 30
78 30
77 31
77 30
76 31
76 32
75 33
river 2 Caopacho
91 19
92 18
91 18
92 17
91 17
92 16
river 2 Moisie
91 14
90 15
90 16
90 17
91 17
90 18
91 18
91 19
91 20
90 21
90 22
91 22
91 23
91 24
river 2 
91 11
92 11
91 12
river 2 
94 5
94 4
river 2 Ashuanipi
91 12
92 11
92 10
91 10
91 9
river 2 Joir
109 6
109 7
108 8
109 8
108 8
river 2 Little Mecatina
100 9
100 10
101 9
102 8
102 9
103 8
104 8
105 8
105 9
106 8
106 9
107 8
108 8
river 2 
113 2
112 3
111 3
river 2 
77 12
78 11
river 2 Sakami
63 21
64 21
64 20
64 21
65 20
65 21
65 20
65 21
66 20
66 21
67 20
68 20
69 20
70 20
71 20
72 19
73 19
74 18
75 18
76 17
river 2 
60 26
59 27
river 2 Opinaca
58 27
59 27
60 26
61 25
62 25
63 24
64 23
65 23
66 23
67 22
68 22
river 2 
58 18
59 17
60 17
61 16
61 17
62 16
62 17
63 16
64 16
65 16
river 2 Roggan
56 19
57 18
river 2 Denys
62 14
63 14
64 14
65 14
66 14
67 14
river 2 Swampy Bay
89 3
89 4
90 3
90 4
river 2 Swampy Bay
89 2
88 3
88 2
88 1
87 1
river 2 Murdoch
91 0
90 1
91 1
river 2 Petite rivière de la Baleine
69 9
70 9
71 8
71 9
72 8
73 8
river 2 
74 4
75 4
75 5
river 2 
72 2
72 3
river 2 L'Assomption
65 50
65 51
66 51
65 52
65 53
river 2 Bazin
61 47
61 46
62 46
63 45
river 2 Gens de Terre
57 49
58 49
58 50
river 2 Ottawa
57 47
58 47
59 46
river 2 Rivière du Lièvre
62 48
61 48
61 49
60 50
59 51
60 51
59 52
58 53
59 53
59 54
58 54
58 55
59 55
58 56
river 2 Welland Canal
43 71
44 70
river 2 Mississagi
36 56
37 55
37 56
38 55
river 2 Mississagi
36 56
35 56
35 57
34 58
35 58
35 59
river 2 Mattagami
42 50
43 49
43 48
44 47
43 47
44 46
44 45
43 46
44 45
44 44
44 43
44 42
river 2 Kapuskasing
38 50
38 49
39 49
39 48
40 47
40 46
41 45
41 44
42 44
42 43
43 42
river 2 Kabinakagami
35 47
36 46
37 45
37 44
37 43
38 42
37 42
38 41
37 41
38 40
37 41
river 2 Drowning
38 38
37 39
37 38
36 39
35 39
35 40
34 41
33 41
32 42
river 2 Kenogami
30 45
31 44
32 43
33 43
34 42
35 42
36 41
36 42
37 41
38 40
37 40
38 39
38 38
37 39
38 38
38 37
river 2 Kenogami
33 40
34 40
34 39
35 39
36 39
37 38
38 38
river 2 Pic
29 50
29 49
30 48
31 47
31 46
river 2 Kapiskau
38 33
38 34
39 33
39 34
39 33
40 33
41 33
42 32
43 31
44 31
45 30
45 29
46 29
47 28
river 2 Kawinogans
22 39
23 38
24 38
24 37
24 38
24 37
25 37
river 2 Otoskwin
29 34
29 35
river 2 Otoskwin
28 35
27 36
river 2 Otoskwin
21 38
22 38
22 37
23 37
24 37
25 37
river 2 Attawapiskat
31 34
32 34
33 34
34 33
34 34
35 33
36 32
36 31
37 30
37 29
38 29
39 28
39 29
40 28
river 2 Winisk
29 32
29 31
river 2 Winisk
27 32
27 31
26 32
25 33
25 34
24 34
23 35
22 35
21 36
river 2 Winisk
31 31
30 31
river 2 
24 43
24 42
river 2 Allan Water
23 42
22 43
21 43
21 44
20 45
river 2 Ogoki
30 40
29 40
28 41
river 2 Ogoki
26 41
27 40
26 40
26 41
26 40
25 41
river 2 Ogoki
23 42
24 41
river 2 Jackfish
26 43
27 42
26 42
27 42
27 41
river 2 Dog
20 49
20 50
19 50
20 49
river 2 Dog
20 51
19 52
18 52
river 2 Dog
20 53
19 53
19 52
river 2 Wabigoon
11 46
12 46
11 47
12 47
13 47
river 2 Wabigoon
10 45
11 45
river 2 Fawn
29 27
29 26
30 26
30 25
30 26
31 25
32 24
33 24
34 23
35 22
35 21
34 21
35 20
34 20
35 19
river 2 Beaver Stone
30 19
30 20
31 19
31 20
30 21
31 21
31 22
river 2 Sachigo
23 26
24 26
25 25
26 24
27 24
27 23
28 22
29 22
30 21
31 21
30 22
31 21
31 22
32 21
river 2 Bloodvein
6 39
7 39
7 40
8 39
8 40
7 40
8 40
9 40
9 41
10 40
10 41
river 2 Berens
10 37
9 37
9 36
8 37
8 36
7 37
8 36
7 36
6 36
river 2 Berens
16 38
15 38
14 38
13 38
13 37
river 2 Berens
12 37
11 37
10 37
river 2 Sachigo
22 28
23 27
22 27
river 2 
-1 38
-1 39
river 2 
0 40
1 39
river 2 Mossy
-3 40
-2 39
river 2 Dauphin
2 38
3 38
river 2 Overflowing
-5 33
-4 32
-3 32
-2 32
river 2 Red Deer
-3 33
-4 33
-5 33
-6 34
-7 34
-8 34
-9 35
-9 34
-10 35
-10 36
river 2 Carrot
-4 30
-5 31
-5 30
-6 31
-7 31
-8 32
-9 32
-10 33
-10 32
-11 33
river 2 Rat
9 18
9 19
9 20
river 2 Burntwood
15 18
14 19
13 19
12 20
11 20
11 21
10 21
river 2 Burntwood
10 21
10 20
river 2 File
4 24
4 23
5 22
river 2 Burntwood
6 22
6 21
7 21
8 21
8 22
9 21
9 20
river 2 Keewatin
8 14
7 15
8 15
7 16
8 16
7 16
7 17
river 2 Laurie
6 16
6 17
6 18
river 2 Seal
21 5
20 5
river 2 Geikie
-1 13
0 13
1 12
2 11
3 11
3 10
river 2 Cochrane
9 10
9 9
10 9
10 8
11 7
11 6
river 2 Cochrane
11 5
11 4
10 5
river 2 Cochrane
9 5
8 6
9 5
8 6
river 2 Cochrane
8 5
8 6
7 6
8 6
7 6
8 6
7 7
river 2 Chipman
6 1
5 2
4 3
river 2 Tazin
0 0
1 0
river 2 Penobscot
80 50
81 50
80 51
79 52
80 52
river 2 Androscoggin
75 54
75 55
74 56
75 56
75 57
76 56
river 2 Wateree
26 112
26 113
26 114
26 115
river 2 Maumee
25 82
26 82
26 81
27 81
27 80
river 2 St. Francis
-7 113
-8 114
-9 115
-10 116
-9 116
-10 117
-10 118
river 2 Cimarron
-27 112
-28 113
-29 113
-30 113
-31 113
-31 114
-32 114
-32 113
-33 114
-33 113
-33 112
river 2 Niobrara
-24 81
-23 81
-23 82
-22 81
-21 81
-20 81
-19 81
-18 81
-18 82
-18 81
river 2 White
-20 77
-21 77
-22 77
-23 77
-24 77
river 2 Little Missouri
-19 59
-20 59
-20 58
-21 59
-21 58
-22 59
-22 58
-22 59
-23 59
-23 60
-24 61
-23 61
-24 62
river 2 Naskaupi
100 3
101 3
101 2
102 2
102 1
103 1
104 0
105 0
105 1
106 1
107 1
river 2 Little Mecatina
108 8
109 8
109 9
109 10
110 10
110 11
110 12
110 13
111 12
river 2 Petite rivière de la Baleine
65 9
65 10
66 9
66 10
67 9
68 9
69 9
river 2 Attawapiskat
40 28
40 29
41 28
42 28
42 29
43 29
43 28
43 29
44 28
45 28
46 28
47 27
river 2 Carrot
-1 29
-2 29
-3 30
-4 30
river 2 Burntwood
16 18
15 18
river 2 Seal
26 4
25 4
24 5
23 5
22 5
river 2 Ashuanipi
98 4
97 5
96 5
96 6
95 6
94 7
94 6
93 6
92 6
92 5
91 5
91 6
river 2 Naskaupi
98 4
99 4
100 3
river 2 Bloodvein
6 38
6 39
river 2 
-2 39
-1 38
river 2 
-1 39
-1 40
0 40
-1 41
0 40
river 2 
1 39
2 39
2 38
river 2 Dauphin
3 38
4 37
5 36
river 2 Erie Canal
54 67
55 66
55 67
river 2 
6 7
5 8
6 8
river 2 Geikie
3 10
4 10
5 9
6 8
river 2 Cochrane
1 17
2 16
3 16
4 15
5 14
5 13
6 12
7 11
8 10
9 10
river 2 Cochrane
11 6
10 7
10 6
11 5
river 2 Cochrane
10 5
9 5
river 2 Cochrane
8 6
8 5
river 2 Cochrane
7 7
6 7
6 8
river 2 Jackfish
25 45
26 44
26 43
river 2 Nipigon
25 47
25 46
25 45
river 2 Overflowing
-2 32
-2 33
-1 33
river 2 Winooski
65 58
64 58
65 57
65 56
65 55
river 2 Sakami
62 22
63 21
river 2 Winisk
29 31
28 31
27 32
river 2 Chipman
4 3
5 3
river 2 Waswanipi
58 38
58 37
river 2 Waswanipi
58 37
57 38
river 2 W.  Br.  Penobscot
79 46
79 47
river 2 Attawapiskat
30 34
31 34
river 2 Swampy Bay
87 1
86 1
87 0
86 0
river 2 
75 5
74 6
74 7
river 2 Keewatin
7 17
7 18
river 2 Laurie
6 18
7 17
river 2 Chibougamau
65 35
64 35
river 2 
73 0
72 1
71 1
71 2
72 2
river 2 Ogoki
28 41
27 41
26 41
river 2 Gens de Terre
56 48
57 48
57 49
river 2 Gens de Terre
58 50
59 50
river 2 Ottawa
56 48
57 47
river 2 Little Missouri
-18 58
-19 59
-19 58
-19 59
river 2 Moreau
-18 69
-19 69
-20 69
river 2 Sacandaga
61 64
61 65
60 65
river 2 French Broad
19 107
18 107
river 2 Green
14 102
14 103
river 2 W.  Br.  Penobscot
80 48
80 47
river 2 Neuse
36 102
36 103
river 2 Catawba
26 111
26 112
river 2 Catawba
26 109
26 110
river 2 Catawba
27 107
27 106
river 2 Little Tallahatchie
-6 118
-7 118
river 2 Wolf
14 72
14 73
river 2 St. Francis
-4 107
-5 107
-4 106
-5 106
river 2 Cimarron
-26 112
-27 112
river 2 Big Blue
-20 96
-21 97
-21 98
river 2 Humber
116 16
117 15
river 2 Waswanipi
59 37
59 38
river 2 Waswanipi
59 38
60 38
river 2 Maicasagi
59 37
60 36
river 2 Moisie
91 14
90 14
91 13
river 2 
94 5
94 4
river 2 Ashuanipi
91 7
91 8
91 9
river 2 Ashuanipi
91 6
91 7
river 2 
76 12
77 12
river 2 
74 14
75 13
76 12
river 2 
75 12
76 12
river 2 
74 14
73 15
river 2 
57 18
58 18
river 2 Swampy Bay
89 2
89 3
river 2 
74 4
73 4
river 2 Kabinakagami
35 48
35 47
river 2 Otoskwin
28 35
28 36
28 35
29 35
river 2 Otoskwin
29 34
30 34
river 2 Winisk
29 32
30 31
river 2 Winisk
31 31
32 30
32 31
32 30
33 30
river 2 
23 42
24 42
river 2 Ogoki
24 41
25 41
river 2 Dog
20 51
20 50
river 2 Wabigoon
13 48
13 47
river 2 Wabigoon
11 46
11 45
river 2 Berens
10 37
10 38
9 38
river 2 Berens
13 37
12 37
river 2 Sachigo
22 27
23 26
river 2 Red Deer
-3 33
-3 34
river 2 Burntwood
9 20
10 20
river 2 File
6 22
5 22
river 2 Keewatin
7 14
8 14
river 2 North Seal
18 6
18 5
river 2 North Seal
17 5
18 5
river 2 Wolverine
20 5
20 4
river 2 Seal
21 5
22 5
river 2 Seal
20 5
19 6
19 5
18 6
river 1 Tallapoosa
8 118
9 118
river 1 Elk
8 112
9 112
9 111
river 1 Nolichucky
23 106
24 106
24 105
river 1 French Broad
21 109
20 110
river 1 Powell
23 101
23 102
22 102
22 103
river 1 Clinch
26 101
27 100
river 1 Salt
16 99
16 100
river 1 Goose
19 102
18 103
river 1 Levisa Fork
25 99
25 100
26 100
river 1 Guyandotte
27 98
28 98
29 98
river 1 Licking
23 99
22 99
river 1 Greenbrier
35 93
35 92
river 1 Little Kanawha
32 91
33 91
river 1 Youghiogheny
38 87
38 88
river 1 Moose
76 49
75 50
river 1 Raquette
61 57
60 58
59 59
59 60
60 59
60 60
60 61
61 60
61 61
60 62
river 1 Raquette
60 62
59 63
60 63
river 1 Black
55 63
56 63
57 63
57 64
57 65
river 1 Nottoway
40 97
41 97
river 1 Meherrin
39 98
39 99
40 98
40 99
river 1 Dan
31 101
30 102
31 102
river 1 Deep
32 105
32 104
31 104
river 1 Cape Fear
38 107
38 106
37 106
river 1 Little Pee Dee
31 111
32 110
31 111
32 110
31 110
river 1 Saluda
19 111
20 111
river 1 S.  Fk.  Edisto
21 116
22 116
river 1 Alcovy
13 117
14 117
14 118
river 1 Hatchie
-3 116
-3 117
-4 117
river 1 S.  Fk.  Obion
-1 110
0 110
river 1 Great Miami
24 87
24 86
25 86
river 1 Little Wabash
7 94
6 95
river 1 Embarras
9 91
8 92
river 1 St. Joseph
23 82
24 81
river 1 W.  Br.  St. Joseph
24 81
23 82
23 81
river 1 Spoon
4 88
5 87
river 1 Tippecanoe
20 84
19 84
river 1 Kalamazoo
23 79
24 79
25 79
river 1 
28 66
28 67
river 1 Manistee
28 66
27 67
28 67
27 68
river 1 Fox
14 76
14 77
13 78
river 1 Des Plaines
14 80
14 79
river 1 Wolf
15 67
16 66
15 66
16 66
16 65
river 1 Peshtigo
16 66
16 65
17 65
17 66
river 1 Black
10 69
10 68
11 68
12 67
river 1 Cache
-6 109
-6 110
-7 110
river 1 Current
-9 106
-8 105
river 1 Osage Fork Gasconade
-11 105
-12 105
-12 106
river 1 South Skunk
-5 82
-5 83
river 1 Turkey
2 78
2 77
1 78
river 1 East Nishnabotna
-10 86
-10 85
river 1 Thompson
-9 88
-9 87
river 1 Chariton
-8 89
-7 89
river 1 Platte
-12 91
-13 92
-13 93
river 1 E.  Fk.  Des Moines
-5 77
-6 77
-6 76
river 1 Big Sioux
-10 71
-10 70
-9 69
river 1 Otter Tail
-1 61
-2 62
-2 63
river 1 Meramec
-7 103
-7 104
-7 105
river 1 Petit Jean
-21 117
-22 117
-21 117
river 1 Cottonwood
-25 101
-25 102
river 1 Verdigris
-23 103
-22 103
river 1 Carrizo
-50 112
-50 111
river 1 North Fork Red
-45 117
-45 116
-46 117
river 1 Beaver
-49 110
-48 110
river 1 Chikaskia
-29 107
-30 107
-30 106
river 1 Salt Fork Arkansas
-33 109
-34 109
-34 108
river 1 Purgatoire
-53 107
-53 108
-52 107
-52 108
river 1 Arikaree
-42 97
-41 96
-40 96
river 1 Republican
-37 94
-38 94
river 1 Beaver
-35 96
-36 97
-37 97
river 1 Saline
-31 99
-32 99
river 1 S.  Fk.  Solomon
-31 97
-32 98
-32 97
-33 98
river 1 Big Blue
-21 90
-21 89
-22 90
river 1 Elk Horn
-21 82
-22 82
-23 83
river 1 Bad
-26 76
-27 76
river 1 S.  Fk.   of the Grand
-26 68
-26 67
-27 68
-28 68
river 1 Big Muddy Cr.
-22 51
-22 52
river 1 Pipestone
-12 46
-13 46
-13 45
-14 46
river 1 Moose Mountain
-15 46
-15 47
river 1 Long
-19 50
-19 49
-19 48
river 1 Moose Jaw
-18 48
-18 47
-19 47
river 1 Nicolet
70 50
71 50
river 1 Patapédia
84 35
85 35
river 1 Tobique
86 38
87 37
river 1 Nepisiguit
88 37
89 36
river 1 York
92 28
92 29
93 28
93 29
93 28
river 1 Lloyds
115 21
116 20
river 1 North Salmon
120 17
121 16
121 17
121 16
121 17
river 1 Gander
122 16
123 15
river 1 Terra Nova
125 14
124 15
river 1 Maicasagi
62 35
62 34
61 35
river 1 
77 20
78 19
79 19
river 1 Nemiscau
65 27
66 26
river 1 Mistassini
73 28
72 29
73 29
72 29
72 30
river 1 Mistassibi
74 27
73 28
74 28
73 29
river 1 Betsiamites
80 24
80 25
79 26
river 1 Portneuf
78 33
78 34
78 35
river 1 Rivière aux Outardes
78 21
79 20
80 20
80 21
river 1 Hart Jaune
88 15
87 16
88 16
river 1 Sainte-Marguerite
89 16
89 17
river 1 Magpie
95 17
96 16
95 16
95 15
river 1 
98 8
99 8
river 1 Kenamu
106 5
107 5
108 5
river 1 Goose
104 4
103 4
102 5
river 1 Saint-Jean
97 15
98 15
97 16
river 1 Romaine
99 10
99 9
river 1 Olomane
106 10
105 10
106 10
105 11
106 11
river 1 Aguanish
100 14
101 14
river 1 Saint-Augustin
111 4
111 5
111 6
river 1 St. Lewis
116 3
117 3
117 2
118 2
river 1 Alexis
115 2
116 2
116 1
116 2
117 1
river 1 Paradise
115 2
114 2
115 2
115 1
river 1 Kanairiktok
99 0
99 1
river 1 
80 9
81 8
82 8
82 7
river 1 Conn
59 26
60 25
river 1 Vauquelin
64 15
63 16
63 15
river 1 Sable
89 6
88 6
87 6
river 1 Sérigny
83 7
82 7
83 6
82 6
river 1 Pons
83 4
82 4
82 5
river 1 Coats
67 10
66 10
river 1 Nord
69 6
70 6
river 1 Delay
81 5
81 6
80 6
80 5
river 1 Delay
79 6
79 5
river 1 
69 1
69 2
69 1
70 1
70 2
river 1 Jacques-Cartier
74 42
74 41
74 42
73 43
river 1 Trenche
68 39
68 40
69 40
river 1 Rouge
63 48
62 49
river 1 Coulonge
56 50
56 49
55 50
54 51
river 1 South Nation
58 58
58 59
57 59
57 60
river 1 Thames
38 71
39 71
38 72
river 1 Maitland
40 68
39 68
38 69
river 1 Madawaska
49 58
49 59
50 58
river 1 Saugeen
39 67
40 67
41 66
river 1 Magnetawan
46 59
47 59
47 58
river 1 West Montreal
43 52
43 51
44 51
river 1 Aubinadong
36 54
36 53
river 1 Goulais
34 56
35 55
35 54
river 1 Montreal
36 52
36 53
35 53
river 1 Opasatika
39 46
40 45
40 44
41 43
river 1 Wekweyaukastik
48 41
48 40
river 1 Drowning
32 42
31 43
river 1 Kwetabohigan Rapids
43 37
42 38
river 1 Kinosheo
46 34
45 34
45 35
44 35
river 1 Lawashi
40 32
41 32
42 31
river 1 Kinushseo
43 23
44 22
45 22
river 1 Swan
44 24
44 25
45 24
river 1 Shamattawa
36 28
36 27
37 26
river 1 Wabassi
30 36
31 36
river 1 Pineimuta
23 36
24 35
river 1 Otoskwin
20 38
21 37
21 38
river 1 Wenasaga
16 41
17 40
17 41
river 1 Beaver Stone
30 17
30 18
30 19
river 1 Manigotagan
8 43
8 44
river 1 Poplar
11 36
12 36
12 35
13 35
river 1 Gunisao
12 31
11 31
river 1 Flanagan
16 36
15 36
15 37
river 1 Cobham
13 33
14 33
13 34
river 1 Echoing
23 26
24 25
23 25
24 25
23 25
24 24
river 1 Overflowing
-5 32
-6 33
-5 33
river 1 Swan
-5 35
-6 35
-6 36
-7 36
river 1 Niskibi
33 17
32 18
31 18
river 1 Black Duck
31 17
32 16
river 1 Kaskattama
28 17
29 16
river 1 Stewart
-8 27
-8 28
river 1 Odei
11 18
12 18
river 1 Smoothstone
-12 26
-11 26
river 1 Foster
-6 19
-5 19
-5 18
river 1 Mudjatik
-4 13
-5 13
river 1 Owl
25 11
24 12
23 12
river 1 Wheeler
-3 13
-2 12
river 1 Oostanaula
11 115
10 115
11 115
10 115
10 116
9 116
river 1 Coosawattee
11 115
12 114
13 114
river 1 Conasauga
12 113
11 114
11 115
river 1 Etowah
11 116
10 117
10 116
9 116
river 1 Elk
3 115
4 114
5 113
6 113
7 113
river 1 Powell
22 103
21 103
20 104
19 105
19 104
19 105
19 104
18 105
river 1 Clinch
19 105
20 105
20 104
21 104
22 103
23 103
23 102
24 102
25 101
26 101
river 1 Clinch
15 108
16 107
17 106
river 1 Salt
13 100
14 99
15 99
16 99
river 1 S.  Fk.  Kentucky
20 101
20 100
river 1 Goose
20 101
19 102
river 1 Big Sandy
25 95
25 96
river 1 Guyandotte
26 95
27 95
26 96
27 96
26 97
27 96
27 97
27 98
river 1 Licking
22 99
23 98
22 98
22 97
river 1 Licking
22 97
21 97
21 96
20 96
20 95
20 94
19 95
20 94
19 94
20 93
river 1 Greenbrier
30 97
31 97
32 96
33 95
34 94
35 93
river 1 Little Kanawha
30 90
30 91
31 90
30 91
31 91
31 92
32 91
31 92
32 91
river 1 Youghiogheny
38 83
38 84
38 85
39 85
38 86
39 85
39 86
38 87
river 1 Moose
77 48
77 49
76 49
river 1 Meherrin
40 99
41 98
41 99
42 98
42 99
43 98
43 99
river 1 Dan
31 102
31 103
32 102
33 101
34 101
35 101
35 100
35 101
35 100
36 100
37 99
river 1 Tar
36 102
37 101
36 102
37 102
38 102
38 103
39 102
40 102
40 103
41 103
42 103
river 1 Deep
34 105
33 106
33 105
33 106
32 106
32 105
river 1 Cape Fear
36 110
37 109
38 108
37 108
38 107
river 1 Little Pee Dee
31 114
31 113
31 112
32 111
31 111
river 1 Lynches
28 111
28 112
28 113
29 113
30 113
30 114
31 113
river 1 Saluda
21 114
22 114
23 114
river 1 Saluda
20 111
20 112
20 113
21 113
river 1 S.  Fk.  Edisto
22 116
22 117
23 117
24 117
river 1 North Fork Edisto
23 116
24 116
24 117
river 1 Edisto
25 118
24 118
24 117
river 1 Hatchie
-6 113
-5 113
-4 112
-4 113
-3 113
-3 114
-2 114
-3 115
-3 116
river 1 S.  Fk.  Obion
-1 109
-1 110
river 1 Great Miami
19 93
20 92
21 91
22 90
22 89
22 88
23 87
24 87
river 1 Little Wabash
6 95
5 96
6 96
5 97
5 98
6 97
6 98
6 99
5 99
6 99
5 100
5 101
river 1 Embarras
8 92
8 93
8 94
7 95
7 96
7 97
8 96
8 97
river 1 Spoon
3 91
2 91
2 90
3 89
4 88
river 1 Tippecanoe
19 84
18 84
17 85
16 85
15 86
15 87
14 88
river 1 Kalamazoo
20 77
20 78
21 78
21 79
22 79
23 79
river 1 Muskegon
27 69
26 70
25 71
24 72
24 73
23 73
23 74
22 74
21 75
20 75
river 1 Au Sable
28 67
29 67
30 67
31 67
30 68
31 68
32 67
32 68
river 1 Manistee
27 68
26 68
25 69
24 69
23 70
22 70
river 1 Fox
13 78
14 78
13 79
13 80
12 81
12 82
11 83
11 84
10 84
9 85
river 1 Des Plaines
11 85
12 84
12 83
13 83
13 82
13 81
14 80
river 1 Wolf
14 72
14 71
15 71
15 70
16 69
16 68
16 67
15 67
river 1 Black
6 74
7 73
8 72
9 71
9 70
10 69
river 1 Cache
-7 110
-8 111
-9 112
-9 113
-10 113
-10 114
-11 115
-12 116
-12 117
-13 118
river 1 Current
-8 110
-7 110
-7 109
-7 108
-7 107
-6 107
-7 107
-7 106
-8 106
-8 105
river 1 Gasconade
-5 99
-6 99
-6 100
-7 101
-8 102
-7 101
-8 102
-8 103
-9 103
-10 103
-10 104
-10 103
-10 104
-10 103
-10 104
river 1 Osage Fork Gasconade
-10 104
-11 105
river 1 South Skunk
-5 83
-5 84
-6 85
-5 85
-5 86
-4 86
-4 87
-3 87
-2 87
river 1 Skunk
-2 87
-1 87
-1 88
-1 89
0 89
river 1 Turkey
4 80
3 80
3 79
2 79
2 78
river 1 East Nishnabotna
-15 91
-14 90
-13 90
-13 89
-12 88
-11 87
-10 86
river 1 West Nishnabotna
-11 86
-12 87
-13 88
-13 89
-14 89
-14 90
-15 91
river 1 Thompson
-10 95
-10 94
-9 93
-10 93
-9 92
-10 92
-9 91
-9 90
-9 89
-9 88
river 1 Chariton
-9 97
-9 96
-8 96
-8 95
-7 95
-7 94
-6 93
-6 92
-6 91
-5 90
-6 90
-5 89
river 1 Chariton
-7 89
-6 89
river 1 Platte
-13 93
-14 94
-14 95
-14 96
-15 97
river 1 E.  Fk.  Des Moines
-6 81
-5 80
-6 80
-5 79
-5 78
-6 78
-5 77
river 1 Little Sioux
-14 86
-13 85
-13 84
-12 83
-11 82
-10 81
-9 80
-8 80
-8 79
-8 78
-7 77
river 1 Big Sioux
-13 82
-14 82
-13 82
-13 81
-13 80
-12 80
-12 79
-12 78
-11 77
-12 77
-12 78
-12 77
-11 76
-11 75
-11 76
-11 75
-10 75
-11 75
-11 74
-10 73
-10 72
-10 71
river 1 Otter Tail
-2 63
-3 64
river 1 Otter Tail
-5 64
-6 65
-5 65
-4 65
-4 64
-3 64
river 1 Meramec
-2 100
-2 99
-3 100
-4 100
-4 101
-4 100
-4 101
-5 101
-5 102
-6 102
-7 103
river 1 Petit Jean
-17 116
-18 117
-18 116
-19 117
-20 117
-21 117
-20 116
-21 117
river 1 Cottonwood
-21 102
-22 102
-23 102
-24 103
-24 102
-25 102
river 1 Neosho
-20 102
-21 102
river 1 Neosho
-20 102
-21 103
-20 103
-20 104
-21 105
-20 105
-20 106
-20 107
-21 108
-20 108
-21 109
river 1 Neosho
-23 112
-22 111
river 1 Verdigris
-22 103
-22 104
-22 105
-22 106
-22 107
-23 108
-22 108
-23 109
-23 110
river 1 Verdigris
-24 111
-25 112
-24 112
-25 113
-24 113
-24 114
river 1 Carrizo
-48 113
-49 113
-49 112
-50 112
river 1 Rita Blanca
-48 112
-48 113
-48 114
-49 115
river 1 North Fork Red
-40 118
-40 117
-41 117
-41 116
-42 117
-42 116
-43 116
-44 117
-45 117
river 1 North Canadian
-42 110
-41 110
-40 109
-40 110
-39 109
-39 110
-38 110
-37 110
-37 111
-36 111
-36 112
-36 113
-35 112
-35 113
river 1 Beaver
-48 110
-47 110
-46 110
-46 111
-45 111
-44 110
-43 110
-42 110
river 1 Chikaskia
-29 110
-29 109
-29 108
-29 107
river 1 Salt Fork Arkansas
-28 110
-29 110
-30 110
-31 110
-32 110
-32 109
-33 110
-33 109
river 1 Purgatoire
-52 108
-51 107
-50 107
-49 107
-48 106
-47 105
-46 105
-46 104
-45 104
-45 103
river 1 Arikaree
-40 96
-39 96
-38 95
-37 95
-36 94
river 1 Republican
-35 94
-36 94
-37 94
river 1 Beaver
-28 94
-29 94
-30 94
-31 94
-32 95
-33 95
-34 95
-35 96
river 1 Saline
-25 100
-25 99
-26 99
-27 99
-28 99
river 1 Saline
-28 99
-29 99
-30 99
-31 99
river 1 S.  Fk.  Solomon
-27 97
-28 97
-29 97
-30 97
-31 98
-31 97
river 1 Big Blue
-20 96
-20 95
-19 94
-19 93
-20 93
-19 92
-19 91
-19 90
-19 89
-20 89
-21 90
river 1 Elk Horn
-16 89
-15 88
-16 88
-15 87
-16 87
-16 86
-16 85
-17 85
-18 85
-19 85
-19 84
-20 84
-20 83
-21 83
-21 82
river 1 Bad
-21 74
-22 74
-23 75
-24 75
-25 75
-26 76
river 1 Grand
-19 68
-20 68
-20 67
-21 68
-21 67
-22 68
-22 67
-23 67
river 1 North Fk.  of the Grand
-23 67
-24 67
-24 66
river 1 S.  Fk.  of the Grand
-23 67
-24 68
-24 67
-25 68
-25 67
-26 68
river 1 Tongue
-32 65
-31 64
-32 64
-31 63
river 1 
50 53
49 53
river 1 Big Muddy Cr.
-22 52
-22 53
-22 54
-23 54
-23 55
river 1 Pembina
-2 52
-3 52
-4 52
-4 51
-5 52
-5 51
-5 50
-6 51
-7 51
river 1 Pipestone
-10 49
-11 49
-10 48
-11 48
-11 47
-11 46
-12 47
-12 46
river 1 Moose Mountain
-15 47
-15 48
-15 49
-14 49
-13 49
-14 50
-14 51
river 1 Long
-17 51
-17 52
-18 52
-18 51
-19 51
-19 50
river 1 Moose Jaw
-19 47
-19 46
-19 45
-20 46
-20 45
-19 44
river 1 Qu'Appelle
-9 45
-10 45
-10 44
-11 45
-11 44
-12 45
-12 44
-13 44
-14 45
-14 44
-14 43
-15 43
-16 43
-17 43
-18 44
-19 44
-19 43
-20 43
-20 42
-21 42
river 1 Saint-François
67 50
68 50
68 51
69 51
69 52
70 51
69 52
70 51
70 52
71 52
71 51
72 50
72 49
73 49
river 1 Nicolet
68 49
68 50
69 49
68 50
69 49
69 50
70 50
river 1 Restigouche
86 36
87 35
river 1 Restigouche
85 37
86 36
river 1 Patapédia
85 35
86 35
85 36
86 35
86 36
river 1 Tobique
84 41
85 41
86 40
85 40
86 40
85 40
86 39
86 38
87 38
86 38
river 1 Nepisiguit
89 36
89 37
90 36
91 36
91 35
91 36
91 35
92 34
river 1 York
93 28
94 28
95 28
river 1 Saint Croix
85 47
84 47
river 1 Saint Croix
84 47
85 46
river 1 Lloyds
118 17
117 18
117 19
116 19
116 20
river 1 
122 17
122 18
river 1 Salmon
121 17
122 17
121 18
122 17
122 18
121 18
122 18
121 19
river 1 Gander
126 10
125 11
125 12
river 1 Gander
123 15
123 14
124 13
river 1 Bay du Nord
124 16
123 17
123 18
river 1 Terra Nova
128 11
127 12
126 13
126 14
125 14
river 1 Long Harbour
125 17
125 16
125 15
river 1 Maicasagi
60 36
61 36
62 35
river 1 Broadback
55 32
56 32
57 32
58 32
59 31
60 31
river 1 Broadback
60 31
60 32
river 1 Broadback
60 33
61 32
61 33
62 32
62 33
63 32
64 32
65 31
66 30
66 31
river 1 
75 21
76 20
76 21
77 20
river 1 Nemiscau
64 27
65 27
river 1 Nemiscau
61 30
62 29
63 28
64 28
64 27
river 1 Mistassini
72 30
71 31
72 31
71 32
71 33
71 34
71 35
71 36
71 37
72 37
river 1 Mistassibi
71 38
72 37
72 36
72 35
73 34
73 33
73 32
73 31
73 30
73 29
river 1 Betsiamites
79 26
79 27
79 28
79 29
80 29
79 30
79 31
river 1 Betsiamites
80 32
81 32
82 32
82 33
river 1 Portneuf
78 35
79 35
80 34
80 35
81 34
river 1 Rivière aux Outardes
80 21
80 22
river 1 Rivière aux Outardes
80 23
81 23
81 24
81 25
82 25
82 26
river 1 Rivière aux Outardes
82 30
83 30
83 31
84 31
river 1 Hart Jaune
85 20
86 20
86 19
river 1 Hart Jaune
87 18
87 17
88 16
river 1 Sainte-Marguerite
89 17
89 18
89 19
89 20
89 21
89 22
89 23
90 23
89 24
89 25
river 1 Magpie
96 19
95 20
96 19
96 20
96 21
river 1 
101 4
102 4
river 1 
99 5
100 5
101 4
river 1 McPhadyen
88 8
89 8
90 8
91 7
river 1 
99 8
100 7
river 1 
96 12
97 12
97 13
96 14
96 15
95 15
river 1 Kenamu
108 5
109 4
109 3
109 2
river 1 Goose
108 2
107 3
106 3
105 4
104 4
river 1 Red Wine
102 3
102 2
103 2
104 2
105 2
106 1
river 1 Saint-Jean
97 16
97 17
97 18
97 19
97 20
96 21
river 1 Romaine
98 20
99 20
100 19
99 19
100 18
99 18
100 17
99 17
99 16
99 15
98 16
98 15
98 14
98 13
river 1 Romaine
97 12
98 11
98 10
99 10
river 1 Mistanipisipou
104 12
103 12
102 12
101 12
100 12
river 1 Olomane
106 11
107 11
107 12
107 13
108 13
107 14
108 14
107 15
108 14
108 15
107 16
river 1 Aguanish
101 14
102 14
102 15
103 14
103 15
104 15
103 16
103 17
103 18
river 1 Saint-Augustin Nord-Ouest
110 9
111 9
112 8
112 9
113 9
river 1 St. Paul
114 3
114 4
115 4
115 5
116 5
116 6
river 1 Saint-Augustin
111 6
111 7
112 7
113 7
113 8
113 9
river 1 St. Lewis
118 2
118 1
119 1
119 0
120 0
river 1 Alexis
117 1
118 0
119 0
river 1 Paradise
115 1
115 0
river 1 
102 0
103 0
river 1 Kanairiktok
99 1
100 1
100 2
101 1
102 1
103 0
river 1 
87 15
86 15
river 1 
86 14
86 15
river 1 
87 13
87 14
river 1 
87 12
86 12
river 1 
82 7
81 7
82 6
81 6
80 7
river 1 
68 20
68 19
68 18
river 1 
70 17
69 17
68 18
river 1 Conn
57 27
58 26
59 26
river 1 Maquatua
56 25
57 24
58 24
58 23
59 23
60 23
river 1 
65 17
66 17
67 17
68 16
69 16
river 1 Roggan
63 18
62 18
61 18
river 1 Roggan
60 19
59 19
58 19
57 19
57 18
river 1 Vauquelin
60 16
59 16
58 16
river 1 Vauquelin
63 15
62 16
61 16
61 15
60 16
river 1 Sable
87 6
88 5
87 6
87 5
87 4
86 4
87 3
river 1 Sérigny
82 6
83 5
84 4
85 4
85 3
86 3
86 2
river 1 Pons
86 1
85 2
85 3
84 3
83 4
river 1 Coats
66 10
66 11
66 10
65 11
64 12
river 1 
77 5
76 5
river 1 
76 6
75 7
river 1 
70 6
71 5
70 6
70 5
69 6
68 6
river 1 Nord
67 6
67 7
68 6
69 6
river 1 Delay
80 5
79 5
river 1 Delay
79 5
80 4
80 3
81 2
80 2
80 1
79 1
80 1
79 1
80 0
79 1
79 0
80 0
river 1 
75 0
74 1
74 0
73 1
74 0
73 0
river 1 Nastapoka
72 5
71 5
70 5
69 5
68 5
67 5
66 5
river 1 
66 2
67 2
68 1
69 1
river 1 Qikirtaluup Kuunga
66 0
66 1
67 0
68 0
river 1 Jacques-Cartier
73 43
73 44
72 45
72 46
river 1 Trenche
69 40
69 41
69 42
69 43
river 1 Kitchigama
55 38
55 37
56 37
56 36
56 35
55 35
55 34
54 34
55 33
river 1 Rouge
62 49
62 50
61 51
62 51
62 52
62 53
61 54
river 1 
54 56
53 56
river 1 
55 56
55 55
river 1 Coulonge
54 51
54 52
55 52
55 53
55 54
55 55
river 1 Dumoine
52 55
52 54
52 53
53 52
52 52
river 1 Kipawa
51 52
52 51
52 52
river 1 Kinojévis
53 45
52 45
51 46
51 47
51 48
river 1 Kanasuta
49 47
50 46
river 1 Turgeon
52 39
51 39
51 40
51 41
50 41
50 42
51 42
51 43
river 1 South Nation
60 55
60 56
60 55
60 56
59 57
58 58
river 1 Maitland
38 69
38 68
37 69
36 70
river 1 Thames
31 77
32 77
32 76
33 76
34 75
35 74
36 74
36 73
37 73
38 72
river 1 Madawaska
50 58
51 58
51 59
52 58
52 59
53 58
53 59
54 58
55 57
56 57
river 1 Saugeen
38 66
38 67
39 67
river 1 Magnetawan
42 60
43 59
44 59
45 59
46 59
river 1 
46 51
47 51
river 1 West Montreal
44 51
44 50
45 49
river 1 Montreal
48 52
47 52
47 51
46 51
46 50
45 50
46 49
45 50
46 49
45 49
45 50
river 1 Sturgeon
44 53
44 54
45 54
44 55
45 55
45 56
46 55
45 56
river 1 Spanish
40 53
40 54
40 55
40 56
39 57
39 58
40 57
40 58
39 58
38 59
38 58
37 59
river 1 Little White
36 57
35 58
river 1 Aubinadong
35 56
36 55
36 54
river 1 Goulais
32 58
33 57
34 56
river 1 Montreal
35 53
34 54
33 55
32 55
river 1 Abitibi
51 44
50 44
51 44
50 45
river 1 Abitibi
48 45
47 45
46 46
46 45
46 44
45 44
46 43
45 43
45 42
45 41
45 40
45 39
46 38
47 37
47 36
48 36
48 35
river 1 Opasatika
41 43
42 42
42 41
43 40
43 39
river 1 Wekweyaukastik
48 40
48 39
48 38
48 37
river 1 Nagagami
37 41
38 41
37 42
36 43
36 44
35 44
35 45
34 45
river 1 Kwetabohigan Rapids
48 35
48 34
47 34
46 35
45 35
45 36
45 35
44 36
43 37
river 1 Kinosheo
48 31
47 31
47 32
46 33
47 33
46 34
river 1 Lawashi
42 31
43 30
44 29
45 28
45 29
46 28
46 29
47 28
river 1 Opinnagau
48 22
48 21
47 22
46 22
46 23
45 23
44 24
43 24
river 1 Kinushseo
45 22
45 21
45 20
46 20
45 20
46 19
47 18
46 18
river 1 Sutton
42 22
43 21
43 20
43 21
44 20
45 19
46 18
river 1 Swan
45 24
45 25
46 25
47 25
48 24
river 1 Shamattawa
37 26
38 25
39 25
39 24
40 23
40 22
41 21
41 20
river 1 Asheweig
27 30
26 31
27 30
28 29
29 28
29 29
30 28
31 27
30 28
river 1 Asheweig
30 28
31 28
river 1 Asheweig
36 24
35 24
35 25
34 26
33 26
34 26
33 27
32 28
river 1 Wabassi
31 36
32 36
33 36
33 35
33 36
33 35
34 35
river 1 Pineimuta
24 35
25 34
26 33
26 34
27 33
27 34
28 34
28 35
29 34
river 1 Ogoki
30 40
31 40
32 40
32 39
33 38
34 38
34 37
35 36
river 1 Namewaminikan
26 46
27 45
28 45
28 46
27 46
27 47
river 1 Gull
23 46
23 45
22 46
21 47
22 47
21 48
river 1 
18 50
18 51
19 50
18 51
18 52
river 1 
13 55
14 55
14 54
15 54
river 1 
17 54
16 54
15 55
15 54
river 1 Pigeon
19 54
18 54
17 55
17 54
river 1 
13 54
12 55
river 1 
12 53
11 53
river 1 
11 52
11 51
river 1 Turtle
14 50
14 49
13 50
12 50
12 51
11 52
10 52
river 1 
18 42
17 42
16 42
17 42
river 1 Wenasaga
13 43
14 42
15 42
16 41
river 1 Manigotagan
6 41
6 42
7 42
7 43
8 43
river 1 Poplar
9 35
10 34
10 35
11 35
11 36
river 1 Poplar
7 33
8 33
8 34
river 1 Gunisao
11 31
12 30
river 1 Gunisao
11 30
11 29
10 30
9 30
8 30
8 29
8 28
river 1 Flanagan
17 35
16 35
16 36
river 1 Flanagan
17 34
17 33
18 32
river 1 Cobham
12 32
12 33
13 33
river 1 Echoing
24 24
25 23
25 22
26 21
27 20
27 19
27 18
26 19
26 18
river 1 
16 26
17 26
river 1 Stevenson
15 27
14 28
river 1 Lawford
12 26
13 25
13 26
14 25
river 1 Dafoe
16 20
17 19
18 19
19 19
20 19
river 1 Fox
20 19
21 19
22 18
22 19
22 18
23 18
river 1 Hayes
12 26
13 26
14 25
15 25
15 24
river 1 Hayes
17 23
16 24
17 24
river 1 Hayes
25 16
25 17
24 17
25 17
24 17
23 18
24 18
23 19
22 20
21 21
20 22
19 22
river 1 William
4 29
5 28
5 29
river 1 Swan
-2 35
-2 34
river 1 Swan
-7 36
-7 37
-7 38
-6 38
-5 37
-4 37
-3 36
river 1 Grass
9 23
10 22
11 22
11 21
river 1 Grass
8 24
7 24
7 25
7 24
6 24
river 1 Grass
4 25
5 24
river 1 Grass
2 25
3 25
river 1 Grass
16 18
15 19
14 20
river 1 Hargrave
9 25
8 26
7 26
6 27
6 26
5 26
river 1 Old Channel
-3 28
-3 29
-3 28
-4 29
-4 28
-5 29
river 1 Niskibi
37 14
36 15
35 15
34 16
33 17
river 1 Black Duck
32 16
33 16
33 15
34 15
34 14
35 13
river 1 Kaskattama
29 16
30 15
31 15
31 14
32 14
32 13
33 12
river 1 Montreal
-4 21
-5 22
river 1 Montreal
-7 23
-7 22
river 1 Limestone
22 16
22 15
21 16
21 15
20 16
20 15
19 16
20 15
19 15
18 16
river 1 Odei
15 18
14 19
14 18
13 18
13 19
12 19
12 18
river 1 
8 17
8 16
river 1 Hughes
10 15
9 15
river 1 Hughes
9 15
8 15
8 14
9 13
8 13
river 1 Montreal
-8 23
-9 24
-9 25
river 1 Smoothstone
-8 20
-9 21
-9 22
-9 23
-10 23
-11 23
-11 24
river 1 Wathaman
-2 14
-1 14
0 14
1 13
0 14
1 14
river 1 Foster
-5 18
-5 17
-4 16
-3 16
-3 15
-2 15
river 1 Mudjatik
-5 13
-5 14
-6 14
-7 15
-8 16
river 1 Little Beaver
19 11
19 12
20 12
20 11
21 10
21 11
22 10
river 1 Owl
28 9
27 10
26 11
25 11
river 1 Deer
26 7
26 8
25 9
25 10
24 10
23 11
23 10
river 1 
17 5
18 4
river 1 North Seal
13 6
12 6
13 5
14 5
14 4
14 5
15 4
river 1 North Seal
16 4
16 5
river 1 South Seal
15 10
15 9
14 10
14 9
13 10
river 1 South Seal
18 7
17 7
17 8
16 9
river 1 MacFarlane
-2 5
-3 6
river 1 MacFarlane
-3 7
-4 8
river 1 Caribou
23 0
23 1
24 1
23 2
23 3
24 3
25 2
26 2
26 3
27 2
river 1 
13 0
12 1
11 2
river 1 Schwandt
11 1
12 1
12 0
river 1 North Canadian
-35 113
-35 114
-35 115
-34 115
-34 116
-33 115
-33 116
-32 116
-32 115
-31 115
-31 116
-31 117
-30 116
-29 116
-28 116
-27 116
-26 115
-26 116
river 1 Berens
7 36
6 37
7 37
8 37
8 38
9 38
river 1 
98 4
98 5
99 5
river 1 Manigotagan
5 42
6 41
river 1 Poplar
6 32
6 33
7 33
river 1 Hayes
15 24
16 24
17 23
river 1 William
5 29
5 30
5 31
6 31
river 1 Hargrave
10 25
9 25
river 1 Berens
5 35
6 35
6 36
7 36
river 1 Namewaminikan
25 46
26 46
river 1 Gull
25 47
25 46
24 47
25 46
24 46
23 46
river 1 MacFarlane
-1 3
-1 2
0 2
river 1 Sturgeon
45 56
45 57
river 1 Nord
66 8
66 7
67 6
river 1 
11 53
11 54
river 1 
11 53
10 54
10 53
11 53
10 53
10 52
river 1 
72 11
73 11
74 10
75 10
75 9
76 9
77 8
river 1 Lloyds
119 16
118 17
river 1 Montreal
-5 22
-6 23
-6 22
-7 23
river 1 
17 26
17 25
18 25
19 24
river 1 Saint Croix
85 46
84 46
83 46
84 45
river 1 Crean
-10 26
-11 27
river 1 Montreal
-9 25
-10 26
river 1 
49 53
49 52
48 53
48 52
river 1 Moose
77 49
78 48
77 49
77 48
river 1 Broadback
60 32
59 33
60 32
60 33
river 1 
61 32
60 32
river 1 
96 10
96 11
96 12
river 1 
86 14
86 13
85 14
river 1 
85 14
85 13
river 1 
86 12
86 11
85 12
85 13
85 12
river 1 
85 12
85 11
84 11
river 1 
87 13
86 14
river 1 
63 38
64 37
river 1 Rivière aux Outardes
80 22
80 23
river 1 Rivière aux Outardes
82 26
82 27
81 28
82 28
82 29
82 30
river 1 Roggan
64 18
63 18
river 1 Roggan
61 18
60 19
river 1 Hart Jaune
84 24
84 23
85 22
85 21
85 20
river 1 Hart Jaune
86 19
87 19
87 18
river 1 Romaine
98 13
98 12
river 1 Romaine
98 12
97 12
river 1 
15 45
15 44
16 44
17 43
18 42
river 1 Kanasuta
50 46
50 45
river 1 Abitibi
50 45
49 45
48 45
river 1 
62 20
63 19
64 18
65 17
river 1 
68 18
67 18
66 19
river 1 Grand
-18 68
-19 68
river 1 Betsiamites
79 31
79 32
80 32
river 1 Qu'Appelle
-21 42
-20 41
river 1 Saluda
23 114
24 114
river 1 Elk
8 112
7 113
river 1 Powell
18 105
17 106
river 1 Clinch
19 105
18 106
18 105
18 106
17 106
river 1 Saluda
21 114
21 113
river 1 Chariton
-5 89
-6 90
-6 89
river 1 Neosho
-21 109
-20 109
-21 110
-22 111
river 1 Neosho
-23 112
-24 113
-24 114
river 1 Verdigris
-23 110
-24 111
river 1 North Fork Solomon
-26 97
-27 97
river 1 S.  Fk.  Solomon
-26 97
-27 97
river 1 Pipestone
-9 49
-10 49
river 1 Gander
124 13
125 12
river 1 Magpie
96 19
95 19
96 18
river 1 Magpie
96 18
95 18
95 17
river 1 
94 15
95 15
river 1 
79 8
80 7
river 1 
78 8
79 7
79 8
river 1 
77 8
78 8
river 1 
76 5
76 6
river 1 
73 8
74 8
74 7
75 7
river 1 
75 6
76 6
river 1 
74 7
73 8
river 1 Kipawa
50 53
51 52
river 1 Asheweig
32 28
31 28
river 1 
12 55
13 55
river 1 
11 54
12 54
river 1 
12 54
12 55
13 54
river 1 Poplar
9 34
9 35
river 1 Poplar
8 34
9 34
river 1 Gunisao
11 30
12 30
river 1 Flanagan
17 34
17 35
river 1 Hayes
17 24
18 23
19 22
river 1 Swan
-3 36
-2 35
river 1 Grass
14 20
13 20
12 21
river 1 Grass
11 21
12 21
river 1 Grass
8 24
9 23
river 1 Grass
5 24
5 25
6 24
river 1 Grass
3 25
4 25
river 1 
8 16
9 16
9 15
river 1 Montreal
-7 22
-8 23
river 1 Smoothstone
-11 24
-12 25
river 1 Smoothstone
-12 26
-12 25
river 1 Wathaman
2 14
2 13
river 1 Wathaman
1 14
2 14
river 1 Foster
-2 15
-2 14
river 1 North Seal
16 5
17 5
river 1 North Seal
15 4
16 4
river 1 South Seal
16 9
15 10
river 1 South Seal
18 6
17 7
18 7
river 0 North Fork Salt
-5 91
-6 92
-5 92
river 0 North Fork Salt
-5 92
-5 93
-6 94
-5 94
-5 95
river 0 Salt
-2 95
-3 95
-4 95
river 0 Spring
-16 108
-17 108
-16 107
river 0 Spring
-16 107
-17 107
-18 107
-19 107
-20 108
-20 109
river 0 Illinois
-20 113
-20 112
river 0 Illinois
-20 112
-21 112
-22 112
-22 113
-23 113
-23 114
river 0 Bryant
-12 107
-12 108
river 0 Bryant
-12 108
-12 109
river 0 Black
30 64
30 65
29 65
29 66
river 0 Tahquamenon
30 59
29 59
29 60
28 60
river 0 Tahquamenon
28 60
27 60
river 0 Mars
75 38
75 39
75 40
river 0 Mars
75 40
75 41
river 0 Marsh
46 84
46 83
river 0 Monocacy
46 84
46 85
45 85
45 86
river 0 Paint
24 89
24 90
river 0 Paint
24 90
24 91
24 92
25 91
26 91
river 0 Middle Branch Ontonagon
18 60
17 61
17 62
river 0 Middle Branch Ontonagon
17 62
16 63
16 62
16 63
river 0 Ontonagon
18 60
17 60
river 0 Sturgeon
8 56
8 57
river 0 Sturgeon
8 57
8 58
river 0 Little Fork
8 53
7 54
8 54
7 55
8 55
8 56
river 0 Vermilion
10 55
10 54
11 54
river 0 Pelican
10 55
9 55
river 0 
10 55
10 56
river 0 North Fork Crow
-3 68
-2 68
river 0 North Fork Crow
-2 68
-2 69
-1 69
-1 70
0 69
0 70
river 0 Crow
0 70
1 69
river 0 Middle Fork Zumbro
0 74
1 74
2 73
river 0 Middle Fork Zumbro
2 73
2 74
3 73
river 0 Zumbro
3 73
4 73
river 0 Sac
-15 107
-15 106
river 0 Sac
-15 106
-15 105
-16 106
-15 105
river 0 Sac
-15 105
-15 104
-14 103
river 0 Middle Fork Little Red
-15 113
-14 113
river 0 Middle Fork Little Red
-14 113
-14 114
river 0 Little Red
-13 114
-13 115
-12 114
-13 115
-12 115
-12 116
river 0 Mulberry Fk.  of the Black Warrior
4 117
4 118
3 118
river 0 Big Brown
-2 116
-2 117
river 0 Daddys
13 108
13 109
12 109
river 0 Clear
14 107
13 107
12 108
river 0 Obed
13 108
12 109
river 0 Emory
14 108
15 107
river 0 Pigeon
20 108
20 109
river 0 Middle Fk.  Holston
26 102
27 101
28 101
river 0 Beech Fk.
15 101
15 100
river 0 Rolling Fork
14 101
15 101
river 0 Middle Fk.  Kentucky
20 103
20 102
21 101
river 0 Tug Fk.
26 99
27 99
river 0 North Fork New
27 103
26 103
25 104
river 0 Buckhannon
34 91
34 92
river 0 Conemaugh
40 83
41 82
41 83
river 0 French Creek
41 75
40 76
river 0 Killbuck
31 82
32 82
31 83
river 0 S.W.  Miramichi
86 41
85 42
river 0 E.  Br.  Penobscot
80 45
81 45
river 0 North Branch Dead
75 51
74 51
river 0 Saco
71 58
72 57
71 57
river 0 Pawcatuck
68 70
67 70
river 0 Lamoille
68 56
68 57
67 57
river 0 Lamoille
67 57
66 57
65 57
river 0 Black
57 65
58 65
58 64
river 0 West Canada
59 64
58 65
57 66
58 66
river 0 Tonawanda Cr.
46 71
47 70
river 0 E.  Br.  Delaware
59 69
58 69
58 70
river 0 Cohocton
49 71
48 72
49 72
river 0 Tioga
49 74
49 75
50 74
river 0 S.  Fk.  S.  Br.  Potomac
37 92
38 91
river 0 North
37 92
37 93
38 92
river 0 Rappahannock
42 89
42 90
river 0 Calfpasture
37 92
37 93
river 0 Jackson
36 92
36 93
35 94
river 0 Craig
33 97
32 98
31 99
river 0 Tar
36 101
37 101
36 102
river 0 Waccamaw
34 110
34 111
river 0 North Fork Edisto
23 115
22 115
22 116
23 115
22 116
23 116
river 0 Oconee
15 115
16 115
15 116
river 0 S.  Fk.  Forked Deer
-1 113
-2 113
-1 112
-2 112
river 0 Middle Fk.  Vermilion
9 89
10 89
river 0 Flint
28 75
29 74
30 73
river 0 Peshekee
20 60
21 60
20 61
river 0 Michigamme
20 61
21 61
20 62
river 0 Red Cedar
8 67
8 66
8 67
7 67
7 68
river 0 E.  Fk.  Chippewa
12 64
13 63
river 0 West Nishnabotna
-10 85
-11 86
river 0 Grand
-10 89
-10 90
river 0 Nodaway
-10 87
-10 88
-11 89
river 0 Floyd
-10 79
-9 79
river 0 Little Osage
-19 104
-18 103
-17 103
river 0 Rita Blanca
-48 111
-48 112
river 0 Punta de Agua
-50 114
-50 113
river 0 Medicine Lodge
-33 107
-32 107
river 0 North Fork Solomon
-34 97
-35 98
-36 98
river 0 South Loup
-28 88
-27 87
-28 87
-29 88
river 0 Middle Loup
-28 85
-29 85
river 0 Lance
-36 79
-37 79
river 0 Beaver
-34 74
-34 75
-34 76
river 0 North Fk.  of the Grand
-24 66
-25 66
river 0 Cedar Creek
-24 64
-24 65
-23 65
river 0 Cannonball
-23 64
-23 63
-24 64
-24 63
river 0 Poplar
-24 51
-25 51
-24 50
river 0 
-6 54
-6 55
-7 55
river 0 
-7 51
-8 51
-9 52
river 0 Pembina
-7 51
-8 51
-9 51
-9 52
river 0 Roseau
2 52
3 52
2 53
3 53
3 54
river 0 Baker Branch Saint John
77 45
77 46
77 47
river 0 Yamaska
67 54
68 53
68 54
river 0 St. Francis
80 40
80 39
river 0 Restigouche
85 37
85 38
river 0 Cascapédia
89 30
90 30
river 0 Bonaventure
92 29
92 30
river 0 Petitcodiac
93 40
92 41
river 0 Kennebecasis
92 41
91 42
91 43
river 0 LaHave
93 45
93 46
river 0 
99 43
99 42
river 0 Salmon
99 40
98 41
river 0 Northeast Margaree
106 32
107 31
river 0 Jupiter
100 23
99 23
river 0 Cat Arm
118 10
118 11
119 10
river 0 Victoria
117 19
116 20
river 0 Main
117 12
118 12
river 0 Wetetnagami
59 41
60 41
59 42
river 0 Marte
64 30
65 30
66 30
66 29
river 0 Tichégami
73 23
74 23
75 22
river 0 Jolicoeur
58 29
59 29
59 28
60 28
river 0 Rivière du Chef
69 32
68 33
69 33
68 34
river 0 Ouasiemsca
71 31
70 32
70 33
river 0 
81 28
81 29
river 0 Racine de Bouleau
85 17
86 16
85 16
85 17
river 0 Toulnustouc
87 22
86 22
86 21
river 0 Aux Rochers
88 23
88 22
88 21
river 0 Manitou
93 18
94 18
94 19
river 0 
88 10
89 10
90 9
river 0 
97 9
96 10
97 10
river 0 Poissons
94 10
93 10
river 0 Beaver
104 3
103 3
river 0 East Natashquan
103 9
104 9
103 10
104 10
river 0 Musquaro
105 13
106 13
106 14
105 14
106 14
river 0 Joir
110 4
110 5
109 6
river 0 Saint-Augustin Nord-Ouest
110 7
111 7
110 8
110 9
river 0 Napetipi
114 5
114 6
115 6
river 0 Pinware
118 2
119 2
river 0 
79 10
78 10
river 0 
79 9
80 8
79 8
river 0 Chauvreulx
72 13
73 13
river 0 Goodwood
89 4
88 4
river 0 De Pas
94 2
94 1
95 1
95 0
river 0 Baleine
93 0
94 0
93 1
94 0
river 0 Boutin
69 9
70 9
river 0 Troyes
68 9
69 8
river 0 Aigneau
82 1
82 0
river 0 
76 3
75 4
76 4
75 5
76 5
76 4
river 0 
79 4
78 4
79 4
79 3
78 4
79 3
78 4
78 3
river 0 Batiscan
71 44
71 43
river 0 
65 49
64 49
63 50
63 49
river 0 Gatineau
61 45
61 44
river 0 Wawagosic
52 42
53 42
52 43
river 0 Gull
49 60
48 61
river 0 Moira
51 61
51 62
river 0 Mississippi
52 60
52 61
53 60
54 60
river 0 Blanche
47 47
47 48
46 48
47 48
river 0 Montreal
45 50
44 51
44 52
river 0 Wanapitei
43 53
42 53
river 0 Vermilion
42 53
42 54
43 54
river 0 Boland
37 57
38 57
38 56
river 0 Little White
37 57
36 57
river 0 Batchawana
34 55
35 54
river 0 Woman
38 53
39 52
39 53
39 52
40 51
river 0 North French
46 41
47 41
48 41
river 0 Kesagami
48 41
48 40
49 40
49 39
river 0 Osawin
34 44
33 45
33 46
32 47
river 0 Pagwachuan
32 44
32 45
33 44
river 0 Kapikotongwa
27 42
28 42
river 0 Little Current
30 42
31 41
river 0 Aguasabon
27 49
27 48
28 47
river 0 White
32 49
32 50
33 50
river 0 Pukaskwa
30 52
31 51
river 0 Cheepay
39 39
40 38
river 0 Lakitusaki
45 22
44 23
44 22
44 23
river 0 
48 19
47 20
46 20
river 0 Attwood
25 40
26 39
25 40
26 39
26 40
26 39
river 0 
27 47
26 47
river 0 Gull
20 49
21 48
river 0 Whitefish
17 53
17 54
18 53
river 0 Shagamu
37 20
38 20
38 19
river 0 Windigo
21 34
20 34
20 35
river 0 Blackbear
25 27
26 26
river 0 Wapaseese
24 27
25 26
26 25
river 0 Red Sucker
19 27
20 27
19 28
20 28
river 0 
14 26
15 25
15 26
16 25
river 0 Machichi
29 16
28 16
27 17
river 0 Spruce
-13 30
-12 29
-12 28
-13 29
river 0 Mossy
-7 26
-7 27
-6 26
-6 27
river 0 Nipekamew
-8 27
-8 26
river 0 Rat
11 17
11 16
river 0 
1 22
2 21
river 0 Hughes
9 12
9 11
river 0 
-3 18
-2 17
-1 17
river 0 
-3 18
-4 18
-4 19
river 0 Wapiskau
0 17
-1 18
river 0 Haultain
-5 15
-4 15
-4 14
river 0 Pipestone
-2 9
-1 8
river 0 Otherside
-1 5
-2 6
river 0 Sacandaga
62 64
61 64
river 0 Big Brown
-2 117
-3 118
river 0 Etowah
14 114
14 115
13 115
12 116
river 0 Hiwassee
13 111
13 112
14 111
river 0 Caney Fork
10 107
10 108
river 0 Daddys
14 107
14 108
13 108
river 0 Obed
14 108
14 107
13 108
river 0 Emory
15 108
14 108
river 0 Pigeon
19 107
19 108
20 108
river 0 S.  Fk.  Holston
24 104
24 103
24 104
23 104
22 104
river 0 Middle Fk.  Holston
25 103
26 102
river 0 Barren
10 105
10 104
9 104
river 0 Beech Fk.
15 100
14 100
13 100
river 0 Rolling Fork
14 101
13 101
13 100
13 99
river 0 Middle Fk.  Kentucky
21 101
20 101
21 100
20 100
river 0 Tug Fk.
25 96
25 97
25 98
26 98
26 99
river 0 Levisa Fork
25 96
25 97
24 97
25 97
24 97
24 98
23 99
24 98
24 99
24 100
25 99
river 0 Bluestone
30 97
30 98
29 98
29 99
28 99
river 0 Buckhannon
35 90
34 91
river 0 Shenango
37 82
37 81
37 80
37 79
river 0 Kiskiminetas
39 82
39 83
river 0 Conemaugh
39 83
40 83
river 0 French Creek
40 76
39 77
38 78
39 78
38 79
39 79
river 0 Sandusky
28 81
28 82
27 83
27 84
27 85
river 0 Killbuck
31 83
31 84
31 85
30 85
31 85
30 86
river 0 Fish
82 40
82 41
river 0 Allagash
81 41
80 42
79 43
79 44
river 0 E.  Br.  Penobscot
81 45
81 46
81 47
river 0 Mattawamkeag
82 47
83 46
river 0 Penobscot
81 47
82 47
81 48
80 49
81 49
80 50
river 0 Dead
75 51
76 50
river 0 Saco
74 59
73 59
73 58
72 58
72 57
71 58
river 0 Winnipesaukee
70 60
69 61
river 0 Swift
66 67
65 68
river 0 Canandaigua Outlet
50 69
51 69
51 68
river 0 Tonawanda Cr.
47 70
46 70
45 70
river 0 
58 70
57 71
56 71
55 72
river 0 Cohocton
49 72
49 73
river 0 Tioga
49 73
49 74
river 0 Chemung
51 73
50 73
49 73
river 0 N. Fk. S. Br. Potomac
38 89
38 90
37 90
37 91
36 92
river 0 S.  Fk.  S.  Br.  Potomac
38 91
38 90
39 89
river 0 North
38 92
39 92
river 0 Maury
35 96
36 95
36 94
river 0 Calfpasture
37 93
36 94
river 0 Jackson
35 94
34 95
34 96
35 95
river 0 Craig
34 96
33 97
river 0 York
42 93
43 92
43 93
44 93
44 94
45 94
river 0 Nottoway
41 97
41 98
42 97
43 97
43 98
river 0 Chowan
43 98
43 99
44 99
river 0 Flat
36 102
35 102
river 0 Waccamaw
34 111
34 112
33 112
34 112
33 112
32 113
31 114
river 0 Oconee
15 116
16 116
15 117
river 0 Coldwater
-8 117
-9 118
river 0 Coldwater
-7 117
-7 116
-6 116
-5 116
river 0 Forked Deer
-1 109
-2 110
-3 110
-4 111
river 0 S.  Fk.  Forked Deer
-2 112
-3 112
-3 111
river 0 Forked Deer
-3 111
-4 111
river 0 E.  Fk.  White
15 94
14 95
13 96
12 96
11 97
10 98
10 97
9 98
river 0 Driftwood
15 93
15 94
river 0 Big Blue
15 93
16 92
17 91
18 90
river 0 Big Muddy
0 103
1 102
2 102
2 101
river 0 Middle Fk.  Vermilion
10 89
10 90
10 91
11 90
river 0 Vermilion
11 91
11 90
river 0 Flint
28 73
28 74
28 75
river 0 Peshtigo
17 66
18 65
18 66
18 67
19 67
19 68
river 0 Michigamme
20 62
19 63
river 0 Brule
18 63
19 63
river 0 Chippewa
11 64
10 65
9 66
9 67
8 68
9 68
8 69
7 70
6 71
6 70
6 71
6 70
5 71
4 72
river 0 E.  Fk.  Chippewa
11 64
12 64
river 0 Grand
-10 90
-11 91
-12 92
-12 93
-11 93
-11 94
-10 94
-11 95
-10 95
-9 95
-10 96
-9 96
river 0 Nodaway
-11 89
-12 89
-12 90
-13 91
-14 92
-14 93
-14 94
river 0 Floyd
-13 82
-12 81
-11 80
-10 79
river 0 Little Osage
-17 103
-17 104
-16 103
river 0 Punta de Agua
-49 115
-49 114
-50 114
river 0 Medicine Lodge
-32 107
-32 108
-32 109
river 0 North Fork Solomon
-27 97
-27 96
-28 96
river 0 North Fork Solomon
-28 96
-29 96
-30 96
-31 96
-32 97
-32 96
river 0 North Fork Solomon
-32 96
-33 97
-34 97
river 0 South Loup
-23 89
-24 90
-24 89
-25 90
-26 90
-26 89
-27 89
-27 88
-28 88
river 0 Middle Loup
-28 85
-27 85
-27 86
-26 86
-25 86
-25 87
-24 87
-24 88
-24 89
-24 90
-23 89
-22 88
river 0 Lance
-35 78
-36 79
river 0 Beaver
-34 76
-34 77
-34 78
river 0 Cedar Creek
-23 65
-22 65
-23 66
-22 66
-21 66
-20 66
-19 65
river 0 Cannonball
-17 64
-18 64
-18 65
-19 65
-20 66
-19 65
-20 65
-20 64
-21 65
-21 64
-22 64
-23 64
river 0 
40 58
39 59
river 0 
17 40
18 39
river 0 
-17 43
-18 43
river 0 Girard
-24 52
-23 51
-24 51
-24 50
river 0 Poplar
-25 56
-25 55
-24 55
-24 54
-25 54
-24 53
-24 52
-24 51
river 0 Roseau
-1 51
0 51
1 51
0 52
1 52
2 52
3 52
2 52
river 0 
69 53
70 52
river 0 Yamaska
67 50
67 51
67 52
67 53
66 54
67 54
river 0 St. Francis
81 41
81 40
80 41
81 40
80 40
river 0 Matapédia
88 34
87 35
87 34
87 33
86 33
river 0 Cascapédia
90 30
90 31
91 31
90 32
91 32
river 0 Bonaventure
92 30
92 31
92 32
river 0 Petitcodiac
94 40
93 40
river 0 Kennebecasis
91 43
90 43
90 44
89 45
river 0 Mersey
93 49
92 49
river 0 LaHave
93 46
93 47
94 47
river 0 S.W.  Margaree
106 33
105 34
river 0 Northeast Margaree
106 33
106 32
river 0 Margaree
106 33
105 33
river 0 Jupiter
99 23
98 23
99 23
98 24
river 0 Victoria
117 19
118 18
119 17
119 16
river 0 Burnt Pond
117 20
118 20
117 21
118 21
117 22
river 0 Grey
119 18
119 19
118 20
119 20
118 21
river 0 Wetetnagami
61 38
61 39
river 0 Wetetnagami
61 39
60 39
60 40
60 41
59 41
river 0 
65 37
64 37
river 0 Saint-Cyr
61 42
61 41
river 0 Saint-Cyr
61 41
62 40
62 39
63 38
river 0 Opawica
61 38
61 37
river 0 Opawica
63 37
62 38
61 38
river 0 Obatogamau
63 36
64 36
65 36
river 0 
63 32
63 33
64 32
63 33
river 0 
60 35
60 34
river 0 
60 34
61 33
river 0 Marte
64 30
63 31
river 0 Marte
61 30
62 30
62 31
river 0 Tichégami
70 25
71 25
72 24
73 23
river 0 Eastmain
74 21
75 21
76 20
77 19
river 0 
59 31
60 30
river 0 
58 28
57 29
56 29
river 0 Jolicoeur
56 29
56 30
57 29
57 30
58 29
river 0 Normandin
66 38
66 37
67 37
68 37
68 36
69 36
river 0 Rivière du Chef
68 34
69 34
68 35
69 35
river 0 Ouasiemsca
70 33
70 34
70 35
70 36
70 37
71 37
river 0 Shipshaw
74 38
75 37
75 36
76 35
75 35
76 34
76 33
river 0 Racine de Bouleau
85 17
84 18
85 18
84 19
85 19
river 0 Lemay
84 26
84 25
river 0 Toulnustouc
86 25
86 24
86 23
87 22
river 0 Toulnustouc
86 26
85 27
84 28
85 28
84 29
river 0 Aux Rochers
88 25
88 26
89 25
river 0 Aux Rochers
88 24
88 23
river 0 Nipissis
92 18
92 19
91 20
river 0 Nipissis
91 23
91 22
92 21
91 21
92 20
91 21
92 20
91 21
91 20
river 0 Manitou
94 22
94 21
94 20
river 0 Magpie Ouest
93 16
94 16
94 17
94 18
94 19
95 19
96 18
river 0 
93 7
93 8
94 7
river 0 
90 9
91 8
river 0 
94 5
95 5
river 0 
96 8
96 9
97 9
river 0 Poissons
96 11
95 12
95 11
95 12
river 0 Poissons
94 11
94 10
river 0 Metchin
101 5
100 6
99 7
river 0 Minipi
105 7
105 6
104 7
105 6
104 6
river 0 Beaver
106 2
105 3
104 3
river 0 Crooked
107 1
107 0
river 0 East Natashquan
104 10
104 11
105 11
104 12
105 12
104 13
river 0 Musquaro
106 16
105 17
106 16
106 17
river 0 Napetipi
115 6
114 7
115 7
114 8
river 0 Pinware
119 2
119 3
118 4
119 4
river 0 Eagle
114 0
114 1
113 1
113 2
112 2
river 0 Eagle
112 1
111 1
112 0
river 0 
97 0
98 0
99 0
river 0 George
96 0
97 0
river 0 George
97 0
97 1
river 0 La Grande
79 16
79 15
river 0 
80 13
80 14
79 14
79 15
river 0 
84 14
83 15
river 0 
87 12
88 11
88 12
89 11
89 12
river 0 
78 10
77 10
river 0 
77 10
76 11
76 10
75 11
river 0 
73 11
74 11
river 0 
73 17
72 17
71 18
70 19
river 0 
70 19
69 19
68 19
river 0 
64 21
63 21
river 0 
63 21
63 20
river 0 Castor
56 23
57 23
58 23
59 22
river 0 Vieux Comptoir
57 26
58 25
59 25
river 0 Chauvreulx
66 16
67 16
68 15
69 15
70 14
71 14
72 13
river 0 Kanaaupscow
65 17
66 16
67 15
68 15
69 14
70 13
71 13
72 13
73 12
74 12
75 12
river 0 Châteauguay
84 0
83 1
river 0 Goodwood
88 4
88 3
87 3
river 0 Boutin
65 10
66 10
67 10
68 9
68 10
69 9
river 0 Troyes
69 8
68 8
67 8
river 0 Gué
76 3
77 3
77 2
78 1
79 1
79 0
river 0 
78 3
78 2
77 2
river 0 Mélèzes
75 1
75 2
76 2
river 0 
66 4
67 4
67 3
68 3
river 0 Batiscan
70 48
69 48
70 47
69 47
70 46
70 45
71 44
river 0 Matawin
65 48
66 47
66 48
66 47
67 47
68 47
river 0 Manouane
66 43
66 44
65 45
river 0 Gatineau
59 49
60 48
61 47
61 46
60 46
61 45
river 0 
56 45
56 44
river 0 
56 45
55 46
river 0 Harricana
54 46
53 46
53 47
river 0 Wawagosic
53 38
52 39
52 40
52 41
52 42
53 41
52 42
river 0 Rideau
58 56
57 57
58 57
57 58
57 59
56 59
river 0 Rideau
55 61
54 62
river 0 Scugog
46 65
47 64
river 0 Talbot
47 63
46 64
46 63
46 64
45 64
river 0 Otonabee
49 63
48 63
48 64
48 65
river 0 Severn
45 63
45 62
44 63
river 0 Trent
50 64
49 64
50 63
49 64
river 0 S.  Br.  Muskoka
45 62
44 62
river 0 S.  Br.  Muskoka
46 61
46 62
45 62
46 61
45 62
river 0 Gull
48 61
47 62
47 63
river 0 Moira
51 62
50 63
51 62
51 63
51 62
52 62
51 63
51 64
river 0 Mississippi
54 60
55 59
56 58
56 57
river 0 Opeongo
51 58
50 58
50 57
river 0 Blanche
47 48
47 49
48 49
48 50
river 0 
44 54
45 53
river 0 
45 54
46 54
45 55
river 0 Wanapitei
42 58
42 57
43 56
44 55
43 55
river 0 Wanapitei
43 55
43 54
43 53
river 0 Vermilion
43 54
43 55
42 56
41 56
41 57
40 58
river 0 Onaping
41 56
41 55
river 0 Boland
36 57
37 57
river 0 Wenebegon
36 56
36 55
37 55
37 54
river 0 Serpent
36 59
37 59
38 58
37 59
37 58
38 58
38 57
37 58
river 0 Garden
33 58
34 57
35 57
34 57
35 56
river 0 Batchawana
32 57
32 56
33 55
34 55
river 0 Frederick House
45 46
45 45
45 44
45 43
river 0 Little Abitibi
46 38
46 39
46 40
46 41
46 42
47 41
46 42
47 42
river 0 Woman
40 51
40 50
river 0 Wakami
40 51
39 52
39 51
39 52
38 52
38 53
river 0 Groundhog
40 50
41 49
42 48
41 48
42 47
41 48
41 47
river 0 North French
46 41
47 40
46 40
47 39
47 38
47 37
48 37
48 36
49 35
49 34
river 0 Kesagami
50 37
50 36
51 35
52 34
river 0 Pagwachuan
33 44
34 44
34 43
35 42
36 42
river 0 Esnagami
31 42
32 41
33 40
river 0 Kapikotongwa
28 42
28 41
29 41
30 41
30 40
30 41
31 40
30 41
31 40
31 41
river 0 Little Current
31 41
32 40
33 40
river 0 Aguasabon
27 50
27 49
river 0 Magpie
34 49
34 50
33 51
33 52
32 52
33 52
32 52
river 0 White
29 50
30 50
31 49
32 49
river 0 Pukaskwa
29 53
30 52
river 0 Cheepay
40 38
41 37
41 36
42 35
river 0 Missisa
40 28
40 29
39 29
39 30
39 31
38 32
river 0 
47 20
46 21
47 21
river 0 
47 21
48 20
48 21
river 0 Lakitusaki
48 21
47 21
46 22
45 22
river 0 
49 18
48 19
river 0 Attwood
26 39
27 39
river 0 Attwood
28 38
28 39
29 38
river 0 
28 36
28 37
river 0 Trading
27 36
26 37
25 38
26 37
26 38
river 0 
25 37
25 36
26 36
27 35
27 36
river 0 Fishbasket
32 31
31 32
river 0 
23 40
22 40
22 41
21 42
river 0 
26 38
26 39
river 0 Onaman
26 45
27 44
28 44
river 0 Black Sturgeon
23 50
24 49
23 49
23 48
river 0 Whitefish
18 53
19 53
river 0 
12 54
13 53
14 53
15 53
14 54
15 53
15 54
14 54
15 54
river 0 
18 53
18 54
river 0 Arrow
18 54
17 54
river 0 English
16 46
16 47
16 48
17 48
17 47
river 0 
10 51
9 51
10 51
river 0 
12 47
11 47
12 47
river 0 
12 41
13 41
12 41
river 0 Troutlake
13 42
13 43
14 42
14 41
river 0 Sturgeon
9 45
10 44
river 0 
8 50
9 49
10 49
river 0 
8 49
9 49
river 0 Whitemouth
4 50
4 49
3 49
4 48
4 47
4 46
river 0 Shagamu
38 19
39 18
38 18
39 17
39 16
river 0 
38 19
39 19
river 0 Severn
16 31
16 32
16 33
15 33
15 34
river 0 McInnes
15 34
16 34
15 35
river 0 
21 32
22 32
river 0 
24 32
23 32
river 0 Windigo
21 32
22 31
22 30
river 0 Windigo
21 34
22 33
21 33
20 33
21 33
21 32
river 0 MacDowell
20 33
20 34
19 35
river 0 Makoop
25 29
24 29
25 28
river 0 Blackbear
26 26
27 25
28 25
28 24
29 24
30 23
30 24
31 23
32 22
river 0 Wapaseese
26 25
27 24
28 23
29 22
30 22
river 0 
19 25
19 26
20 25
river 0 Seeber
20 28
21 28
20 28
21 27
river 0 Seeber
21 26
21 25
22 25
river 0 Stull
24 21
23 22
river 0 Stull
23 22
24 22
23 23
23 24
river 0 Red Sucker
23 22
22 23
21 24
river 0 Red Sucker
20 25
21 24
river 0 Red Sucker
19 26
19 27
river 0 
16 28
16 27
17 27
17 26
river 0 Mainland
13 29
14 29
14 28
15 28
river 0 
16 25
16 26
17 25
river 0 Semmens
21 22
20 23
20 22
river 0 Bigstone
20 19
19 20
18 20
17 21
16 22
river 0 
1 35
0 35
river 0 Red Deer
-2 33
-3 34
river 0 
0 28
-1 28
river 0 Machichi
28 13
28 14
29 14
28 15
29 15
28 16
29 16
river 0 Spruce
-13 32
-13 31
-12 31
-13 31
-12 30
-13 30
river 0 Stewart
-8 28
-8 29
river 0 Torch
-5 29
-5 28
-6 29
-7 30
-8 30
-8 29
-9 30
-9 29
-10 29
river 0 Mossy
-6 27
-5 27
-5 28
-4 27
-4 28
river 0 Sturgeon-Weir
0 26
1 26
1 25
river 0 Sturgeon-Weir
0 26
-1 27
-1 26
river 0 Sturgeon-Weir
-2 26
-1 25
-2 25
-1 24
-1 23
river 0 Sturgeon-Weir
-2 22
-2 21
river 0 Grassberry
-4 28
-3 27
river 0 Grassberry
-3 25
-3 26
river 0 Nipekamew
-6 23
-7 24
-8 25
-8 26
river 0 Deschambault
-4 24
-4 23
-5 24
river 0 Ballantyne
-6 26
-5 26
-5 25
-4 25
river 0 Little Churchill
18 16
18 15
19 15
19 14
20 14
20 13
21 13
21 12
22 11
river 0 Rat
11 16
10 17
9 18
river 0 Gauer
16 13
16 12
river 0 Gauer
14 15
13 15
13 16
river 0 
2 20
2 21
river 0 Kississing
3 22
4 22
4 21
5 20
river 0 Loon
3 19
4 18
river 0 Laurie
5 16
6 16
river 0 
4 13
3 13
3 14
river 0 
2 14
1 15
0 16
river 0 Pink
-1 16
0 15
1 15
1 14
2 14
river 0 
-1 17
-1 16
0 16
river 0 Wathaman
2 13
3 13
4 13
4 12
4 13
river 0 Wapiskau
0 19
0 18
-1 19
0 18
-1 19
river 0 Haultain
-8 19
-7 18
-7 17
-6 16
-5 16
-5 15
river 0 South Knife
21 8
22 7
23 7
24 7
25 6
26 5
river 0 South Knife
19 10
20 9
river 0 North Knife
20 8
20 7
21 7
22 6
22 7
23 6
22 7
23 6
23 7
24 6
25 6
25 5
26 5
river 0 Wolverine
20 4
20 3
river 0 Waterfound
4 7
3 7
4 7
4 6
5 6
6 5
river 0 Badwater
2 7
3 6
2 6
river 0 Hunter
1 7
0 7
-1 8
-2 8
-2 9
river 0 Pipestone
-1 8
0 8
0 7
1 7
1 6
2 6
river 0 
1 4
1 3
river 0 
1 3
0 3
river 0 Otherside
1 3
0 3
-1 3
-1 4
0 4
-1 5
river 0 Thlewiaza
12 3
13 3
13 2
river 0 Porcupine
8 0
8 1
7 2
6 3
5 4
river 0 
7 2
7 3
8 3
7 4
8 4
river 0 Striding
8 0
9 0
river 0 Chipman
6 1
7 0
river 0 Grease
1 2
2 2
3 2
3 1
river 0 Grease
3 0
4 0
river 0 
94 8
94 7
river 0 
95 5
94 6
river 0 
94 6
95 6
river 0 Rideau
56 59
55 60
55 61
river 0 
45 63
45 64
river 0 Wathaman
4 13
5 12
5 13
river 0 
8 50
7 51
6 51
5 52
river 0 
7 49
8 49
river 0 Onaman
25 45
26 45
river 0 Red Deer
-2 39
-2 38
-1 37
-1 36
0 35
0 34
0 33
-1 33
-2 33
river 0 
63 21
62 22
63 21
river 0 
63 21
62 22
62 23
river 0 
10 51
9 52
9 53
river 0 
15 28
16 28
river 0 Deschambault
-4 25
-4 24
river 0 Deschambault
-5 24
-5 23
-6 24
-6 23
river 0 Sturgeon-Weir
-1 26
-2 26
river 0 Sturgeon-Weir
-1 23
-1 22
-2 22
river 0 Poissons
96 12
96 11
river 0 Poissons
95 12
95 11
94 11
river 0 Loon
2 20
3 19
river 0 
85 13
84 14
river 0 Makoop
25 28
26 27
river 0 English
15 46
16 46
river 0 Thlewiaza
13 2
14 2
river 0 Gauer
16 13
15 14
14 14
14 15
river 0 Kesagami
49 39
50 38
49 38
50 37
river 0 Opawica
63 38
63 37
river 0 
59 35
60 35
river 0 Eagle
112 2
112 1
river 0 Kanaaupscow
64 18
64 17
65 17
river 0 Racine de Bouleau
85 19
85 20
84 21
85 20
85 21
river 0 Gatineau
58 51
59 50
59 49
river 0 
81 29
81 30
82 29
river 0 North Fork Salt
-5 95
-4 95
river 0 Illinois
-23 114
-24 115
river 0 Bryant
-12 109
-12 110
-13 111
river 0 Indian
29 64
30 63
river 0 Black
30 63
30 64
river 0 Middle Fork Little Red
-14 114
-13 114
river 0 Etowah
12 116
11 116
11 117
11 116
river 0 Hiwassee
13 111
12 111
river 0 Clinch
14 109
15 108
river 0 Middle Fk.  Holston
24 104
25 103
river 0 
79 44
79 45
river 0 Coldwater
-8 117
-7 117
river 0 O'Sullivan
59 39
60 38
river 0 Marte
62 31
63 31
river 0 Toulnustouc
86 26
86 25
river 0 Aux Rochers
88 24
88 25
river 0 Manitou
94 19
93 20
94 20
river 0 
94 7
94 8
river 0 Churchill
96 7
97 6
97 7
river 0 Musquaro
106 16
106 15
106 14
river 0 
83 16
84 15
83 15
river 0 
77 10
77 11
77 10
river 0 
74 11
75 11
river 0 Châteauguay
82 2
83 1
river 0 
65 49
65 48
river 0 
55 46
56 46
river 0 
49 64
48 65
river 0 
47 64
47 63
river 0 
49 63
48 63
river 0 
48 63
47 63
47 64
river 0 Attwood
28 38
27 39
river 0 Fishbasket
33 30
33 31
32 31
river 0 
17 52
18 52
river 0 
12 53
11 54
12 54
river 0 Chukuni
13 42
12 43
13 43
river 0 
12 41
12 42
river 0 
13 40
12 41
river 0 Chukuni
12 42
13 42
river 0 
22 32
23 32
river 0 Seeber
21 27
21 26
river 0 Stull
22 25
23 24
river 0 Red Sucker
19 26
20 25
river 0 
16 26
16 27
15 27
river 0 
16 26
16 27
17 26
river 0 
0 28
-1 29
river 0 Grassberry
-3 27
-2 26
river 0 Grassberry
-3 26
-3 27
-2 26
river 0 Hughes
9 12
8 13
river 0 
-1 16
0 16
river 0 
-5 20
-4 19
river 0 Wapiskau
-1 18
-1 19
river 0 South Knife
21 8
20 9
river 0 Waterfound
4 7
3 8
river 0 Grease
3 0
3 1
