136 119
106 104 108 112 -105 96 112 3 -41 108 99 65 65 0 64 56 55 6 -70 49 54 45 41 36 47 44 31 36 0 -1 -1 -1 -7 -4 -4 -4 -4 -6 -9 -4 -4 -4 -7 -4 -8 -4 -3 -2 -2 -1 -6 -9 -8 -4 -3 -6 -6 -4 -3 -7 -12 -6 -2 -1 -1 0 32 41 55 56 61 74 77 54 82 85 91 89 58 81 87 88 90 70 108 0 49 0 111 100 113 102 116 106 119 90 116 118 104 118 108 90 66 55 97 82 70 94 76 0 -7 102 104 90 85 65 72 68 26 8 0 0 -4 -9 -13 -18 -26 -13 -20 -28 -13 -13 -16 -16 -20 -20
84 100 111 114 111 117 102 99 102 108 107 100 102 101 85 89 15 -91 30 84 82 74 64 60 50 38 33 30 -1 -1 -1 -1 -3 -3 -7 -4 -4 -8 -4 -4 -4 -4 -4 -4 -4 -4 -3 -1 -1 -7 -7 -8 -3 -4 -4 -7 -4 -6 -11 -9 -3 -1 -1 -1 -1 -1 37 47 44 56 65 55 0 67 83 94 82 79 95 68 99 97 96 49 107 0 38 0 91 105 107 110 112 120 113 116 118 117 118 119 119 104 101 89 90 71 68 45 42 -16 41 119 96 90 95 78 94 45 70 71 41 0 -73 -3 -13 -25 -12 -13 -23 -14 -11 -14 -18 -22 -20 -16
-1 -101 65 96 102 110 101 95 100 102 114 106 101 96 88 61 85 9 38 85 89 81 82 68 53 48 27 29 0 -1 -1 -1 -1 -3 -3 -4 -4 -6 -3 -8 -4 -4 -4 -4 -4 -7 -4 -2 -1 -6 -9 -7 -4 -4 -6 -4 -6 -3 -1 -7 -31 -1 -1 -1 -1 -1 -1 -1 54 54 59 61 -67 49 88 90 81 74 90 101 87 83 102 97 89 88 48 94 91 118 120 113 114 119 112 114 112 108 56 113 112 81 99 95 114 110 96 30 64 8 0 112 99 0 96 95 105 94 93 77 85 61 -2 -1 -9 -8 -13 -13 -23 -21 -13 -13 -17 -21 -20 -54
67 67 58 31 10 67 38 100 100 105 107 111 106 95 105 93 87 81 93 79 81 74 76 55 42 44 32 31 53 -1 -1 -1 -1 -1 -1 -3 -1 -4 -39 -4 -4 -6 -4 -2 -4 -6 -3 -3 -1 -4 -6 -8 -7 -4 -3 -7 -3 -2 -7 -7 -44 -1 -1 -1 -1 -1 -1 -1 47 59 53 0 61 81 73 74 88 81 97 101 93 87 110 116 105 117 105 88 71 108 104 111 96 83 112 119 116 120 81 106 110 99 106 119 119 114 82 96 38 0 49 118 89 89 104 44 96 97 111 58 55 48 -103 0 -4 -4 -17 -22 -22 -26 -13 -13 -13 -16 -13 -13
100 95 93 77 79 0 72 85 100 106 105 105 101 99 101 95 91 54 79 82 76 71 67 62 56 43 33 29 0 -1 -1 -1 -1 -1 -1 -1 -1 -4 -4 -3 -4 -3 -4 -4 -4 -7 -4 -4 -1 -6 -4 -8 -6 -4 -3 -4 -4 -6 -7 -4 -8 -1 -1 -1 -1 -1 -1 -1 -64 47 66 55 71 81 0 70 70 88 93 105 102 106 99 110 116 106 112 99 83 114 108 120 114 44 78 119 114 -128 117 -41 -1 -128 31 114 120 107 97 102 67 99 99 81 87 106 111 89 101 94 94 105 33 0 0 0 -12 -4 -8 -22 -18 -23 -12 -18 -14 -34 -13 -14
108 105 102 89 74 96 97 95 99 111 106 95 45 94 97 88 74 82 73 67 82 70 64 58 47 48 33 33 0 -70 -69 0 -1 -1 -1 -1 -1 -8 -3 -1 -4 -7 -4 -6 -4 -4 -3 -6 -1 -4 -4 -7 -4 -6 -3 -7 -3 -3 -3 -3 -1 -128 -1 -1 0 -1 -1 -1 -1 55 62 62 68 73 77 76 93 90 102 26 47 93 105 108 118 100 118 118 116 117 114 93 118 84 -124 108 114 93 31 -60 -39 95 117 120 88 101 105 84 87 104 71 96 118 118 118 89 95 81 83 74 0 14 25 0 -84 -4 -16 -21 -17 -13 -16 -44 -28 -13 -14 -18
114 118 114 104 77 94 104 102 104 39 94 91 82 76 79 95 104 56 73 79 74 77 81 82 62 47 37 30 37 30 32 37 -39 -1 -1 -1 -1 -1 -3 -7 -1 -8 -4 -3 -4 -3 -4 -4 -1 -7 -8 -9 -6 -4 -3 -6 -8 -6 -7 -7 -1 -1 -1 -1 -1 -1 -1 -1 -1 -93 61 59 67 79 0 58 97 21 84 87 30 88 113 119 120 113 118 106 117 114 122 117 119 110 27 -126 0 82 -79 -128 108 111 104 107 100 102 100 71 102 116 110 110 96 99 97 97 87 67 87 7 73 -1 0 33 0 0 -4 -28 -13 -25 -4 -8 -1 -34 -13 -13
116 119 118 87 99 105 105 107 104 39 -39 101 99 85 94 100 87 81 81 74 72 78 82 73 52 49 37 38 37 0 36 36 0 -1 -1 -1 -1 -4 -4 -1 -1 -1 -9 -4 -3 -2 -3 -3 -4 -1 -6 -4 -4 -3 -4 -3 -3 -3 -7 -2 -1 -30 -1 -1 -1 -1 -1 -1 -1 0 0 67 79 9 -1 -41 79 0 106 110 112 105 117 117 116 116 91 112 108 112 117 118 102 118 88 58 112 -128 -79 116 104 106 106 90 77 105 60 94 110 33 0 93 88 73 60 93 79 59 3 -18 -1 -114 77 36 -4 -14 -16 -13 -12 -25 -1 -3 -17 -20 -14 -13
119 120 110 87 99 104 104 113 114 8 -1 38 105 105 94 107 104 59 93 94 83 84 84 74 78 59 47 37 33 35 38 35 36 -1 -1 -1 -1 -1 -1 -30 -1 -1 -2 -3 -4 -4 -6 -4 -1 -1 -4 -6 -6 -4 -6 -4 -4 -6 -4 -6 -1 -1 -120 -78 -1 -1 -1 -1 -1 -1 -94 68 70 77 91 73 93 85 97 119 116 93 106 104 119 112 90 0 0 111 118 112 117 112 104 95 100 100 0 36 73 116 110 96 106 117 108 97 105 118 96 93 85 84 97 81 73 43 0 -20 -1 -1 0 79 0 -28 -13 -13 -53 -13 -1 0 -1 -4 -20 -14
118 95 104 110 113 119 117 112 87 -83 87 101 0 50 97 95 91 87 81 83 77 83 76 77 78 61 55 44 32 36 33 36 32 -1 -1 -1 -1 -1 -1 -1 -1 -1 -1 -1 -1 -1 -1 -1 -1 -7 -6 -7 -4 -4 -3 -3 -4 -4 -7 -7 -2 -1 -1 4 -91 -1 -1 -1 -1 -65 30 76 76 79 93 88 91 91 110 91 -122 104 112 114 3 111 0 110 119 116 117 117 113 117 111 120 119 108 30 102 0 120 116 113 120 113 106 116 107 106 112 110 67 89 72 62 16 0 -18 -1 -6 -63 99 52 -13 -9 -25 -31 -21 -1 -102 24 33 -17 -13 -17
112 120 118 100 106 120 111 118 105 0 0 94 31 -114 77 96 99 61 90 82 78 89 81 77 82 64 64 48 49 33 35 36 33 32 -1 -1 -1 -1 -1 -1 -1 -1 -1 -1 -1 -1 -1 -1 -1 -3 -7 -8 -4 -6 -3 -3 -4 -6 -3 -6 -3 -1 -28 0 0 0 -1 -1 -1 -3 41 65 72 77 79 93 99 107 104 27 -39 104 108 117 122 112 107 -124 97 110 114 114 112 112 116 119 119 116 119 117 118 110 118 118 94 113 118 106 107 112 118 119 101 85 94 68 53 4 -22 -1 -6 -14 35 111 0 83 38 0 -14 -82 -107 0 36 0 -23 -1
112 44 -60 -101 112 114 110 105 108 93 83 -54 -1 27 101 96 85 85 89 78 64 30 74 78 58 64 54 59 50 33 32 36 37 30 -1 -1 -1 -1 -1 -6 -1 -1 -1 -1 -1 -1 -1 -1 -1 -1 -6 -8 -3 -3 -3 -3 -1 -3 -6 -3 -1 -1 0 0 -82 -1 -1 -11 -7 13 76 74 78 83 83 94 99 107 0 0 105 107 112 112 119 111 106 -44 -128 -128 89 97 112 117 114 111 116 118 101 99 42 -100 94 110 106 111 105 102 112 117 118 104 117 94 77 67 29 0 -3 -1 -18 -1 87 91 0 0 0 -107 -102 0 27 21 22 -126 -1 0
119 101 -83 15 105 117 111 113 101 104 87 -65 -1 84 100 97 94 55 81 84 60 -88 62 0 67 59 61 47 66 52 33 36 36 33 0 -1 72 33 37 0 -1 -1 -1 -1 -1 -1 -1 -1 -1 -1 -1 -7 -6 -4 -3 -1 -1 -1 -8 -4 -3 -1 -1 0 0 -110 -1 -11 -2 0 55 68 78 82 81 99 106 99 95 101 106 108 107 112 119 118 119 100 0 112 105 -128 95 117 114 110 118 113 95 114 -81 0 47 110 38 88 116 117 108 100 118 116 111 90 95 41 29 9 -3 -20 -27 -13 88 73 64 0 62 0 36 15 20 43 22 29 -114 12
113 118 119 118 118 117 119 105 108 93 76 -1 -39 90 93 85 95 81 77 68 -37 49 65 4 59 59 62 59 62 50 33 32 30 21 -107 33 37 37 38 10 31 0 0 -1 -1 -1 -1 -1 -1 -7 -6 -4 -3 -4 -1 -1 -1 -1 -3 -3 -3 -1 -1 -7 -1 -3 -4 -3 68 52 58 64 76 85 87 85 99 93 105 107 111 108 111 110 110 118 102 -128 119 118 0 -128 52 0 104 114 118 102 0 106 117 120 117 119 105 118 120 118 111 100 77 82 79 82 84 36 16 54 -1 -35 -13 -13 91 104 43 64 45 61 59 58 22 48 44 0 27 -87
110 118 119 107 119 118 113 106 100 101 89 74 -1 89 93 87 84 50 81 56 -59 68 -1 73 62 66 60 53 65 52 30 30 29 35 33 37 39 36 37 39 12 39 37 31 13 -1 -1 -1 -1 -1 -6 -7 -3 -4 -1 -1 -1 -1 -1 -1 -1 -1 -1 -1 -3 -14 -6 -2 0 42 53 65 74 85 83 88 102 106 108 105 102 113 110 114 119 119 111 117 44 0 104 43 105 25 116 118 117 97 110 0 119 110 114 111 119 119 120 118 114 94 85 52 67 61 50 36 24 59 -1 -32 -34 -2 -1 96 54 59 55 66 48 18 58 64 70 49 53 0
118 118 112 114 118 110 110 104 99 99 68 -89 84 96 88 85 84 78 -39 -55 83 65 77 67 62 61 59 59 54 38 36 36 37 37 37 38 38 35 37 38 37 37 38 36 29 -1 -1 -1 -1 -1 -3 -2 -3 -3 -1 -1 -1 -1 -1 -1 -4 -1 -8 -23 -16 -8 -6 2 43 54 61 65 84 93 90 76 90 99 105 106 99 111 118 104 0 0 74 -128 74 116 117 112 118 108 104 89 117 117 117 119 116 100 110 118 118 107 100 119 88 81 70 56 39 37 35 39 0 -12 -23 -16 -3 -1 0 60 37 4 87 58 59 54 41 61 54 56 55 0
113 112 120 118 112 117 108 102 102 95 -128 -1 90 101 94 82 76 45 30 62 72 77 82 64 68 60 50 44 0 39 29 36 31 36 37 38 37 36 52 41 25 36 35 33 39 33 0 -1 -1 -1 -1 -1 -1 -1 -1 -1 -1 -1 -1 -1 -1 -1 -1 -1 -3 -4 -79 25 0 41 54 70 64 70 56 62 89 102 87 97 0 0 0 0 -114 110 110 96 116 96 94 114 104 119 112 116 96 117 106 107 110 116 114 89 116 87 97 84 105 97 78 61 31 33 26 16 -1 -27 -20 -13 -13 -2 -1 89 30 48 83 9 74 87 61 68 70 55 53 0
117 104 120 117 117 105 108 105 106 78 35 97 97 99 87 67 0 76 74 82 81 79 76 68 65 50 43 2 3 36 36 32 37 37 39 42 44 44 52 48 41 36 33 32 33 37 41 39 15 0 -1 -1 -1 -1 -1 -1 -1 -1 -1 -1 -1 -1 -1 -2 -1 0 31 35 42 45 42 0 47 47 73 67 62 8 81 0 107 102 118 116 112 119 -128 -112 47 72 114 119 112 114 114 110 112 118 112 107 107 105 117 108 78 117 95 89 91 67 54 42 32 25 0 -6 -20 -1 -17 -14 -3 -2 -1 0 45 101 31 83 74 61 21 58 56 8 20 0
107 89 114 106 102 105 104 113 105 104 94 95 93 90 91 62 15 44 77 82 76 76 62 60 54 7 0 48 47 50 44 38 29 37 37 41 49 43 47 47 45 42 43 33 38 38 38 38 38 37 38 14 -1 -1 0 30 36 0 30 -1 -1 -1 -1 -4 -16 -128 31 37 39 42 49 52 31 -96 65 1 -1 -59 0 89 108 111 110 113 111 119 112 38 -37 89 93 116 116 100 93 106 7 104 119 116 117 113 117 113 111 105 117 91 95 53 43 15 21 0 -2 -20 -7 -1 -35 -14 -14 -3 -1 15 82 0 67 74 77 73 53 27 44 0 7 0
87 99 89 108 106 112 111 101 99 81 95 93 72 90 85 82 66 81 83 74 71 60 60 55 56 60 55 52 49 47 38 37 47 43 36 36 29 38 38 43 13 37 39 29 36 32 36 35 33 35 36 0 38 37 37 37 36 36 26 -1 -1 -1 -1 -1 -28 -28 29 31 45 0 44 58 -67 0 0 -128 -64 43 85 32 107 104 105 114 118 119 119 118 108 107 119 100 116 100 59 102 -78 102 117 112 105 114 114 123 99 118 90 79 42 10 0 -4 -7 -1 -20 -22 -21 -14 -55 -14 -3 -1 -1 94 87 104 83 101 68 82 26 0 0 2 0 -7
116 110 0 38 88 100 102 102 104 100 99 93 62 24 85 76 -8 0 72 74 77 71 55 56 60 61 60 54 53 50 43 41 45 42 42 33 33 30 36 37 36 38 38 33 33 33 39 38 37 33 37 32 38 37 38 37 38 36 35 0 -1 -1 -72 -1 -1 -1 -1 -128 37 48 38 0 -84 -91 -37 -42 67 91 91 102 101 100 114 112 117 110 117 111 119 108 114 114 118 104 107 37 102 106 88 123 100 116 101 89 113 93 99 59 19 0 -2 -4 -18 -17 -21 -13 -18 -13 -16 -53 -12 -2 -1 0 0 91 107 84 70 70 10 0 -91 -18 9 -8
104 100 106 102 105 96 16 94 94 90 82 76 88 87 82 81 77 77 78 73 68 64 49 58 61 58 52 42 56 50 48 48 49 47 36 36 39 37 36 37 21 35 31 31 35 33 36 37 35 33 33 36 38 37 35 37 36 35 25 -1 -1 -1 -1 -1 -1 -1 -1 -128 0 0 29 -53 0 -84 60 76 81 90 84 91 97 106 119 117 100 105 119 120 102 90 100 85 48 0 0 -41 71 101 102 110 113 114 118 101 68 58 35 0 -1 -36 -18 -7 -20 -13 -13 -3 -13 -13 -14 -13 -3 -1 0 -1 106 100 94 72 49 21 -36 -6 -61 33 3 -13
118 105 104 101 100 0 -97 74 88 19 71 91 84 88 73 84 79 45 81 73 68 60 55 58 58 59 0 14 56 55 53 53 45 48 45 36 37 35 38 39 37 33 35 37 36 36 35 35 33 35 35 31 41 44 42 38 32 35 35 30 -1 -1 -1 -1 -1 -1 -1 -1 13 36 3 41 58 0 0 78 88 89 93 95 111 102 108 111 110 120 117 112 107 100 24 -128 111 114 43 97 76 97 119 95 113 99 77 89 62 16 0 -2 -13 48 4 39 37 0 22 0 -1 -12 -22 -21 -13 -3 -1 -1 70 118 87 44 0 -7 -37 -2 -16 0 -7 -12
112 107 107 96 78 -1 73 105 100 67 0 84 84 26 73 79 83 87 73 68 62 56 0 24 60 60 64 61 54 53 52 48 50 52 48 45 42 42 39 39 38 42 41 43 43 38 36 36 37 35 37 37 38 45 44 35 32 32 37 36 -1 -1 -1 -1 -1 -31 -1 -1 30 31 47 59 61 0 52 68 76 88 91 106 111 111 99 107 116 114 113 106 117 100 94 32 119 87 0 -86 102 99 99 118 84 65 76 27 37 -17 -56 20 32 39 58 60 37 37 14 -2 -21 -28 -23 -18 -14 -3 -7 72 119 21 -13 -12 -3 -34 -12 -1 -128 -4 -13 -4
-58 111 112 112 97 91 42 85 89 0 25 87 89 85 87 82 83 50 71 70 64 55 15 43 0 15 67 31 19 53 49 -1 0 53 56 54 49 52 49 47 47 15 43 43 47 45 43 33 35 38 38 33 37 41 39 48 32 32 37 36 0 -1 -1 -1 -1 -1 -1 -1 88 36 33 52 61 56 13 58 71 84 96 96 87 100 90 97 102 120 91 100 95 116 116 110 79 107 117 102 99 105 117 96 84 70 0 0 -18 -35 -2 -1 -6 -3 84 6 0 -1 -1 -37 -30 -25 -18 -21 -21 -13 -13 -1 102 45 -25 -17 -3 -16 -12 -3 -1 -11 -6 -6
118 112 116 108 117 120 81 85 -1 73 87 62 70 87 81 76 74 79 74 66 59 56 -106 0 60 65 53 50 58 52 22 48 55 61 56 62 59 58 58 55 54 48 45 44 42 43 35 37 36 38 33 35 31 32 33 30 31 32 33 33 0 -1 -1 -1 -1 -1 0 -1 -1 35 36 47 56 56 55 2 71 77 85 84 93 94 96 100 113 89 117 112 111 111 108 83 85 117 102 88 91 119 123 120 95 2 -12 -7 -20 -25 -27 -22 -16 -22 -21 -22 -26 -26 -23 -18 -14 -13 -17 -17 -18 -31 -14 -2 0 -14 -23 -11 -2 -13 -1 -1 -1 -3 -3 -1
117 114 112 90 49 118 119 99 93 85 84 70 32 76 83 78 82 44 70 70 61 64 45 60 66 66 60 62 56 54 33 60 60 65 59 61 65 64 65 60 60 54 54 53 47 47 42 38 36 38 38 36 35 35 31 31 32 32 33 36 33 -1 0 33 -2 -1 -32 -1 -1 0 36 39 45 44 60 64 59 77 84 88 93 94 91 97 119 110 95 104 104 119 108 119 117 59 117 0 97 107 101 117 65 3 -20 -22 -20 -20 -23 -13 -14 -14 -14 -13 -13 -21 -21 -13 -13 -13 -12 -13 -16 -18 -40 -25 -31 -22 -27 -21 -20 -28 -3 -1 -1 -1 -1 -1
118 108 96 83 117 113 82 97 99 77 79 74 76 79 26 9 62 64 71 61 62 13 50 67 26 0 62 64 59 64 64 65 65 66 68 62 67 72 66 10 60 42 53 55 52 49 45 43 39 41 38 37 36 36 36 35 32 32 35 33 22 27 36 36 18 -1 -34 -1 -1 -1 27 38 48 61 70 74 74 83 87 85 101 100 104 108 19 -74 117 106 114 104 0 21 112 71 96 0 81 111 108 71 67 -64 -20 -16 -13 -13 -75 45 44 0 -14 -13 -17 -18 -13 -12 -2 -1 -1 -1 -21 -22 -44 -12 -14 -18 -14 -22 -17 -17 -2 -1 -1 -1 -1 -1
119 114 117 114 111 107 95 99 91 78 0 -27 8 60 49 0 55 0 13 65 67 52 33 59 65 65 68 68 68 66 24 59 66 70 72 64 70 73 72 59 58 6 19 66 59 54 52 52 50 47 45 42 36 36 36 33 32 30 31 33 36 33 -1 -1 -1 -1 -1 -1 -1 -1 -1 35 39 62 61 61 65 87 84 87 74 88 94 110 14 -40 114 118 100 107 21 96 91 119 91 79 -81 70 77 85 97 1 -30 -21 -13 36 77 107 88 24 0 -6 -3 -1 -1 -1 -1 -1 -1 -1 -1 -1 -30 -35 -13 -18 -13 -14 -17 -14 -13 -13 -13 -1 -1 -1
119 96 108 118 108 107 97 91 72 59 74 45 0 -23 0 70 -84 -89 74 52 19 -107 48 67 70 73 72 74 72 15 -1 0 74 77 77 74 71 76 68 77 71 38 65 58 61 60 60 56 52 49 45 41 37 36 33 32 29 33 37 35 37 36 0 -1 -1 -1 -1 -1 -1 -77 0 36 45 55 55 71 58 84 89 0 31 97 99 78 -20 95 110 112 111 95 106 90 113 110 114 71 14 70 0 104 60 0 -13 -13 64 83 120 99 83 64 0 -1 -1 -1 -1 -1 -1 -1 -128 -1 -1 -20 -3 -34 -12 -13 -13 -14 -16 -20 -17 -14 -14 -26 -1 -1
119 112 110 112 117 112 106 91 7 62 70 74 73 73 73 0 -128 0 74 60 -1 -1 -55 55 67 68 76 72 73 72 68 70 76 77 78 82 81 73 76 72 78 78 59 67 73 68 68 62 59 53 50 45 43 42 39 39 35 33 37 37 36 37 32 0 -1 -1 -1 -1 -69 -86 -1 36 39 48 61 65 66 84 93 85 84 91 88 84 -41 107 117 119 106 119 94 0 120 104 74 113 95 85 78 21 38 0 -21 -1 60 111 85 108 102 66 0 -1 -1 -1 -1 -1 -1 -1 -1 -1 -1 -1 4 0 -28 -3 -13 -13 -14 -25 -22 -13 -13 -14 -14 -14
113 102 100 96 93 95 79 -9 77 76 79 99 74 82 67 -55 -1 16 60 -49 -1 -1 -1 62 72 74 78 78 77 77 77 77 71 82 85 78 76 84 78 83 82 76 78 58 26 66 62 61 58 56 48 45 48 47 45 43 32 32 36 33 38 35 29 33 0 -1 -1 -22 -1 -1 0 36 42 64 64 15 71 87 81 85 84 76 87 31 96 107 97 112 120 107 99 43 114 70 42 114 116 96 52 0 -30 -12 4 74 82 97 113 104 68 0 -1 -1 -1 -1 -1 -1 -1 -1 -119 -1 -1 -1 102 0 -36 -11 -2 -2 -13 -13 -18 -20 -18 -16 -16 -14
116 105 48 100 93 0 94 79 89 95 122 81 82 77 70 66 0 -1 -1 -36 -1 -1 -1 -1 66 74 76 82 77 82 81 79 81 30 13 0 66 79 79 82 72 74 47 67 64 65 73 72 68 61 55 54 53 53 22 42 39 27 32 35 36 33 37 38 38 38 0 -1 -1 0 0 27 41 58 68 70 0 68 88 89 82 87 89 107 -126 107 111 89 117 116 100 101 101 88 -42 -102 111 70 79 0 -11 -13 49 111 79 120 90 70 60 0 -1 -120 -1 -1 -1 -1 -1 -1 -1 -1 -1 -1 0 77 -1 -11 -1 -1 -16 -16 -3 -17 -14 -17 -16 -13
97 106 102 112 110 107 104 102 111 118 94 76 81 81 0 -1 -13 41 16 13 -65 -1 -1 -39 72 74 78 81 84 84 85 83 85 82 76 84 81 83 84 25 18 78 82 83 77 77 74 67 68 61 53 54 53 52 41 39 31 36 30 33 35 36 37 36 37 35 0 -1 -1 38 30 32 52 66 53 -93 0 78 83 88 0 -128 107 3 0 99 89 104 102 84 101 101 26 -124 117 102 100 91 24 -13 -14 35 83 104 111 85 76 65 64 14 0 -1 -1 -1 -1 -1 -1 -1 -1 -1 -1 -1 108 10 0 0 -1 -16 -23 -13 -4 -2 -7 -20 -13 -13
0 114 118 119 114 113 118 113 117 102 96 84 87 74 74 -44 -94 -39 3 77 1 -1 -1 -1 54 71 76 81 84 90 85 87 89 85 85 84 87 94 95 96 87 85 87 88 83 76 74 49 18 60 58 53 53 55 54 41 32 31 31 35 36 36 36 36 31 32 27 16 1 0 37 32 35 61 77 3 18 79 84 99 100 -128 84 100 0 82 102 99 95 94 95 94 106 111 116 99 81 85 25 -27 -1 52 95 49 94 71 0 33 27 0 35 0 -1 -1 -1 -1 -1 -1 -1 -1 -1 -1 3 64 -124 19 -41 -9 -4 -2 -1 -4 -11 -1 -14 -18
107 119 117 118 119 118 119 119 117 110 102 111 114 99 78 73 0 -1 76 66 -46 -1 -1 -1 58 73 78 83 85 85 91 89 89 89 89 97 97 100 101 100 93 85 62 83 81 73 77 78 71 67 62 50 50 49 47 48 35 36 33 36 35 36 33 31 33 26 0 38 8 0 30 47 60 71 77 81 78 0 89 88 94 77 61 89 26 96 110 89 89 60 97 85 94 119 118 101 81 60 0 -1 37 90 90 94 39 72 97 45 35 25 21 -1 -1 -1 -1 -1 -1 -1 0 0 -1 -1 43 0 3 0 -22 -2 -6 -1 -1 -11 -1 -1 -1 -65
112 120 119 114 113 117 117 116 118 116 117 119 106 104 74 77 72 -106 16 76 67 13 -63 -1 -65 55 76 82 83 87 94 95 99 99 97 97 101 101 102 96 100 99 99 88 87 82 83 82 81 76 64 52 50 45 49 43 39 33 32 37 35 36 31 33 31 33 35 36 39 41 37 39 59 74 73 21 64 0 82 68 66 87 91 70 90 102 104 102 85 81 60 74 87 106 99 114 93 91 0 -1 56 81 91 96 48 62 72 102 56 45 27 0 0 -1 15 -1 -1 -1 26 -119 -1 -1 0 31 14 -105 -3 -41 -1 -1 -8 -2 -1 -1 -1 -45
119 116 107 119 117 114 114 119 112 108 108 118 96 78 79 77 47 -39 48 77 66 56 -1 -1 4 68 78 84 85 90 87 88 94 101 96 105 107 2 102 99 101 99 66 88 85 95 82 79 82 77 61 56 49 49 44 44 30 35 35 36 36 33 33 30 35 37 39 55 49 48 44 56 71 76 66 0 31 47 81 100 94 93 87 87 106 104 87 81 60 48 54 66 88 111 96 89 82 37 47 70 70 97 70 66 88 81 101 83 31 25 24 36 -1 18 0 0 37 0 26 0 -1 0 0 0 -17 -3 -2 -25 -1 -9 -6 -1 -1 -14 -55 -82
118 119 118 118 116 116 116 117 117 112 117 111 105 100 102 85 73 -73 2 65 72 68 0 0 -49 -1 71 81 83 85 94 96 87 97 100 101 104 101 0 101 94 99 93 99 91 91 71 78 78 68 68 62 56 53 50 48 32 35 36 35 44 47 31 30 36 36 38 64 14 33 71 72 73 74 55 1 -128 0 85 87 85 87 0 0 97 104 105 99 84 61 24 -1 0 41 0 0 45 16 64 7 91 79 97 79 70 74 105 96 81 29 33 30 30 0 -1 -1 -1 -1 -1 -1 -1 43 41 0 18 -18 -1 -12 -18 -1 -1 -1 -1 -28 -65 -78
117 117 119 118 117 119 118 117 111 108 113 111 122 119 112 84 61 -82 32 15 64 0 60 62 -44 -94 72 82 85 91 99 96 94 102 102 100 107 30 89 101 100 99 101 99 89 94 82 78 77 78 72 65 56 49 47 36 37 35 36 48 53 37 27 36 35 39 55 72 62 74 53 66 76 72 71 72 59 79 77 88 93 91 102 102 107 111 120 123 112 59 29 0 61 62 66 97 97 24 70 100 52 78 74 56 85 78 114 90 52 30 38 25 33 0 0 21 -1 -114 0 0 53 36 31 1 -21 -6 -4 -4 -32 -1 -11 -1 -1 -75 -82 -91
118 116 116 110 118 118 117 117 118 117 114 111 117 114 114 94 82 37 1 4 -45 27 67 61 4 44 0 77 83 89 97 99 106 106 99 102 105 97 0 90 101 39 83 65 95 95 85 78 84 83 85 73 68 59 52 49 45 31 37 44 50 47 30 36 37 42 64 76 49 82 72 73 74 77 78 74 77 91 89 87 96 104 102 114 94 107 100 117 107 108 96 85 96 106 120 122 76 108 67 68 0 84 0 62 66 76 73 101 67 31 31 19 37 26 0 26 35 36 37 26 47 36 42 0 -17 -14 -2 -1 -3 -36 -7 -16 -3 -55 -82 -91
106 110 100 118 118 117 113 113 114 117 118 117 120 108 110 88 74 26 73 16 56 74 68 66 49 -117 -39 79 83 90 89 101 93 88 -1 96 94 106 90 30 21 74 99 100 91 93 82 -82 37 83 81 74 72 64 54 53 41 33 41 55 52 45 42 45 32 66 70 79 84 48 76 79 78 82 73 82 83 79 89 95 104 101 105 33 -128 25 111 110 119 113 106 106 116 118 114 113 67 0 45 113 101 0 55 49 48 59 77 54 26 41 25 35 19 47 0 0 45 68 33 31 41 19 0 -3 -2 -3 -1 -1 -6 -1 -1 -1 -67 -89 -87 -91
100 114 114 118 118 116 99 117 111 110 118 118 118 113 113 97 83 39 60 70 -67 53 77 68 66 48 -1 60 84 88 96 100 99 97 97 94 99 102 97 94 88 99 105 91 94 93 96 22 78 90 85 89 82 76 59 54 49 41 37 48 35 37 61 59 60 58 74 76 82 83 43 74 83 83 81 83 78 76 82 93 105 90 66 0 -128 -126 0 107 119 107 84 102 108 119 107 105 81 0 8 110 93 96 48 76 45 0 105 72 52 43 22 0 42 58 14 0 48 0 0 35 52 25 -46 -16 -4 -6 -2 -1 -1 -1 -84 -7 -55 -81 -88 -75
117 107 113 119 118 117 105 113 105 113 120 118 114 122 119 114 102 82 79 68 30 70 79 65 54 -1 -1 79 84 93 99 105 104 94 96 96 104 99 27 95 104 105 105 65 93 99 89 72 89 87 87 84 81 77 64 50 20 42 55 67 67 70 65 58 61 67 71 76 78 82 83 85 88 90 81 83 77 83 0 105 105 19 87 82 101 119 105 112 93 88 88 111 113 114 105 83 72 -1 85 0 99 111 81 61 68 0 60 70 29 15 0 41 56 67 0 0 55 29 30 38 9 -16 -14 -8 -4 -3 -1 -1 -1 -1 -36 -64 -74 -92 -92 -92
116 114 114 111 108 116 116 120 113 104 118 118 117 112 110 112 113 79 85 82 68 -1 54 76 74 15 -51 53 83 89 97 100 105 88 95 79 10 89 58 93 100 100 104 105 96 93 85 -1 -106 83 93 58 55 52 78 73 68 72 74 71 72 70 62 64 68 64 72 71 84 73 79 71 77 87 89 84 88 82 78 112 95 106 107 106 113 113 118 116 119 96 88 91 93 118 116 90 68 0 105 100 90 110 81 60 72 59 0 33 30 16 37 42 37 0 -1 61 13 33 37 21 0 -6 -13 -2 -3 -4 -1 -1 -1 -1 -44 -88 -91 -89 -94 -94
101 117 111 117 118 111 113 118 114 108 118 118 114 116 118 111 113 107 82 74 53 -1 19 76 62 -1 54 71 32 95 89 85 71 101 96 38 -39 -87 27 97 106 47 102 107 100 64 -45 -39 -93 88 99 89 0 78 77 82 83 87 79 77 76 76 72 68 65 76 76 76 83 77 -98 0 19 87 85 84 95 87 91 91 110 118 114 106 119 116 107 100 105 90 68 95 96 95 77 61 0 93 117 0 110 90 60 77 59 43 0 48 43 47 41 22 1 -1 -1 41 58 52 0 0 -3 -12 -3 -3 -2 -1 -1 -1 -1 -44 -67 -82 -92 -89 -92 -89
112 114 113 118 118 114 110 117 114 116 117 117 117 112 114 119 117 82 78 81 76 21 -1 66 62 62 62 72 72 88 79 81 0 78 102 101 105 95 81 24 67 4 95 112 96 88 20 -1 -1 76 89 89 32 84 93 79 83 84 87 82 88 79 77 73 71 77 71 81 78 78 77 30 66 0 95 89 78 78 85 89 114 89 107 104 117 111 118 97 105 105 104 74 94 77 41 45 0 72 108 90 82 78 68 110 70 54 42 0 0 47 45 10 -64 -1 -1 54 60 27 0 -1 -1 -9 -18 -4 -6 -2 -1 -1 -1 -45 -49 -82 -92 -97 -93 -93
112 111 78 83 81 81 76 107 113 112 117 117 118 114 112 114 107 101 96 77 71 64 67 68 65 67 71 49 48 56 55 32 83 97 99 94 97 93 93 100 96 106 112 112 95 81 0 -37 -39 106 101 90 91 82 85 96 96 85 85 88 89 78 77 81 78 84 79 83 0 81 90 83 79 81 96 91 85 88 85 112 82 88 107 101 96 118 104 114 104 104 95 93 41 39 0 33 50 102 100 0 84 72 0 59 43 36 53 37 39 26 3 0 -1 -1 45 53 31 15 -2 -14 -13 -13 -13 -3 -1 -1 -1 -12 -39 -74 -79 -84 -102 -93 -91 -102
113 113 112 105 117 117 117 116 114 116 111 112 112 113 113 97 107 58 99 96 85 79 70 66 66 67 76 81 85 91 100 76 0 107 99 97 99 104 108 106 106 114 114 114 77 104 89 73 68 110 111 85 96 90 78 93 93 93 100 87 99 84 100 89 88 82 85 83 71 81 93 90 79 76 87 91 79 89 77 21 71 -44 26 111 91 97 101 120 106 110 114 94 41 27 0 37 79 84 66 101 105 67 74 60 50 29 43 32 36 33 0 -3 -4 -1 0 33 25 21 0 -17 -12 -3 -31 -13 -1 -1 -1 -11 -64 -73 -89 -91 -98 -92 -92 -98
107 112 113 111 113 117 119 116 116 110 89 108 114 106 106 106 106 94 93 94 85 78 67 67 66 68 79 84 87 82 -44 -37 4 94 99 99 101 105 111 110 112 117 117 116 118 96 83 83 67 99 94 84 71 74 82 84 104 104 101 99 95 72 81 100 85 83 90 87 83 83 79 42 79 87 79 24 85 87 -128 -46 71 -40 94 102 87 93 117 100 105 114 82 42 21 0 35 77 107 71 85 118 100 60 38 32 20 43 38 30 24 0 -1 -8 -1 0 53 25 0 0 -16 -11 -13 -9 -3 -1 -1 -1 -27 -54 -82 -92 -87 -97 -93 -92 -102 -87
112 110 114 111 112 112 113 113 114 112 112 108 111 108 105 107 111 65 100 100 105 89 73 68 66 68 79 90 88 93 0 -39 59 -84 96 106 94 113 104 114 116 117 110 116 113 108 110 85 81 -1 -78 -103 -40 -1 -53 76 108 118 105 105 99 0 91 93 96 93 96 95 96 95 83 82 25 71 78 64 87 93 93 93 96 90 33 62 0 81 101 104 112 114 110 49 1 0 37 45 102 78 112 107 78 74 96 61 37 24 37 32 22 15 0 -1 -7 0 37 27 31 0 -3 -13 -16 -13 -14 -3 -1 -1 -34 -54 -73 -91 -88 -92 -94 -92 -89 -101
100 101 111 96 100 111 114 114 112 114 112 111 111 112 112 118 120 118 110 108 116 84 71 67 66 78 85 102 90 74 -74 -49 -41 95 97 105 93 100 107 96 0 111 -89 0 113 114 118 85 -1 -1 -1 -1 -1 -1 3 113 104 106 88 88 96 105 104 104 96 104 104 97 97 89 99 84 64 19 81 94 91 93 101 97 89 95 71 8 31 78 71 117 95 97 31 12 26 37 36 70 101 108 102 0 118 94 70 49 24 39 26 24 0 -4 -3 -16 -1 0 32 30 0 -67 -3 -3 -6 -3 -8 -4 -32 -53 -65 -83 -91 -96 -81 -94 -93 -97 -94 -93
97 93 94 108 110 37 0 0 0 0 0 0 112 108 108 118 116 82 116 112 112 107 77 10 0 0 0 0 0 0 -1 -42 79 97 78 -40 76 91 102 101 100 107 113 107 102 99 102 -91 -55 -1 -1 -1 -1 -1 -1 -39 108 107 74 89 89 110 106 105 105 99 102 95 104 91 106 113 83 83 0 0 84 88 89 111 91 100 81 73 81 79 70 89 72 113 71 26 0 37 41 50 90 90 113 84 89 108 47 26 26 31 32 21 0 -3 -14 -14 -2 -1 0 0 14 -3 -1 -11 -1 -1 -7 -8 -55 -64 -73 -82 -91 -98 -92 -91 -93 -96 -107 -94
95 112 110 112 110 106 110 106 118 118 118 112 117 110 110 113 105 110 113 118 116 117 79 70 67 77 83 87 85 89 90 62 0 96 96 -108 -128 82 99 104 108 104 118 110 116 76 -79 -56 -1 -1 -1 -1 -1 -1 -1 -1 19 -1 0 100 105 118 114 106 111 101 102 104 99 106 102 78 22 74 0 -128 74 94 91 99 77 77 74 66 84 99 66 77 110 88 22 0 36 35 47 65 52 110 111 76 118 44 0 24 54 10 0 0 -3 -18 -11 -7 -1 -1 -1 -1 -1 -16 -12 -2 -1 -14 -42 -54 -39 -69 -82 -91 -98 -96 -88 -89 -101 -97 -91 -91
91 111 112 104 107 96 120 118 114 107 111 118 116 113 112 108 111 79 110 108 114 118 112 74 70 71 82 89 90 99 101 93 93 90 89 90 79 29 0 0 108 110 73 119 97 108 19 -1 -128 -1 -1 -1 -1 -1 -1 -1 -89 -40 -1 89 118 104 113 110 117 113 105 110 89 91 104 74 85 60 79 60 67 93 99 87 84 95 71 77 58 67 89 60 59 58 26 0 9 37 45 93 82 110 0 107 120 102 48 21 41 30 0 -69 -2 -16 -16 -3 -4 -3 -1 -1 -1 -1 -2 -1 -4 -31 -64 -63 -72 -82 -91 -89 -98 -96 -91 -87 -93 -96 -100 -96
104 96 107 90 117 114 96 114 105 114 111 116 118 114 112 112 116 119 108 110 112 114 84 71 70 73 89 89 90 96 94 85 94 97 96 100 106 102 102 105 113 79 120 118 36 -100 -1 -128 -1 -1 -1 -1 -1 -1 -1 -1 -1 -1 -1 -51 99 108 119 117 105 114 108 114 0 97 79 83 73 87 91 82 78 90 64 85 71 66 79 67 62 68 62 48 22 29 -124 0 36 32 59 0 108 85 113 119 39 38 32 39 18 0 -3 -12 -11 -21 -13 -4 -3 -1 -1 -1 -1 -13 -1 -9 -45 -61 -68 -72 -81 -89 -89 -87 -96 -91 -87 -93 -97 -96 -91 -103
0 -128 0 0 0 0 73 0 78 2 85 108 114 116 113 112 113 82 116 107 111 112 110 87 70 68 77 91 94 96 83 -128 41 96 100 100 99 101 106 99 107 120 119 96 0 -1 -1 -1 -1 -1 -1 -1 -1 -1 -1 -1 -1 -1 -1 -1 79 107 120 100 113 111 119 112 95 99 82 76 72 41 26 54 83 84 77 58 48 66 45 70 78 71 45 19 37 31 0 19 41 0 41 81 100 99 94 102 61 85 26 30 0 -83 -1 -1 -14 -13 -18 -14 -18 -3 -1 -1 -9 -4 -1 -7 -44 -65 -68 -77 -89 -89 -87 -87 -96 -94 -98 -94 -91 -94 -92 -91
108 111 116 114 114 85 90 97 113 97 35 108 112 117 118 117 116 118 111 108 111 112 104 82 70 71 83 90 94 90 38 41 108 107 104 106 101 107 112 114 120 111 53 -1 -1 -1 -1 -1 -1 -49 -117 -1 -1 -1 -1 -1 -1 -1 -1 -44 -114 97 100 106 106 112 108 77 96 77 65 61 0 -56 0 89 96 87 96 83 66 52 43 37 24 19 35 33 26 29 0 83 21 -42 74 88 119 91 96 97 33 39 21 0 -128 -2 -8 -3 -3 -20 -13 -4 -4 -12 -3 -1 -1 -1 -6 -46 -69 -77 -79 -86 -87 -87 -92 -94 -92 -100 -92 -94 -92 -96 -94 -91
82 112 112 113 111 100 116 116 117 101 84 -106 112 112 112 119 118 83 117 112 108 106 112 94 81 73 76 89 96 102 106 106 106 102 104 106 112 112 116 117 118 91 0 -1 -1 -1 -1 -1 -1 -4 -56 -1 -1 -1 -1 -1 -1 -1 -1 -59 -1 0 102 104 96 104 105 79 66 62 72 59 61 65 71 91 108 105 106 99 68 47 44 55 47 42 33 30 35 7 56 116 95 18 0 112 97 73 104 113 66 43 4 1 -26 -6 -12 -3 -16 -11 -3 -4 -23 -3 -3 -9 -17 -4 -8 -54 -74 -78 -88 -87 -88 -84 -98 -93 -93 -94 -87 -94 -93 -93 -93 -93
108 111 110 105 93 113 113 113 117 113 107 84 41 0 110 111 118 119 116 113 111 106 110 87 78 71 78 96 101 108 0 95 41 62 -128 104 96 104 111 114 72 -1 -1 -1 -1 -1 -1 -46 83 -84 26 0 -1 -1 -1 -1 31 58 62 13 0 -115 0 0 35 -70 -63 -41 -96 -55 -103 -1 56 77 85 97 113 110 107 112 78 85 66 85 39 31 32 35 39 79 117 91 78 3 15 96 113 70 107 67 42 26 24 -77 -49 -6 -8 -8 -4 -8 -7 -4 -23 -23 -25 -13 -16 -21 -67 -73 -79 -88 -88 -87 -94 -93 -92 -93 -93 -96 -93 -97 -92 -91 -89 -106
108 111 105 99 95 112 113 116 110 97 113 110 110 102 0 117 112 83 119 119 110 110 106 90 83 76 74 85 99 110 106 104 24 -56 99 84 62 96 106 107 62 -1 -1 -105 -1 -1 -65 55 96 60 104 99 42 -1 -40 -128 79 78 61 71 66 50 0 -44 -1 -1 -42 -102 27 -124 -1 -1 -1 -128 72 89 89 105 108 113 104 94 91 82 47 9 31 30 33 67 117 105 116 77 0 89 96 82 113 39 21 7 21 0 -16 -6 -1 -7 -8 -8 -3 -7 -8 -18 -13 -13 -3 -3 -31 -72 -79 -89 -88 -87 -94 -93 -93 -89 -92 -100 -96 -87 -91 -97 -93 -124
102 91 108 117 111 110 106 102 108 102 107 114 114 114 0 111 114 117 114 113 113 108 107 91 76 73 78 94 111 116 105 99 100 106 101 53 95 102 110 -53 -13 76 27 -86 -1 47 99 91 105 120 108 108 71 82 73 60 61 68 0 49 39 -128 -46 -56 -44 -37 -102 3 -96 -1 -1 -1 -1 -44 0 84 89 96 95 97 83 84 71 58 42 19 0 31 71 105 120 122 88 101 0 112 112 78 112 31 50 27 22 -2 -3 -14 -4 -9 -9 -14 -4 -4 -14 -2 -1 -1 -1 -1 -65 -83 -89 -87 -92 -92 -93 -91 -89 -89 -96 -97 -96 -93 -92 -119 -100 -96
102 87 100 114 112 107 105 114 104 106 111 113 102 112 93 91 117 78 118 116 108 108 107 94 79 76 76 91 105 113 111 105 95 106 85 45 64 104 84 60 61 85 73 60 93 108 112 101 117 108 113 101 91 90 65 67 50 45 -39 -1 -1 -1 -1 -1 -1 -1 -1 -1 -1 -1 -1 -1 -1 -1 -1 50 68 82 85 89 79 71 60 45 45 21 0 14 64 105 108 119 114 78 31 67 77 83 99 74 32 26 33 0 -8 -16 -20 -17 -17 -13 -3 -3 -14 -1 -1 -1 -1 -1 -30 -82 -88 -91 -96 -97 -93 -93 -91 -93 -97 -97 -97 -93 -125 -100 -97 -98
88 111 111 111 105 102 108 107 107 110 111 114 119 105 102 0 107 120 117 113 112 107 104 87 82 77 79 107 108 106 105 100 97 79 72 95 104 85 83 100 97 85 87 91 118 108 120 117 116 100 104 90 78 66 41 12 -1 -1 -56 -1 48 42 25 -1 -1 -1 -1 -1 -1 -1 -94 -1 -1 -1 -65 -128 48 73 84 78 66 59 44 36 0 -51 0 56 88 102 105 89 88 87 83 112 113 67 112 77 55 27 26 -117 -1 -12 -17 -13 -13 -3 -4 -20 -1 -1 -1 -1 -1 -2 -67 -89 -86 -91 -96 -94 -87 -87 -98 -97 -97 -97 -110 -98 -100 -98 -87 -101
114 105 111 100 110 91 110 110 107 110 102 113 113 108 117 104 102 82 112 113 112 110 102 99 85 87 78 85 106 102 107 105 96 52 96 -1 82 85 96 79 84 106 113 112 116 118 118 116 117 116 101 74 81 66 -77 -1 -1 -1 -1 -1 0 58 62 70 56 -58 -1 -1 -1 -1 -1 -64 -128 -1 -1 -59 77 -1 65 72 52 43 27 0 -111 -1 -1 53 119 82 119 112 118 119 37 61 117 56 71 106 43 30 31 16 -1 -1 -8 -13 -4 -4 -8 -13 -1 -1 -1 -1 -1 -7 -67 -89 -87 -87 -94 -94 -91 -93 -93 -97 -96 -114 -92 -103 -98 -100 -103 -81
111 97 106 105 102 110 101 95 107 110 112 116 108 99 117 -94 111 117 117 108 105 104 102 96 85 81 82 88 102 110 110 99 94 66 104 89 84 77 76 84 89 99 105 114 116 118 116 117 117 112 83 71 65 22 -1 -1 -1 -1 -1 30 59 79 77 61 55 -1 -1 -1 -1 -1 -1 0 0 55 42 74 0 44 72 73 70 19 -1 -58 -1 -1 -1 104 96 106 119 101 94 96 22 77 104 78 78 84 36 32 26 0 -1 -69 -46 -14 -14 -6 -3 -1 -1 -1 -1 -1 -1 -3 -83 -89 -89 -98 -94 -93 -98 -97 -102 -106 -94 -94 -91 -100 -96 -98 -94 -51
106 108 104 104 102 93 107 94 104 106 106 113 104 112 117 100 93 81 111 112 114 106 100 97 91 89 83 82 94 101 104 105 95 76 99 91 74 77 81 84 89 105 101 105 113 117 74 113 118 118 95 70 62 43 -1 -1 -1 -1 -1 -41 74 102 96 70 68 52 -1 -1 -1 -1 -1 -1 66 107 116 62 78 67 64 62 1 -1 -1 -1 -1 -1 -1 37 64 74 88 105 85 67 21 48 107 93 32 49 88 35 32 37 30 -1 -1 -110 -2 -3 -6 -1 -1 -1 -1 -1 -1 -1 -81 -91 -87 -92 -94 -93 -97 -103 -93 -93 -91 -91 -98 -98 -97 -98 -98 -79
105 105 97 100 93 105 102 102 108 106 107 105 116 108 108 104 100 104 107 119 107 101 101 102 100 89 59 83 94 106 106 89 90 66 76 79 81 74 101 110 99 113 95 102 113 110 111 111 117 96 71 52 44 -1 -44 -1 -1 -41 0 20 100 91 100 82 70 0 -1 -1 -1 -1 -1 72 93 118 104 30 74 79 0 -1 -1 -1 -1 -1 -1 -1 44 37 18 45 71 32 53 85 36 112 106 88 31 60 71 36 33 31 36 0 0 -1 -1 -4 -2 -1 -1 -1 -1 -1 -1 -45 -92 -83 -94 -93 -93 -115 -96 -94 -91 -89 -87 -91 -91 -97 -97 -101 -100 -107
101 102 106 104 101 81 87 102 107 112 107 116 113 117 110 95 -125 84 119 117 105 102 101 102 113 117 15 87 90 88 97 97 96 88 0 68 66 74 82 99 88 88 83 95 107 106 96 107 106 91 67 59 44 -1 -53 -1 -1 -1 67 67 95 97 95 101 67 53 -1 -1 -1 -1 -1 54 84 104 116 102 27 38 7 -1 -1 -1 -45 2 1 36 39 38 66 111 108 105 117 114 87 32 71 112 32 39 48 45 14 0 10 -1 -6 -1 -1 -1 -3 -1 -1 -1 -1 -1 -12 -67 -92 -91 -96 -96 -102 -89 -94 -97 -89 -92 -91 -86 -97 -98 -98 -96 -94 -105
73 102 102 101 84 94 102 89 99 104 99 113 114 113 113 16 105 111 113 105 105 101 104 118 120 102 83 88 88 85 90 94 93 81 74 47 0 83 84 82 93 84 88 95 106 106 93 101 88 77 73 56 -1 35 -1 -1 -1 58 90 85 100 91 101 70 55 -1 -1 -60 -1 -1 -1 89 94 106 91 84 49 0 -1 -1 38 44 45 47 49 41 41 0 118 97 120 94 97 96 52 64 99 95 21 64 33 33 16 -128 -1 -83 -1 -20 -1 -1 -1 -1 -1 -1 -1 -12 -65 -81 -89 -89 -93 -93 -92 -100 -97 -92 -86 -94 -92 -93 -92 -96 -97 -88 -101 -91
102 82 102 97 78 99 100 105 96 96 101 105 105 105 94 119 79 73 107 110 106 97 101 120 118 117 100 79 78 82 88 90 91 83 78 78 77 -128 73 97 93 83 68 88 95 99 100 91 94 71 71 62 0 61 -1 -1 -1 -1 73 105 97 90 95 58 49 -45 -51 56 25 -1 -1 -46 90 97 89 82 67 3 -1 0 41 64 61 55 72 33 -98 0 83 111 114 111 108 113 117 14 105 94 44 26 41 22 10 0 -1 -1 -1 -1 -20 -1 -1 -1 -1 -1 -8 -44 -67 -83 -119 -97 -69 -78 -91 -82 -93 -96 -98 -93 -79 -100 -92 -83 -91 -89 -100 -108
93 100 90 100 87 91 105 97 106 105 107 107 113 112 93 82 102 114 114 112 101 101 111 118 119 118 112 87 87 85 88 89 84 83 82 71 68 0 0 90 56 83 79 87 94 90 56 88 79 71 70 55 72 37 -1 -1 -1 55 85 95 78 74 61 55 30 -1 53 67 24 -1 -1 59 95 88 74 54 42 58 53 27 60 102 87 101 99 0 49 96 107 106 118 119 116 93 39 42 45 61 26 37 20 0 -1 -1 -1 -1 -1 -1 -34 -1 -1 -1 -1 -26 -74 -91 -53 -92 -94 -97 -92 -98 -78 -92 -94 -86 -97 -68 -94 -93 -59 -79 -101 -60 -50 -106
87 89 96 97 99 94 99 96 100 113 97 95 106 97 0 -88 82 87 106 106 101 102 101 116 113 119 117 112 89 87 81 84 87 83 83 73 79 76 78 60 0 76 85 94 70 79 82 85 96 66 67 13 67 58 -1 -1 -1 -1 76 81 82 82 61 56 50 36 58 67 61 8 -1 0 70 87 78 70 60 41 19 -1 0 97 112 112 111 83 97 116 82 93 107 118 118 110 68 27 58 42 41 21 3 -73 -70 -1 -1 -1 -1 -1 -1 -1 -1 -1 -11 -54 -94 -89 -92 -91 -96 -94 -87 -89 -91 -101 -88 -97 -93 -96 -105 -100 -84 -106 -103 -97 -103 -107
94 97 95 99 88 108 107 95 108 107 112 104 95 119 108 -117 107 114 116 110 105 101 106 119 112 112 116 119 95 87 88 84 81 81 68 88 78 85 90 60 76 68 84 89 89 81 7 88 68 62 64 65 77 2 -1 -1 -1 58 74 91 87 65 61 60 55 61 71 68 62 -1 0 67 72 76 61 54 -1 -1 -1 3 114 120 116 113 118 114 90 87 114 114 120 97 88 110 33 59 25 39 0 -1 -100 0 -1 -1 -1 -1 -1 -1 -1 -1 -1 -17 -88 -83 -89 -84 -87 -98 -96 -91 -88 -100 -94 -96 -97 -89 -91 -88 -96 -83 -103 -102 -97 -101 -100 -102
89 91 83 93 93 85 89 94 110 107 114 112 106 108 110 107 0 67 112 111 119 105 99 106 118 119 116 118 117 113 91 89 82 82 74 85 89 95 85 90 91 74 48 59 67 85 79 35 71 72 78 73 89 58 -1 -1 -1 -1 62 68 77 74 61 54 56 61 73 76 67 53 44 65 62 55 22 18 -119 -1 -1 99 116 106 96 119 116 112 120 106 77 79 95 93 100 99 47 61 24 6 48 0 16 -9 -1 -1 -1 -1 -1 -7 -8 -12 -50 -44 -75 -70 -84 -86 -84 -92 -97 -92 -84 -105 -89 -89 -92 -92 -86 -89 -87 -100 -89 -101 -103 -101 -96 -100
84 91 94 95 85 55 62 104 104 106 108 99 100 108 111 119 116 0 0 107 110 100 102 107 118 117 119 112 116 114 105 100 85 82 84 88 93 101 90 97 100 88 60 32 101 83 85 78 76 76 78 84 74 3 -1 -1 -1 -1 52 71 73 65 60 66 66 71 78 65 56 0 56 61 2 -1 -1 -1 -1 -1 100 106 101 101 0 105 106 99 119 120 113 77 55 117 95 71 68 16 26 0 22 0 -1 -1 -1 -1 -1 -12 -8 -58 -41 -83 -67 -82 -70 -86 -84 -83 -82 -93 -88 -87 -87 -91 -92 -91 -96 -94 -93 -100 -97 -98 -96 -94 -98 -98 -97 -92
85 90 85 74 93 64 73 76 99 83 108 97 114 114 117 116 105 77 120 -64 120 97 99 102 113 113 118 119 113 120 106 104 95 89 87 85 94 97 105 100 99 89 79 18 91 95 84 81 79 77 71 90 78 50 -1 -1 -1 -1 -1 58 67 72 65 68 74 71 84 71 45 -37 16 54 3 -1 -1 -1 -1 9 112 113 112 105 100 101 97 113 97 108 119 102 62 119 77 58 65 41 31 0 0 -1 -1 -1 -1 -1 -1 -1 -72 -42 -53 -74 -108 -73 -78 -86 -83 -83 -86 -97 -96 -89 -87 -96 -89 -94 -93 -97 -94 -91 -98 -97 -97 -97 -101 -103 -96 -97
77 91 81 79 91 64 58 79 84 97 105 99 114 116 106 116 108 101 24 100 107 107 101 105 114 117 106 117 113 117 112 112 97 94 89 100 100 91 99 100 93 77 88 0 84 70 79 60 73 72 72 81 64 0 -1 -1 -1 -1 4 64 71 76 76 76 78 78 81 55 0 20 44 -1 -1 -1 -1 -42 72 105 117 104 107 116 106 120 100 99 65 56 66 72 111 87 55 53 35 19 0 -1 -1 -1 -1 -1 -1 -39 -31 -55 -74 -79 -78 -73 -84 -82 -84 -81 -82 -86 -96 -91 -88 -89 -93 -91 -92 -98 -96 -91 -91 -87 -100 -97 -98 -97 -96 -96 -97 -96
79 81 85 73 84 88 76 76 107 89 112 105 110 108 114 114 118 83 114 78 102 114 112 101 106 111 106 105 104 111 110 106 97 99 90 94 99 93 90 96 94 91 94 78 36 83 76 49 89 72 70 77 70 60 -46 -1 -1 -1 -1 43 68 77 77 74 79 79 77 52 0 48 44 -1 -1 -1 -1 41 83 97 94 102 0 119 123 117 85 93 73 114 48 67 117 70 49 41 47 32 37 30 -1 -1 -1 -23 -1 -1 -25 -65 -73 -73 -83 -82 -74 -84 -86 -78 -83 -94 -96 -91 -89 -89 -98 -92 -93 -96 -92 -89 -88 -89 -98 -98 -96 -97 -84 -86 -86 -86
85 93 73 91 101 94 77 101 89 107 104 108 111 111 114 113 116 118 116 101 79 111 105 102 114 93 97 108 101 110 105 107 91 94 93 93 97 89 82 94 90 88 85 64 87 89 87 77 79 72 79 78 67 55 -1 -1 -1 -1 16 61 71 77 79 83 84 74 59 43 -1 -1 -1 -1 -1 -17 82 87 89 99 68 83 108 119 111 83 96 88 104 67 72 90 68 47 58 31 32 38 31 0 -34 -1 -1 -1 -1 -25 -65 -81 -69 -82 -79 -72 -82 -86 -81 -81 -86 -96 -89 -91 -89 -98 -83 -101 -98 -89 -91 -89 -89 -89 -97 -86 -84 -86 -86 -96 -102 -102
68 88 90 93 91 79 97 102 102 100 101 99 100 95 108 111 107 74 106 113 114 -128 100 99 104 104 96 95 107 104 111 101 97 91 88 90 97 90 82 81 83 89 78 72 56 0 71 73 82 67 72 82 68 68 0 -1 -1 -1 -1 48 79 77 82 85 90 70 55 49 -1 -1 -1 -1 -1 29 94 61 85 93 111 47 85 119 116 114 104 120 61 71 59 85 36 42 20 30 20 36 3 22 -1 -1 -1 -1 -1 -14 -64 -82 -86 -86 -74 -74 -79 -91 -83 -82 -93 -94 -93 -91 -89 -98 -96 -88 -100 -89 -93 -87 -86 -87 -86 -86 -86 -91 -93 -91 -97 -101
81 87 89 93 89 102 82 91 106 100 93 95 97 104 97 100 110 113 110 94 102 83 0 0 0 0 67 105 93 105 96 96 95 93 88 95 99 83 78 76 83 91 82 89 82 0 76 49 77 71 67 73 66 55 -1 -1 -1 -1 59 78 78 77 83 82 65 64 59 50 45 -91 0 50 71 90 94 78 81 93 106 95 96 110 116 119 94 56 67 50 54 56 33 67 42 9 0 36 30 0 -1 -1 -1 -1 -11 -55 -83 -78 -79 -68 -81 -75 -86 -83 -91 -91 -93 -92 -91 -89 -93 -100 -93 -94 -88 -92 -98 -97 -89 -89 -86 -87 -98 -92 -102 -101 -102 -97
62 90 29 84 81 89 65 101 104 88 93 99 100 102 97 110 107 71 106 116 117 119 110 105 118 108 96 47 79 96 94 106 94 94 90 89 95 94 85 81 76 76 78 78 83 81 21 61 73 72 66 74 79 72 58 10 -1 -1 32 64 72 74 85 84 70 61 56 60 56 55 59 71 72 79 88 84 88 84 88 85 -128 99 118 119 84 95 71 81 31 44 8 24 29 20 24 36 33 0 -1 -1 -1 -1 -17 -55 -75 -77 -82 -87 -70 -65 -84 -84 -117 -92 -88 -91 -91 -92 -94 -97 -93 -93 -94 -89 -89 -97 -84 -87 -89 -88 -87 -88 -101 -100 -98 -103
85 79 84 76 81 82 83 79 83 95 97 97 96 101 102 101 111 112 114 117 118 112 116 119 116 114 95 81 43 90 99 97 94 90 93 87 88 84 85 84 78 68 74 76 72 58 58 0 71 67 76 76 58 61 49 0 -21 56 64 66 76 81 83 71 56 56 61 62 61 76 79 87 87 82 87 97 94 0 -128 7 84 101 113 96 113 82 33 48 39 56 48 36 9 0 33 36 22 -1 -1 -1 -1 -1 -55 -82 -86 -79 -77 -77 -65 -84 -86 -94 -89 -88 -89 -92 -92 -98 -92 -91 -89 -86 -92 -89 -98 -94 -91 -86 -87 -87 -94 -101 -97 -107 -97 -94
64 64 91 91 79 85 78 81 84 89 91 90 96 93 93 100 101 67 107 112 111 116 117 114 116 118 110 100 50 83 102 108 97 90 87 89 81 83 79 76 71 79 67 68 72 65 55 0 47 64 68 60 58 58 64 54 59 65 61 72 71 76 70 68 64 61 66 72 74 81 85 91 84 93 82 94 97 58 85 58 85 120 108 100 81 48 53 91 47 65 42 26 0 0 0 0 0 -1 -1 -1 -1 -1 -75 -81 -84 -69 -75 -77 -81 -97 -94 -92 -87 -87 -86 -91 -93 -98 -94 -100 -97 -91 -92 -98 -97 -98 -84 -93 -87 -92 -88 -82 -92 -94 -103 -100
49 90 73 91 82 84 84 90 94 94 89 91 90 91 95 101 102 106 106 106 110 116 116 118 107 112 110 96 68 97 104 107 99 93 88 84 83 74 79 76 68 72 62 68 62 61 0 52 58 68 50 52 45 52 68 64 58 60 66 67 74 70 68 68 65 65 70 78 74 85 102 83 84 90 76 89 95 0 97 68 94 85 113 89 71 93 55 99 56 38 6 0 29 36 25 -1 0 -1 -1 -1 -1 -46 -82 -83 -75 -74 -78 -81 -86 -92 -87 -91 -105 -84 -87 -92 -100 -98 -91 -83 -96 -86 -101 -98 -98 -92 -86 -89 -91 -92 -91 -107 -91 -84 -84 -83
55 95 89 91 90 97 81 79 90 91 93 89 89 91 99 101 105 68 110 110 114 116 119 118 119 108 118 105 93 73 94 108 105 99 83 82 72 79 73 79 77 70 64 55 58 0 24 59 32 50 53 53 48 53 58 56 58 61 62 67 71 72 70 70 70 70 74 81 76 78 84 87 76 71 81 85 95 49 66 65 87 118 118 81 82 61 36 59 43 59 15 9 0 30 36 27 -1 -1 -1 -1 -1 -23 -83 -88 -84 -78 -74 -82 -86 -96 -94 -89 -86 -101 -87 -91 -98 -97 -87 -91 -96 -87 -98 -97 -100 -97 -83 -91 -89 -91 -89 -93 -94 -111 -88 -105
60 72 84 84 93 95 87 91 88 94 93 94 93 94 96 101 106 102 112 105 110 107 114 114 114 114 97 101 93 -128 88 97 102 100 96 77 68 68 71 65 67 66 64 61 42 50 66 70 64 41 60 54 60 62 54 61 61 60 64 59 61 76 76 73 76 78 85 101 81 78 87 82 68 81 53 89 76 0 99 77 106 117 89 62 68 54 45 29 32 18 25 -103 0 38 37 14 -45 -1 -1 -1 -14 -69 -78 -77 -77 -72 -70 -87 -96 -88 -87 -87 -84 -116 -87 -89 -92 -98 -88 -84 -86 -98 -101 -101 -96 -92 -87 -87 -91 -92 -88 -87 -103 -102 -108 -91
66 78 73 81 83 78 83 91 95 93 82 81 82 88 94 99 106 66 99 97 112 114 111 114 106 104 106 100 94 93 48 88 97 95 101 93 84 77 73 62 70 68 64 59 59 30 56 66 56 61 65 61 59 58 59 58 67 64 58 62 72 77 77 78 83 81 81 91 83 81 53 66 71 71 85 88 93 70 99 83 123 118 113 66 102 55 52 47 29 33 0 26 0 -128 36 36 0 -1 -1 -1 -37 -73 -74 -83 -83 -81 -70 -86 -96 -93 -77 -88 -84 -86 -87 -86 -96 -88 -92 -89 -83 -86 -93 -94 -96 -97 -83 -92 -86 -91 -87 -93 -91 -87 -100 -91
45 62 67 71 79 83 81 85 81 95 93 78 83 90 88 96 101 100 112 105 112 108 112 114 119 118 101 90 96 73 72 94 96 104 97 93 89 82 68 71 64 65 58 61 29 49 61 53 31 60 60 65 65 70 59 65 58 53 64 76 76 76 78 83 89 83 44 84 90 71 61 72 85 76 76 77 43 82 89 106 108 111 90 111 108 58 67 61 38 0 24 0 0 0 26 33 -111 -1 -1 -1 -55 -70 -82 -81 -79 -87 -67 -96 -96 -83 -88 -86 -88 -84 -82 -84 -92 -86 -86 -84 -97 -92 -94 -102 -96 -83 -91 -89 -87 -89 -91 -91 -88 -86 -105 -93
53 56 59 66 85 70 65 82 73 81 104 101 100 104 104 106 94 64 110 102 108 116 113 119 113 113 104 90 99 99 0 89 81 100 91 94 84 88 84 74 76 71 58 62 16 53 60 45 50 47 56 67 72 56 65 62 56 59 68 74 77 72 62 59 85 91 74 77 89 74 66 79 81 64 65 55 48 83 96 99 123 114 111 113 101 89 84 38 38 10 0 0 0 71 -70 25 0 -1 -1 -1 -67 -81 -88 -81 -78 -78 -89 -96 -94 -86 -86 -87 -86 -84 -84 -77 -81 -91 -94 -96 -96 -96 -105 -105 -98 -93 -91 -94 -94 -84 -86 -97 -84 -88 -96 -84
55 66 73 88 68 85 79 84 99 96 93 94 96 100 95 105 108 102 105 114 104 114 110 116 111 108 93 105 89 72 0 93 87 97 90 88 85 90 85 79 71 66 55 43 19 56 56 50 18 53 61 66 62 65 56 52 31 56 78 79 62 77 81 74 83 71 59 82 83 72 65 74 72 72 50 67 74 83 96 117 96 101 82 114 99 108 36 33 26 35 0 0 54 -1 0 20 -1 -1 -1 -44 -63 -78 -86 -79 -78 -79 -79 -93 -89 -84 -84 -82 -81 -82 -114 -88 -96 -97 -96 -96 -98 -101 -103 -97 -94 -94 -101 -101 -89 -105 -106 -102 -97 -91 -79 -87
45 66 71 77 82 82 83 99 88 88 88 90 94 102 94 97 94 76 110 107 114 118 110 113 116 113 104 105 95 83 56 64 78 84 84 89 78 77 79 76 74 65 62 49 0 59 54 50 48 45 24 29 31 56 61 60 53 58 67 77 60 71 77 85 77 73 55 79 88 74 88 58 73 66 48 0 61 73 89 116 114 79 60 123 89 102 54 37 30 29 37 27 19 21 -1 0 -1 -1 -1 -23 -61 -81 -86 -84 -74 -83 -82 -89 -89 -87 -83 -87 -83 -82 -89 -111 -96 -94 -97 -100 -98 -97 -98 -102 -98 -100 -97 -101 -100 -102 -98 -105 -93 -102 -91 -102
54 82 87 85 82 93 94 82 87 93 94 95 104 96 96 102 105 105 106 111 110 117 113 112 111 101 101 108 105 79 72 -128 85 83 81 77 70 71 78 68 76 62 59 27 10 64 41 55 30 50 54 56 56 59 56 62 49 61 71 68 67 61 72 73 81 35 27 78 85 62 81 62 59 37 53 78 84 93 120 113 102 113 72 84 108 41 31 38 37 35 33 32 0 -102 -1 0 -1 -1 -1 -65 -69 -88 -82 -86 -81 -83 -93 -92 -89 -86 -84 -84 -82 -82 -91 -110 -97 -94 -97 -98 -101 -101 -98 -97 -102 -97 -98 -98 -100 -96 -96 -101 -94 -84 -87 -84
22 56 60 88 88 89 90 81 88 91 85 88 88 91 106 110 114 77 112 104 101 102 104 117 110 112 102 97 106 89 82 78 24 39 54 42 73 65 68 73 65 66 62 62 42 55 48 54 56 54 53 54 62 59 61 62 47 52 55 54 76 66 64 74 81 1 21 20 60 61 60 31 0 73 0 76 83 85 122 113 105 101 106 88 107 67 41 30 31 31 26 31 0 14 -1 0 -1 -1 -1 -23 -72 -77 -83 -83 -83 -83 -89 -92 -89 -86 -86 -83 -86 -83 -79 -93 -97 -101 -96 -101 -102 -102 -103 -98 -97 -97 -100 -103 -94 -93 -89 -94 -82 -84 -91 -87
62 90 87 81 89 93 85 87 91 99 100 91 105 104 102 108 107 114 113 118 117 118 106 110 113 117 99 101 100 96 87 83 64 33 83 79 64 61 68 65 71 64 61 62 37 0 45 56 59 56 55 58 56 56 50 47 49 49 59 71 53 48 61 79 65 -128 58 56 39 0 42 58 27 0 73 78 100 102 117 113 116 54 119 114 72 37 36 38 35 25 18 0 0 25 -1 -1 -1 -1 -1 -64 -67 -87 -84 -83 -82 -91 -89 -88 -88 -87 -86 -84 -83 -79 -83 -102 -100 -100 -105 -102 -103 -96 -98 -97 -96 -98 -96 -96 -97 -91 -92 -88 -83 -110 -103 -92
61 87 87 84 87 88 91 85 85 85 97 91 100 89 107 111 107 70 111 102 102 108 116 106 112 107 102 94 93 104 85 89 89 -128 82 76 71 62 61 47 56 71 64 55 54 52 31 48 53 39 54 59 47 55 50 49 43 43 48 60 54 50 50 65 -31 31 74 65 64 76 90 83 55 68 78 84 100 106 114 99 97 81 74 74 53 27 45 27 33 29 31 37 36 0 0 0 -1 -1 -1 -8 -73 -78 -83 -84 -84 -91 -91 -87 -88 -87 -86 -84 -82 -83 -81 -102 -122 -105 -103 -101 -101 -94 -98 -97 -97 -96 -96 -101 -92 -108 -101 -83 -78 -88 -86 -87
60 84 77 82 87 81 79 84 83 94 95 96 100 94 104 105 111 113 117 118 108 100 108 114 107 102 95 105 107 102 91 89 78 0 78 77 64 12 -128 -128 67 74 70 68 59 64 13 44 58 54 49 43 53 45 48 43 38 43 52 54 56 74 49 0 64 70 76 71 77 66 87 79 68 85 89 100 119 118 104 108 90 107 79 61 56 67 38 50 38 31 33 35 36 33 38 0 -1 -1 -1 -56 -47 -87 -87 -84 -93 -89 -89 -87 -89 -86 -84 -78 -83 -100 -94 -102 -103 -101 -105 -97 -96 -101 -96 -100 -97 -97 -96 -97 -101 -92 -94 -96 -84 -89 -84 -83
78 88 78 62 81 71 79 79 85 90 90 94 94 96 97 100 99 67 107 107 120 119 116 108 107 105 95 97 87 91 90 79 73 67 0 -128 -128 33 61 56 0 52 74 70 72 61 44 0 -128 6 48 41 50 49 38 41 39 47 49 49 62 53 72 0 65 70 72 82 84 65 84 79 70 78 90 91 112 108 102 116 117 87 97 48 60 44 37 50 32 31 27 32 31 35 36 36 -112 -1 -1 -1 -64 -78 -84 -82 -86 -92 -89 -88 -88 -86 -82 -82 -87 -101 -98 -102 -108 -107 -102 -97 -97 -100 -97 -97 -94 -96 -93 -97 -98 -97 -94 -92 -77 -100 -83 -79
83 71 55 79 72 76 87 83 87 85 87 84 93 91 97 99 106 105 111 112 113 111 107 101 108 100 94 87 93 82 79 78 71 71 71 73 76 55 62 56 49 -128 74 39 0 0 13 0 0 7 39 44 49 44 38 37 41 47 44 55 64 0 25 56 62 65 81 77 70 87 79 83 78 87 91 96 117 117 102 122 99 111 37 20 45 39 39 32 20 26 32 33 36 31 35 0 -122 -1 -1 -20 -74 -79 -87 -86 -93 -89 -91 -91 -83 -82 -82 -79 -98 -100 -97 -108 -106 -96 -98 -98 -97 -97 -97 -93 -97 -93 -97 -93 -91 -93 -86 -83 -94 -84 -81 -69
77 38 59 70 61 71 74 73 73 79 79 91 102 100 91 94 100 71 108 113 108 119 119 116 95 99 90 105 101 110 93 87 84 85 85 77 70 71 77 70 79 56 16 0 60 58 25 39 31 39 39 49 39 42 36 35 42 44 31 41 0 0 19 43 65 68 77 67 74 73 65 87 94 104 89 119 117 119 107 85 118 112 82 78 52 49 35 19 0 12 9 31 35 37 12 0 -70 -115 -1 -1 -53 -82 -87 -86 -86 -93 -92 -87 -86 -83 -74 -78 -91 -100 -100 -107 -100 -98 -100 -98 -100 -96 -96 -93 -93 -94 -97 -94 -100 -92 -86 -87 -84 -87 -87 -69
8 64 61 62 68 72 77 84 90 85 88 97 90 97 101 112 113 114 111 110 118 117 108 102 100 106 105 112 97 89 85 78 78 83 76 74 70 73 85 82 76 55 67 48 70 66 61 60 -128 33 48 44 39 43 42 36 -128 -128 0 2 27 67 70 50 62 81 88 87 106 85 90 101 114 123 119 117 117 0 97 97 108 72 62 66 44 48 43 41 30 30 33 36 36 33 0 33 0 0 -116 -1 -67 -88 -87 -86 -94 -93 -88 -86 -83 -77 -79 -88 -98 -106 -111 -97 -98 -98 -100 -98 -97 -97 -96 -97 -96 -97 -96 -98 -92 -94 -83 -102 -84 -87 -79 -1
56 32 55 72 60 77 81 79 79 87 87 88 89 96 105 106 102 68 100 116 108 99 102 119 108 111 107 106 102 85 81 87 84 79 72 71 73 60 70 65 65 64 64 66 72 78 71 61 60 24 0 33 38 38 30 37 -128 27 37 43 53 54 65 64 73 66 90 101 81 90 74 106 106 122 119 76 108 102 106 97 111 67 73 49 55 52 55 36 35 31 32 33 35 30 36 37 31 0 -1 -1 -35 -89 -86 -86 -93 -94 -93 -89 -91 -92 -75 -97 -103 -110 -103 -101 -100 -98 -116 -98 -93 -96 -96 -94 -98 -97 -97 -96 -96 -86 -86 -86 -88 -83 -79 -60
77 74 81 55 0 71 53 56 49 49 87 91 96 89 99 101 102 113 111 105 10 102 0 95 113 114 102 112 111 91 88 88 84 76 76 70 68 70 70 77 76 84 78 79 82 71 87 82 74 53 9 0 44 39 52 21 45 37 38 39 52 56 64 54 59 74 89 83 94 88 114 114 100 74 111 89 119 97 105 91 95 76 61 66 49 58 25 37 30 31 32 37 35 22 21 0 0 -1 -128 -16 -84 -87 -84 -82 -94 -91 -88 -93 -88 -81 -101 -100 -110 -105 -97 -103 -98 -98 -98 -96 -96 -96 -96 -94 -94 -96 -98 -82 -92 -83 -92 -97 -87 -84 -87 -84
20 55 81 83 90 70 59 78 82 94 62 0 74 79 0 97 107 72 113 105 90 112 118 114 0 94 106 110 108 88 94 88 85 82 70 62 74 68 82 90 78 93 84 89 95 96 94 97 59 73 9 14 22 42 53 0 35 42 41 43 44 52 61 62 67 74 60 84 89 90 91 118 82 89 94 118 123 106 95 83 74 68 76 73 60 48 31 37 33 26 35 33 35 35 27 18 -1 -1 -1 -8 -75 -86 -86 -96 -93 -92 -92 -86 -98 -82 -100 -100 -110 -103 -100 -97 -93 -96 -100 -96 -96 -96 -96 -96 -97 -98 -98 -96 -111 -112 -88 -89 -84 -88 -87 -69
27 83 84 91 93 78 93 95 95 96 99 94 71 94 90 82 0 85 85 101 113 113 111 112 97 0 95 112 91 82 85 79 84 77 67 78 73 84 88 83 104 96 100 95 95 104 64 67 81 59 50 0 21 0 0 0 38 47 49 50 55 49 58 76 67 68 85 99 95 117 81 96 97 77 118 120 117 101 70 107 66 61 64 44 60 49 36 29 31 32 35 32 36 0 29 -1 -101 -1 -1 -74 -88 -84 -86 -93 -93 -93 -91 -100 -86 -101 -102 -98 -101 -100 -100 -98 -101 -97 -121 -96 -97 -96 -94 -92 -97 -96 -96 -97 -98 -88 -82 -82 -89 -91 -83 -87
41 78 67 87 73 91 94 93 89 89 89 96 96 96 100 106 107 67 79 101 111 112 117 116 104 101 0 104 102 85 77 79 77 79 79 84 84 82 88 96 105 110 102 85 96 70 68 62 44 41 6 35 0 -128 41 20 -128 0 49 54 56 61 66 64 81 74 91 96 117 110 82 99 56 94 94 116 94 67 89 77 76 58 62 60 48 29 37 33 33 33 36 37 35 36 30 0 0 -1 -4 -55 -87 -86 -94 -93 -93 -92 -91 -98 -97 -102 -102 -107 -100 -97 -98 -97 -97 -97 -97 -97 -96 -97 -97 -94 -100 -97 -96 -97 -96 -102 -86 -86 -92 -83 -86 -84
32 68 67 70 88 88 88 81 83 88 90 95 93 97 100 99 110 101 101 102 106 108 111 104 99 93 0 106 91 79 78 76 73 77 76 81 91 91 100 110 118 107 110 107 79 81 54 50 41 35 33 31 12 13 43 41 0 43 52 48 61 72 71 77 56 102 118 106 123 79 81 67 89 122 112 111 77 72 84 78 70 68 53 43 52 43 29 31 36 33 31 33 29 27 0 -1 -1 -1 -40 -88 -83 -84 -93 -94 -92 -89 -98 -103 -101 -108 -103 -101 -100 -98 -97 -97 -97 -97 -94 -105 -97 -98 -96 -94 -94 -97 -97 -96 -96 -106 -91 -86 -87 -87 -86 -84
33 55 64 81 89 84 79 70 77 83 91 89 100 97 99 99 108 64 100 113 106 116 99 100 94 95 79 77 79 76 70 66 79 70 72 83 88 100 104 101 99 91 83 89 87 72 72 62 41 31 19 32 7 0 43 47 39 0 43 50 60 41 50 50 66 88 118 106 111 53 72 83 89 112 78 112 60 99 73 62 58 53 50 36 24 35 30 29 33 36 32 30 33 0 -1 -1 -1 -1 -37 -83 -81 -84 -96 -94 -92 -91 -89 -97 -78 -111 -103 -98 -103 -101 -98 -97 -98 -97 -97 -98 -96 -96 -96 -96 -96 -100 -94 -96 -101 -105 -89 -83 -83 -92 -87 -87
50 59 48 68 71 72 68 77 74 99 96 94 95 94 104 114 106 118 118 116 101 97 93 90 89 87 91 62 89 72 71 65 72 68 83 95 102 106 101 66 95 78 64 88 72 55 47 33 32 33 35 14 27 31 41 39 0 2 68 50 52 53 65 67 77 99 118 76 0 0 85 118 84 91 116 116 64 82 67 67 59 62 47 27 30 25 31 32 33 31 35 37 0 -1 -1 -1 -1 -41 -54 -87 -83 -93 -93 -92 -101 -94 -101 -103 -106 -101 -100 -100 -96 -97 -97 -98 -97 -98 -97 -97 -97 -97 -97 -100 -98 -97 -93 -97 -96 -98 -97 -96 -89 -89 -93 -86
44 58 49 71 76 61 79 89 87 91 85 88 88 95 96 111 107 76 106 113 107 104 94 96 87 84 81 0 70 68 65 61 73 62 73 88 99 111 74 84 78 60 74 71 58 62 43 31 32 38 33 19 -81 32 37 39 43 16 55 65 73 70 52 71 83 85 119 113 0 85 84 110 64 79 101 106 90 79 64 56 60 58 55 36 18 26 31 32 32 33 36 36 12 -1 -1 -1 -1 -28 -44 -83 -83 -86 -94 -93 -89 -94 -96 -101 -106 -101 -102 -101 -101 -98 -97 -97 -97 -97 -96 -97 -101 -96 -97 -97 -92 -92 -96 -103 -93 -84 -96 -98 -89 -89 -89 -88
45 70 82 54 60 67 74 74 81 88 88 95 95 102 106 110 116 113 117 119 106 105 102 95 87 84 73 0 37 67 60 60 55 72 88 100 101 95 101 76 82 54 52 74 56 32 22 32 36 32 8 0 31 35 41 44 39 0 62 53 60 59 74 79 87 118 91 0 66 91 106 102 84 106 87 73 65 70 48 48 53 50 45 32 31 33 33 31 32 33 33 27 -1 -1 -1 -1 -26 -46 -54 -84 -86 -92 -93 -91 -91 -98 -100 -103 -102 -103 -101 -98 -97 -97 -97 -97 -97 -97 -97 -98 -110 -97 -97 -97 -94 -98 -98 -97 -98 -98 -83 -100 -88 -84 -86 -86
39 54 76 58 61 64 68 73 83 87 87 90 101 99 104 97 111 77 102 111 110 104 102 105 91 93 82 82 74 -128 38 60 50 77 78 96 93 94 111 108 87 74 83 59 55 37 22 32 39 32 33 0 22 36 38 52 39 19 61 70 56 64 73 84 100 123 100 47 62 113 112 90 107 105 70 72 78 58 47 36 44 41 45 25 20 22 35 36 36 31 31 0 -116 -1 -1 -1 -26 -39 -53 -92 -86 -93 -93 -94 -92 -97 -94 -96 -102 -102 -98 -98 -97 -96 -97 -96 -98 -98 -97 -97 -97 -108 -96 -96 -98 -96 -96 -97 -97 -98 -94 -94 -96 -97 -89 -83
74 82 73 68 61 74 77 81 85 89 96 91 102 101 106 111 113 112 104 110 113 110 91 90 78 78 77 71 68 60 25 44 53 76 85 100 102 113 118 105 101 96 84 70 36 26 35 37 31 35 2 3 35 42 39 53 36 0 81 82 60 71 70 83 118 26 0 68 96 114 117 116 97 74 60 50 62 60 41 35 45 43 27 33 33 32 36 36 31 22 -1 -1 -1 -1 -1 -22 -39 -47 -74 -87 -87 -92 -89 -91 -93 -92 -97 -102 -101 -101 -100 -98 -98 -97 -97 -97 -96 -97 -96 -97 -98 -96 -96 -96 -97 -96 -96 -98 -96 -94 -96 -97 -94 -94 -91 -83
54 66 61 73 58 88 76 77 84 91 93 91 97 77 88 101 99 62 95 111 100 116 97 96 89 83 84 79 78 70 66 54 0 0 74 87 108 105 117 108 119 116 96 62 77 37 35 35 36 35 29 19 35 36 42 50 22 27 79 66 77 60 82 84 112 50 111 78 71 83 100 100 79 70 59 0 49 47 47 45 31 0 31 38 35 20 35 38 35 0 -1 -1 -1 -1 -1 -25 -35 -45 -65 -92 -86 -92 -94 -92 -92 -94 -97 -103 -102 -105 -98 -97 -101 -98 -97 -97 -97 -98 -98 -97 -96 -96 -96 -96 -94 -97 -96 -97 -97 -93 -100 -96 -98 -97 -112 -98
78 56 55 68 93 71 81 74 89 87 85 53 87 107 107 111 107 97 106 114 114 107 97 89 85 94 84 74 65 58 65 53 37 9 70 42 42 0 43 60 97 58 59 56 37 39 33 35 32 35 0 33 39 49 38 50 41 42 49 36 35 71 61 102 30 79 67 55 73 120 72 0 62 61 67 49 48 54 47 37 25 27 29 33 32 14 35 35 6 -1 -1 -1 -1 -1 -25 -34 -44 -53 -74 -89 -86 -94 -91 -82 -94 -91 -96 -100 -94 -97 -98 -98 -98 -97 -97 -98 -97 -97 -96 -97 -100 -121 -98 -96 -96 -97 -96 -97 -102 -97 -94 -100 -114 -97 -84 -96
53 59 62 0 76 68 74 74 101 90 90 52 96 102 91 89 101 68 112 117 112 118 113 113 102 99 95 77 82 72 64 61 59 50 0 0 -128 30 37 27 0 19 14 39 22 31 33 33 36 35 -128 10 39 45 55 48 54 53 7 8 33 -128 0 0 0 87 74 60 72 91 79 84 30 67 58 48 41 -128 26 55 37 37 35 31 0 31 32 36 0 -1 -1 -1 -1 -20 -26 -30 -42 -46 -74 -75 -84 -81 -93 -89 -94 -100 -98 -100 -101 -101 -100 -97 -100 -107 -93 -98 -97 -97 -98 -97 -94 -97 -98 -96 -97 -96 -97 -98 -96 -101 -124 -98 -108 -96 -106 -97
74 71 96 78 97 95 99 99 97 100 101 96 94 93 96 102 102 99 104 113 104 107 108 101 96 94 91 81 78 65 66 55 53 44 52 42 61 56 56 30 45 16 0 39 35 36 36 35 29 -128 29 36 44 38 52 43 47 67 65 60 64 58 76 37 87 89 65 62 70 88 85 88 66 60 59 53 32 0 42 37 27 25 26 29 32 1 36 26 -1 -1 -1 -1 -18 -27 -31 -42 -41 -64 -78 -75 -84 -86 -75 -93 -102 -100 -97 -100 -102 -105 -97 -96 -97 -96 -96 -98 -98 -96 -98 -96 -100 -96 -98 -97 -96 -96 -97 -97 -126 -96 -96 -101 -92 -92 -100 -102
85 81 93 89 89 96 83 97 94 83 90 89 91 89 82 88 111 79 102 112 112 100 97 85 94 93 90 78 81 71 70 60 71 73 54 54 70 66 108 67 73 73 54 13 0 35 36 36 36 0 35 8 44 30 32 44 29 47 66 87 79 67 76 58 90 84 55 73 83 89 78 77 76 56 50 52 48 45 36 37 31 31 26 30 38 33 3 30 -1 -1 -1 -1 -16 -23 -27 -46 -42 -61 -77 -74 -69 -73 -69 -86 -93 -101 -101 -101 -101 -96 -108 -94 -100 -97 -97 -97 -97 -100 -96 -97 -96 -96 -102 -97 -97 -98 -124 -96 -100 -100 -102 -103 -91 -96 -96 -93
