river 11 Madison
63 39
62 39
62 38
river 11 Madison
62 38
61 39
61 38
60 38
61 37
61 36
61 35
62 34
63 33
64 32
65 31
65 30
66 29
67 28
67 27
67 26
river 11 Madison
64 40
63 40
63 39
river 11 Missouri
102 12
102 13
101 13
100 14
99 15
99 14
98 15
97 15
96 15
95 15
94 15
93 16
92 16
92 17
92 16
91 16
river 11 Missouri
127 16
126 17
126 16
125 17
125 16
124 16
123 16
124 15
124 14
123 14
122 14
123 13
124 12
123 12
123 11
122 11
121 11
120 12
119 12
118 12
119 11
118 11
117 12
river 11 Missouri
67 26
68 25
67 25
68 24
67 24
river 11 Missouri
102 12
103 12
104 12
105 12
106 12
107 12
108 11
108 12
109 11
109 12
110 12
111 11
112 11
112 12
113 11
114 11
114 12
115 12
116 12
116 13
117 12
river 11 Missouri
67 24
67 23
67 22
67 21
67 20
68 20
69 19
70 18
71 18
72 17
73 17
73 16
74 16
75 16
75 15
76 15
76 14
77 14
78 14
79 13
80 13
79 13
80 13
81 12
82 12
82 13
81 14
82 14
82 15
83 15
84 14
84 15
85 14
86 14
87 14
87 15
88 15
88 16
89 15
89 16
90 16
river 9 Columbia
44 0
44 1
river 9 Columbia
40 7
39 8
39 9
38 10
38 11
river 9 Columbia
44 1
44 2
45 1
46 1
45 2
44 3
45 3
44 4
43 5
42 5
42 6
41 6
41 7
40 7
river 9 Columbia
38 11
37 12
36 12
36 13
35 14
35 13
34 13
33 13
32 13
33 12
32 12
33 11
32 11
31 12
30 12
29 12
28 12
27 13
27 14
26 14
25 14
25 15
24 16
23 17
23 18
24 18
23 19
24 19
23 20
23 21
22 22
23 22
22 23
22 24
23 24
24 23
25 23
25 24
25 25
24 26
24 27
25 27
river 9 Columbia
25 28
25 29
24 29
23 30
23 29
22 30
22 29
21 30
20 30
19 30
18 31
18 30
17 31
16 31
15 32
15 31
14 32
14 31
13 32
12 32
11 32
11 31
10 32
10 31
9 32
9 31
8 32
8 31
7 32
6 32
5 32
river 9 Columbia
5 32
4 33
4 32
3 32
2 32
2 31
3 30
3 29
3 28
2 28
2 27
1 28
river 8 Snake
56 53
57 52
56 52
57 51
56 51
river 8 Snake
45 55
46 55
46 54
47 54
river 8 Snake
42 57
41 57
river 8 Columbia
25 27
25 28
river 8 Columbia
61 47
61 48
60 49
59 50
59 51
58 52
57 52
56 53
river 8 Columbia
56 51
56 50
56 49
55 49
55 48
54 48
54 47
53 48
53 49
52 50
51 51
50 52
49 52
48 53
47 54
river 8 Columbia
45 55
45 56
44 56
43 57
42 57
river 8 Columbia
41 57
40 57
39 58
39 57
38 58
37 58
36 58
36 57
35 57
34 57
34 56
33 56
34 55
34 54
33 55
33 54
32 54
31 55
31 54
30 54
29 54
28 54
28 53
27 53
27 52
27 51
26 51
26 50
26 49
26 48
25 48
26 47
27 46
28 45
27 45
28 45
28 44
28 43
27 44
27 43
28 42
28 41
29 41
29 40
30 40
30 39
31 39
32 38
32 37
33 36
34 35
35 34
36 33
37 32
37 31
36 31
36 30
36 29
36 28
37 27
36 27
37 26
37 25
36 25
36 24
36 23
35 23
34 23
33 24
32 24
31 24
30 24
29 24
28 25
28 26
27 26
26 27
25 27
river 8 Rio Grande
36 136
37 135
37 134
river 8 Rio Grande
34 138
35 137
35 136
river 8 Rio Grande
54 97
54 98
55 97
55 98
56 97
56 98
57 97
58 97
58 98
59 98
60 98
60 99
61 99
62 99
62 100
61 101
62 101
61 102
60 103
60 104
60 105
59 106
59 107
58 108
58 109
57 109
57 110
56 110
55 111
54 112
53 113
52 114
51 115
50 116
50 117
49 117
48 118
47 119
47 120
46 121
46 122
45 122
45 123
44 124
44 125
43 125
43 126
42 127
42 128
41 129
41 130
40 131
39 132
38 133
37 134
river 8 Rio Grande
36 136
35 136
river 8 Rio Grande
34 138
34 139
34 140
35 140
35 141
35 142
34 143
35 143
34 144
35 144
34 145
34 146
34 147
river 8 Rio Grande
34 147
35 147
35 148
34 149
35 149
34 150
35 150
36 150
35 151
36 151
36 152
36 153
36 154
37 154
36 155
37 155
37 156
38 155
37 156
38 156
38 157
38 158
38 159
37 160
38 160
37 161
37 162
37 163
36 164
37 164
36 165
37 165
37 166
37 167
38 167
38 168
39 168
39 169
40 169
40 170
41 170
42 170
42 169
43 169
44 168
44 167
45 167
45 166
46 165
47 164
48 164
49 163
50 163
50 164
51 163
51 164
52 163
52 164
53 164
54 163
53 164
river 8 Arkansas
66 85
66 86
66 87
66 88
65 89
65 90
65 91
65 92
66 92
67 92
68 91
68 92
69 92
70 92
70 93
71 93
72 93
73 93
74 93
73 94
74 94
75 94
76 94
76 95
77 95
78 95
79 95
80 95
81 94
81 95
82 94
82 95
83 94
83 95
84 94
84 95
85 95
86 95
86 96
87 96
river 7 Colorado
38 96
38 97
37 97
38 97
37 98
36 99
35 99
35 100
34 100
35 100
34 101
33 101
33 102
32 102
32 103
31 103
30 103
29 104
29 103
29 104
28 104
river 7 Colorado
6 112
7 111
8 111
9 111
9 112
10 112
10 111
11 110
11 111
11 112
12 112
11 113
12 113
river 7 Colorado
4 118
5 117
4 117
5 116
5 115
river 7 Colorado
2 124
2 125
2 126
3 126
river 7 Colorado
74 75
73 76
73 77
river 7 Colorado
73 77
72 78
71 78
70 78
69 78
68 79
67 80
67 79
66 80
65 80
64 81
64 82
63 82
62 82
61 82
60 83
60 82
59 83
58 83
57 84
56 84
56 85
55 86
54 86
53 87
53 86
52 86
52 85
51 86
50 86
50 87
49 87
49 88
48 88
48 89
47 90
46 90
45 91
44 92
43 93
42 94
41 95
40 96
40 95
40 96
39 96
38 96
river 7 Colorado
28 104
28 105
27 105
26 106
25 107
24 108
24 109
23 110
24 110
23 111
22 112
22 111
21 111
20 111
21 110
20 110
20 109
19 109
18 110
river 7 Colorado
18 110
17 110
16 111
15 111
14 112
14 113
13 114
12 114
12 113
river 7 Colorado
6 112
6 113
6 114
5 115
river 7 Colorado
4 118
4 119
3 119
3 120
2 121
2 122
2 123
2 124
river 7 Colorado
3 126
2 127
1 127
0 128
-1 129
-1 130
-2 130
-1 130
-2 131
-3 132
-3 133
-4 133
-5 134
-5 135
-5 136
-6 136
-6 137
-5 137
-5 138
-6 139
-7 139
river 7 Colorado
-7 139
-8 140
-9 141
-10 142
-11 143
-12 144
-13 145
-12 145
-13 146
-12 145
river 7 Sacramento
-16 72
-17 73
river 7 Sacramento
-14 68
-13 68
-14 69
-15 70
-16 71
-15 71
-16 72
river 7 Sacramento
-17 73
-17 74
-17 75
-16 75
-17 76
-17 77
-18 77
-18 78
-17 77
-18 78
-17 78
-18 79
-18 80
-18 81
-19 82
-19 83
-20 84
-20 85
-20 86
-20 87
-21 88
-20 88
-21 89
-20 89
-21 90
river 7 Sacramento
-21 90
-20 90
-21 91
-21 92
-22 93
-22 94
-22 93
-22 94
-23 94
river 7 Klamath
-7 58
-7 59
-7 60
river 7 Klamath
-7 60
-7 61
-8 61
-9 61
-9 62
-10 62
-11 62
-12 63
-13 64
-13 63
-14 63
-15 64
-15 63
-15 64
-16 64
-16 63
-17 63
-17 64
-18 64
-18 65
-19 66
-20 67
-20 68
-21 68
-21 69
-22 69
-22 68
river 7 Klamath
-22 68
-22 67
-22 66
river 7 Fraser
25 0
25 1
24 1
23 2
22 3
22 2
21 2
20 3
19 3
18 3
17 3
18 2
17 3
17 2
16 2
15 3
river 7 Sprague
-1 59
-2 59
-2 58
-3 59
-3 58
-4 58
-5 58
-5 57
-6 58
-7 58
river 6 San Joaquin
-17 104
-16 103
river 6 San Joaquin
-23 99
-23 98
-22 97
-23 97
-22 96
-22 95
river 6 San Joaquin
-11 103
-11 102
-12 102
-12 101
-12 100
-13 100
-13 101
-14 101
-14 102
-15 103
-15 102
-16 103
river 6 San Joaquin
-17 104
-18 105
-19 105
-20 105
-21 106
-21 105
-22 106
-21 105
-22 105
-21 104
-22 104
-21 103
-22 103
-22 102
-22 101
-23 101
-22 100
-23 100
-22 99
-23 99
river 6 Pit
-14 72
-15 73
-15 72
-16 73
-16 72
river 6 Pit
-2 65
-2 66
-3 67
-3 66
-4 67
-5 67
-6 67
-7 68
-8 69
-8 70
-9 71
-9 70
-10 70
-10 71
-10 70
-11 71
-11 70
-12 71
-12 70
-13 70
-13 71
-14 72
river 6 Double Mountain Fork Brazos
68 133
69 133
river 6 Willamette
-4 51
-4 50
-5 50
-5 49
-4 48
-5 48
-4 47
-5 47
-5 46
-6 46
-6 45
-6 44
-6 43
-6 42
-5 42
-5 41
-4 40
-3 39
-4 39
-3 39
-4 39
-3 38
-2 37
-1 36
-1 35
0 35
1 35
2 34
2 33
2 32
river 6 Gila
32 132
32 133
32 134
31 135
30 136
29 137
29 136
28 137
27 138
27 139
26 139
25 140
24 140
24 139
23 139
24 138
24 137
23 137
22 138
21 139
21 138
20 138
21 137
20 137
21 136
20 136
20 135
19 135
18 135
17 136
16 137
15 137
15 136
14 136
river 6 Gila
14 136
13 136
12 137
11 137
11 136
10 136
9 136
9 135
9 134
8 134
7 134
6 134
6 135
5 136
6 136
5 137
4 137
4 136
3 137
2 137
1 137
0 138
-1 138
-2 139
-3 139
-4 139
-5 140
-5 139
-6 139
river 6 Trinity
-18 72
-19 73
-20 73
-20 72
-21 73
-21 72
-22 72
-22 71
-22 70
-22 69
river 6 Pend Orielle
44 4
45 4
46 4
46 5
45 5
45 6
44 7
44 8
44 9
43 10
44 10
44 11
45 11
46 11
47 10
river 5 Conchos
27 176
26 176
26 175
27 174
27 173
28 172
27 172
28 171
29 171
30 170
31 169
32 168
33 167
34 166
34 165
34 166
35 166
36 165
35 166
36 165
36 166
37 165
river 5 Yellowstone
66 43
66 42
66 41
river 5 Yellowstone
66 41
66 40
67 39
67 38
67 37
66 37
66 36
66 35
67 35
67 34
68 34
69 33
69 32
70 32
70 31
71 31
72 31
73 31
74 30
74 31
75 31
76 31
76 32
77 32
78 32
79 32
80 32
81 31
82 31
82 30
83 30
84 29
85 29
86 29
87 28
88 28
89 28
89 27
90 27
91 26
91 27
92 26
92 27
93 26
93 27
94 27
95 26
95 27
96 27
97 26
98 26
99 25
100 25
101 24
102 23
103 22
104 22
105 22
106 21
107 21
108 20
109 19
110 18
111 18
111 17
112 17
112 16
113 16
113 15
114 15
115 14
114 14
115 14
116 13
116 12
river 5 Yellowstone
66 45
66 44
66 43
river 5 North Platte
87 58
88 57
river 5 North Platte
76 60
76 59
77 58
river 5 North Platte
75 61
75 62
74 63
river 5 North Platte
100 69
100 68
99 68
river 5 North Platte
77 58
78 57
79 57
79 56
80 56
81 55
82 55
83 55
84 55
85 55
86 55
86 56
86 57
87 57
88 57
river 5 North Platte
75 61
76 60
river 5 North Platte
99 68
98 68
98 67
97 67
96 67
96 66
95 66
95 65
94 65
93 65
93 64
92 64
92 63
91 63
91 62
90 62
90 61
89 61
89 60
88 60
88 59
87 60
87 59
87 58
river 5 North Platte
100 69
101 69
river 5 North Platte
71 75
71 74
72 74
71 74
72 73
73 72
73 71
74 70
73 70
74 69
73 69
73 68
73 67
73 66
72 66
73 65
73 64
73 63
74 63
river 5 Green
57 68
56 69
57 69
56 70
55 71
river 5 Green
63 51
62 52
62 53
61 54
60 55
61 55
61 56
60 57
60 58
59 58
58 59
58 60
57 61
57 62
57 63
58 63
58 64
58 65
58 66
59 66
58 67
57 68
river 5 Green
55 71
56 71
57 71
58 71
57 72
58 72
59 72
58 73
57 74
56 74
56 75
55 75
54 76
53 76
53 77
53 76
52 77
52 78
51 78
50 79
49 80
48 81
48 82
47 82
47 83
46 84
46 85
45 86
44 87
44 88
43 89
44 89
43 90
43 91
43 92
42 92
43 92
42 93
43 93
42 94
river 5 Pecos
51 139
50 139
50 140
river 5 Pecos
49 146
49 145
river 5 Pecos
56 113
55 114
55 115
54 116
55 116
55 117
55 118
56 118
56 119
57 119
58 119
58 120
57 121
58 121
57 122
58 122
57 123
58 123
57 124
58 124
58 125
58 126
57 127
56 128
56 129
55 130
54 131
54 132
53 133
53 134
52 135
53 135
52 136
52 137
51 137
51 138
50 139
51 139
river 5 Pecos
50 140
49 141
50 141
50 142
50 143
50 144
49 145
river 5 Pecos
49 146
50 146
49 147
50 147
50 148
50 149
50 150
51 150
51 151
52 150
52 151
53 151
54 151
54 152
54 153
55 153
55 154
56 153
56 154
56 155
56 156
56 157
55 158
55 159
54 160
55 160
55 161
54 162
river 5 Prairie Dog Town Fork Red
69 122
70 122
71 121
71 122
72 121
73 120
73 121
73 120
74 120
75 120
74 121
75 121
river 5 Clark Fork
49 11
48 11
48 10
47 10
river 5 Clark Fork
59 31
59 30
60 30
60 29
59 29
58 29
59 28
60 27
60 26
61 25
60 25
61 24
60 24
59 24
59 23
58 23
57 23
56 23
57 22
56 22
55 22
55 21
54 21
53 21
53 20
52 21
52 20
52 19
51 19
52 18
53 18
53 17
53 16
52 16
51 16
51 15
51 14
51 13
50 14
51 13
50 13
51 12
50 12
49 12
49 11
river 5 Rogue
-5 53
-6 53
-7 54
-8 55
-9 56
-10 57
-11 57
-11 58
-12 58
-13 59
-13 58
-14 59
-14 58
-15 59
-15 58
-15 57
-16 57
-16 56
-17 56
-17 57
-18 57
-18 58
-18 57
-19 58
river 5 Rogue
-19 58
-20 58
-21 59
river 5 Eel
-27 75
-27 74
-27 73
river 5 Eel
-25 84
-25 83
-25 84
-26 84
-26 83
-26 82
-26 81
-26 80
-25 79
-26 79
-25 78
-26 78
-25 77
-26 77
-25 76
-26 76
-26 75
-27 75
river 5 Stanislaus
-11 92
-12 92
-13 93
-14 93
-14 94
-15 94
-16 94
-17 95
-18 96
-19 97
-20 97
-21 98
-21 97
-22 98
-23 98
river 4 Feather
-15 82
-16 83
-16 82
river 4 Feather
-15 82
-14 81
-13 80
-13 81
-12 80
-11 80
-10 80
-11 81
-10 81
-10 80
-9 80
-9 81
-8 80
river 4 Feather
-20 89
-20 88
-19 88
-19 87
-19 86
-18 85
-18 84
-17 83
-16 82
river 4 San Juan
34 102
33 102
32 102
river 4 San Juan
56 100
55 101
54 102
53 103
52 104
52 103
51 104
50 105
49 105
48 106
47 106
48 106
47 106
46 106
45 106
44 106
44 105
43 106
43 105
42 105
42 104
42 103
42 102
42 101
41 101
40 101
39 102
38 102
37 102
37 101
36 101
35 102
35 101
35 102
34 102
river 4 Wind
73 51
73 52
river 4 Wind
65 48
65 49
66 49
66 50
67 50
67 51
68 51
68 52
69 52
69 53
70 53
70 54
71 53
72 53
73 52
river 4 Wind
73 51
74 50
74 49
75 48
75 47
76 46
77 46
77 45
78 45
78 44
river 4 Wind
64 52
64 51
63 51
river 4 Humboldt
5 75
6 74
5 74
6 73
river 4 Humboldt
27 68
26 69
25 70
24 70
23 71
22 71
21 71
21 72
20 72
19 73
18 73
17 74
16 74
16 73
15 73
14 73
13 73
14 72
13 72
13 71
13 70
12 71
12 70
11 70
10 71
9 71
8 72
8 73
7 73
river 4 Humboldt
5 75
4 76
4 77
3 77
3 78
2 79
1 79
river 4 Yaqui
13 158
13 157
river 4 Yaqui
8 169
7 169
6 169
5 170
5 171
river 4 Yaqui
15 155
14 156
13 157
river 4 Yaqui
13 158
12 159
12 160
12 161
11 162
11 163
10 164
10 165
10 166
9 166
10 166
9 167
9 168
8 169
river 4 Yaqui
5 171
4 172
5 172
4 172
4 173
4 174
3 175
3 176
2 176
river 4 Canadian
78 114
77 115
76 116
river 4 Canadian
62 116
63 116
62 117
river 4 Canadian
66 117
65 118
river 4 Canadian
64 109
64 110
64 111
64 112
63 113
63 114
62 114
62 115
63 115
62 116
river 4 Canadian
62 117
63 117
63 118
64 118
64 117
64 118
65 117
river 4 Canadian
66 117
67 117
68 117
69 117
70 116
71 116
72 116
73 116
74 116
74 117
75 116
75 117
76 116
river 4 Cheyenne
103 49
104 48
105 48
105 47
106 46
106 47
107 46
108 45
109 44
109 43
110 42
111 42
112 41
113 41
114 41
115 41
river 4 Cheyenne
91 50
92 49
92 50
93 49
94 49
93 50
94 50
94 51
95 51
95 50
96 50
97 50
97 51
98 51
97 52
98 52
98 51
99 51
98 52
99 51
100 51
100 50
100 51
101 50
102 50
102 49
103 49
river 4 Flathead
60 12
59 13
59 14
58 15
river 4 Flathead
62 1
63 1
62 2
63 2
62 3
62 4
62 5
62 6
62 7
62 8
61 9
62 9
61 9
60 10
59 11
60 11
60 12
river 4 Flathead
58 15
57 15
57 16
56 16
56 17
56 18
55 18
55 17
54 18
53 18
river 4 Bear
43 67
43 66
river 4 Bear
43 66
42 67
river 4 Bear
48 72
48 71
48 70
49 69
49 68
49 67
50 66
49 66
50 65
51 64
51 63
52 63
52 62
53 61
52 61
53 60
52 61
52 60
51 60
52 59
52 58
51 58
52 57
51 57
50 57
50 58
49 59
50 59
49 60
48 61
47 61
47 62
46 63
47 63
46 64
46 63
45 64
44 65
44 66
43 67
river 4 South Platte
68 85
68 86
68 87
69 87
69 88
70 88
71 87
71 86
72 85
73 84
74 83
75 82
75 81
76 81
76 80
77 80
77 79
78 78
79 77
78 77
79 76
80 76
81 75
81 76
82 76
83 76
84 76
84 77
85 76
85 77
86 76
87 75
88 75
89 74
90 73
91 72
92 72
93 72
94 71
95 71
96 71
97 70
98 70
99 70
100 69
100 70
101 69
river 4 Bavispe
14 165
14 164
15 163
14 163
15 162
14 162
15 161
15 160
15 159
15 158
16 157
16 156
16 155
15 155
river 4 Salmon
39 46
39 45
40 44
39 44
40 43
40 44
41 43
41 44
42 43
42 44
43 43
44 42
45 41
46 40
47 39
48 38
48 37
49 36
50 35
49 35
50 35
50 34
49 34
48 34
47 35
47 34
46 35
46 34
45 34
45 33
44 33
44 32
43 33
42 33
41 34
40 34
40 33
39 34
39 33
38 34
37 34
37 33
38 32
38 31
39 30
38 30
38 29
37 29
36 30
river 4 John Day
13 39
12 40
12 39
12 38
12 37
13 36
13 35
13 34
14 33
14 34
15 33
15 32
14 32
14 31
river 4 John Day
20 43
20 42
19 42
18 42
17 42
16 42
15 42
15 41
15 40
16 39
15 39
14 39
13 39
river 4 S. Fork Republican
89 82
90 82
91 82
92 81
93 81
94 80
95 79
96 79
96 78
river 4 Bighorn
78 44
78 43
78 42
79 41
78 41
79 40
79 39
80 38
79 38
80 37
81 36
82 35
83 34
84 34
85 33
85 32
86 32
86 31
87 31
86 31
87 30
88 29
88 28
89 28
river 3 Rio Batepito
15 155
16 154
15 154
16 153
16 152
17 152
17 151
18 150
18 149
river 3 Salinas
-28 112
-28 111
-28 110
-28 109
-29 109
-29 108
-29 107
-30 107
-29 106
-30 106
river 3 
-11 86
-10 85
-10 84
-9 84
-8 83
-7 83
-6 83
-5 82
-4 82
-3 81
-4 81
-3 80
-4 80
river 2 Salinas
-27 117
-28 118
-28 117
-29 117
-28 116
-29 116
-28 115
-28 114
-28 113
-28 112
river 2 Kootenay
48 0
47 0
46 1
45 2
river 2 Santa María
17 173
18 172
18 171
river 2 Agua Prieta
16 148
15 149
15 150
16 150
river 2 
10 152
9 153
8 154
river 2 Blackwater Draw
65 127
64 127
64 126
river 2 Colorado
61 132
62 132
62 133
63 133
63 134
63 135
river 2 Canadian
64 104
65 104
66 104
river 2 Canadian
66 104
66 105
67 105
66 106
65 107
65 108
64 109
river 2 Cimarron
75 104
74 104
73 104
72 104
71 105
71 104
70 105
69 105
68 105
river 2 Big Sandy
79 86
78 86
77 86
76 87
river 2 S. Fork Republican
85 85
86 84
87 84
88 83
89 83
89 82
river 2 North Loup
106 59
105 60
105 59
river 2 Santa Cruz
10 150
10 151
9 152
8 152
9 151
8 151
9 150
8 150
8 149
river 2 Black
27 130
26 131
27 131
26 131
25 132
24 132
river 2 Puerco
41 115
40 115
39 115
38 116
37 116
river 2 Animas
51 99
51 100
50 101
river 2 Yampa
68 76
69 75
68 75
67 75
67 74
river 2 White
16 88
17 88
16 89
15 90
15 91
river 2 Lodgepole
84 69
84 68
83 68
82 68
river 2 Laramie
75 71
75 72
75 73
74 74
river 2 Niobrara
93 57
93 58
93 59
94 59
river 2 White
97 56
96 57
95 57
94 57
river 2 Belle Fourche
91 46
90 46
89 47
88 48
88 49
87 49
river 2 Moreau
113 36
112 36
111 36
110 36
river 2 Heart
119 23
119 22
118 22
117 22
river 2 Little Missouri
98 39
97 39
96 40
95 40
95 41
river 2 S.  Fk.  Powder
79 53
78 54
77 54
76 54
75 55
river 2 S.  Fk.  Shoshone
66 47
67 46
68 45
69 44
river 2 Musselshell
72 25
71 26
72 26
73 25
73 26
74 25
75 25
75 26
76 25
76 26
77 25
river 2 Red Rock
58 40
57 40
56 40
river 2 S.  Fk.  Boise
38 47
37 48
37 49
36 49
river 2 Owyhee
24 64
24 65
23 66
24 66
river 2 San Felipe
-13 136
-13 135
-14 135
-14 136
-15 136
-16 136
river 2 Mojave
-5 120
-6 120
-7 120
-8 121
-9 121
river 2 Owens
-10 98
-9 97
-9 98
river 2 Tuolumne
-11 97
-11 96
-12 97
-12 96
-13 96
river 2 North Fork American
-11 85
-12 85
-13 86
-13 85
river 2 Russian
-28 84
-27 84
-28 85
-27 85
-27 86
river 2 Trinity
-15 68
-16 69
river 2 Blackfoot
65 21
64 21
63 21
62 21
river 2 Sun
65 15
65 16
66 15
66 16
67 15
67 16
river 2 Selway
45 33
46 32
46 33
46 32
47 31
46 31
47 31
47 30
river 2 South Umpqua
-9 54
-8 53
-7 53
river 2 Crooked
13 43
14 43
13 44
12 44
11 45
10 45
river 2 Yakima
17 18
17 19
18 19
19 19
river 2 Chehalis
2 25
3 24
4 24
5 24
5 23
river 2 Milk
70 5
69 5
68 6
67 7
66 7
river 2 Middle Fk.  Flathead
64 11
64 12
65 12
64 13
river 2 Skagit
25 5
25 4
25 3
26 3
26 2
26 3
27 3
river 2 Santa María
18 171
18 170
17 170
18 170
18 169
19 168
19 167
20 166
20 165
21 164
21 163
21 162
21 161
22 160
22 159
23 159
22 160
23 159
24 158
25 157
26 156
26 155
27 154
27 153
river 2 Agua Prieta
16 150
15 151
15 152
15 153
16 153
river 2 
8 154
7 155
6 155
river 2 Magdalena
6 155
5 156
5 157
4 157
3 158
2 158
1 159
1 158
0 158
0 157
-1 157
-1 156
-2 156
-3 157
-3 156
-4 156
-3 155
river 2 Altar
-1 157
0 156
1 156
2 155
3 155
4 154
4 153
5 152
river 2 Asunción
-3 155
-4 155
-5 156
-6 156
-6 157
-7 157
river 2 Double Mountain Fork Brazos
68 133
68 132
river 2 Blackwater Draw
68 132
68 131
68 130
68 129
68 128
67 129
68 128
67 129
67 128
66 128
67 127
66 127
65 127
river 2 Colorado
63 135
63 136
64 136
64 137
64 138
65 138
64 139
65 139
65 140
river 2 Cimarron
85 101
84 102
83 102
82 103
81 103
80 103
79 104
78 105
78 104
77 105
77 104
76 104
75 104
river 2 Big Sandy
83 94
84 93
83 93
84 92
84 91
84 90
84 89
83 89
82 89
82 88
82 87
81 87
82 86
81 86
81 85
80 85
79 86
river 2 Santa Cruz
8 149
9 148
9 147
10 146
11 145
11 144
11 143
11 142
11 141
10 141
10 140
river 2 Black
24 132
23 133
23 132
22 132
22 131
river 2 Salt
22 131
21 131
22 130
21 131
21 130
20 130
19 131
18 132
17 132
river 2 Salt
8 134
9 134
10 133
10 134
11 133
12 133
13 133
13 132
14 132
15 132
16 132
river 2 
13 132
14 131
14 130
15 129
14 129
15 128
16 127
16 126
16 125
16 124
16 123
river 2 Little Colorado
23 111
24 110
24 111
23 112
23 113
24 113
24 114
24 115
23 116
24 116
23 117
24 117
24 118
25 118
25 119
25 120
25 121
26 121
27 121
27 122
27 123
28 123
29 123
29 124
30 124
river 2 Animas
50 101
49 102
49 103
48 104
47 105
46 106
45 106
river 2 Little Snake
59 75
60 75
60 74
61 74
62 73
63 72
63 71
64 71
65 70
65 71
66 70
river 2 Yampa
67 74
66 75
65 75
64 75
63 76
63 75
62 75
62 74
61 74
60 75
59 75
58 75
57 75
57 74
river 2 White
15 91
14 92
14 93
13 93
13 94
13 95
14 95
13 96
12 97
11 98
10 99
10 100
9 101
10 101
9 102
10 102
9 103
9 104
9 105
9 106
10 106
9 107
10 106
10 107
river 2 Meadow Valley
16 97
15 98
14 99
13 100
13 101
13 102
12 103
11 104
10 105
10 106
10 107
river 2 Duchesne
47 75
46 76
47 76
48 76
48 77
48 78
49 77
50 77
51 77
51 78
river 2 Jordan
42 71
42 72
41 73
41 74
40 75
40 76
river 2 Lodgepole
95 71
95 70
95 69
94 69
93 69
92 70
92 69
91 69
91 68
90 69
90 68
89 69
88 69
87 69
86 69
85 69
85 68
84 69
river 2 Laramie
89 60
88 61
87 61
86 61
85 61
84 62
83 62
83 63
82 63
81 63
81 64
80 64
80 65
79 65
79 66
79 67
79 68
78 69
77 69
76 70
76 69
75 70
75 71
river 2 Niobrara
94 59
95 59
96 59
97 58
97 59
98 58
98 59
99 58
100 58
101 58
102 57
103 57
104 57
104 56
105 56
106 56
107 55
108 55
river 2 White
111 48
110 48
109 48
108 48
107 49
106 49
105 50
104 51
104 50
104 51
103 51
102 52
102 53
101 54
100 55
100 54
100 55
99 55
98 56
97 56
river 2 Belle Fourche
110 42
109 43
109 42
108 43
107 43
106 43
106 42
106 41
105 41
106 40
105 40
104 40
104 39
103 40
102 40
102 39
101 39
101 38
100 39
99 39
98 40
99 40
98 40
97 41
97 42
96 42
96 43
96 42
95 43
94 44
93 45
92 45
91 46
river 2 Moreau
117 36
117 35
116 36
115 36
114 36
113 36
river 2 Heart
121 24
120 24
120 23
119 23
river 2 Heart
123 24
122 24
river 2 Little Missouri
113 22
112 23
113 23
112 24
113 24
112 24
111 24
110 25
109 26
109 27
108 28
107 29
107 30
107 31
106 32
105 33
104 34
104 35
103 35
102 36
101 37
100 38
99 38
98 39
river 2 S.  Fk.  Powder
84 48
83 49
82 50
82 51
81 51
80 52
79 53
river 2 Powder
102 23
103 23
102 24
102 25
101 26
101 27
101 28
101 29
102 29
101 30
100 31
99 32
98 33
97 34
96 34
96 35
95 35
94 36
93 37
92 38
91 38
91 39
90 40
90 41
89 42
88 43
88 44
87 45
87 46
86 47
85 48
84 48
river 2 Shoshone
80 38
79 38
78 39
77 39
76 40
75 40
74 40
74 41
73 41
72 42
river 2 S.  Fk.  Shoshone
69 44
70 43
71 42
72 42
river 2 Musselshell
77 25
77 26
78 26
78 27
79 26
79 27
80 26
80 27
81 26
81 27
82 27
83 26
84 25
85 25
86 25
87 25
88 24
89 24
89 23
89 22
89 21
90 21
90 20
90 19
91 18
river 2 Beaverhead
54 37
55 37
55 36
56 36
56 35
57 35
57 34
58 34
59 33
river 2 Jefferson
65 30
64 30
64 31
63 31
63 30
62 30
61 31
60 32
59 33
river 2 Red Rock
56 40
55 41
55 40
54 40
54 39
54 38
river 2 Boise
32 49
31 49
30 50
30 49
30 48
river 2 North Fork Boise
34 47
33 48
32 49
river 2 S.  Fk.  Boise
36 49
35 49
34 50
33 51
32 51
32 50
32 49
river 2 Owyhee
22 51
21 52
20 52
20 53
19 53
19 54
18 55
19 55
19 56
20 56
20 57
20 58
19 59
20 59
20 60
21 60
22 60
22 61
23 61
23 62
23 63
24 63
24 64
river 2 San Felipe
-11 135
-12 136
-13 136
river 2 Mojave
-9 121
-10 121
-11 121
-12 121
-12 122
-13 122
-14 123
-14 124
-14 125
-15 126
river 2 Owens
-9 98
-9 99
-9 100
-9 101
-8 100
-8 101
-8 102
-9 103
-9 104
-9 105
-9 106
-10 107
-9 107
-10 108
-9 108
river 2 Tuolumne
-13 96
-14 96
-15 97
-15 96
-16 97
-16 96
-17 97
-18 97
-17 97
-18 98
-19 98
-19 99
-19 98
-20 99
-20 98
-21 99
-22 99
-23 99
river 2 North Fork American
-13 85
-14 86
-15 86
-15 87
-16 87
-16 88
-17 88
-17 89
-18 89
-18 90
river 2 American
-18 90
-19 90
-20 91
-20 90
river 2 Russian
-27 86
-28 87
-28 88
-28 89
-28 90
-27 90
-28 91
-29 91
-30 92
river 2 Trinity
-16 69
-17 70
river 2 Blackfoot
62 21
61 21
61 22
61 21
60 21
59 21
58 21
57 22
57 21
56 22
river 2 Sun
67 16
68 16
68 17
69 16
69 17
70 16
70 17
71 16
72 16
72 17
73 16
73 17
river 2 Lochsa
48 25
47 26
46 26
45 27
44 27
44 28
43 28
river 2 Selway
47 30
47 29
47 28
46 28
45 29
45 28
44 29
44 28
43 28
river 2 North Umpqua
-5 51
-6 52
-6 51
-7 52
-7 51
-8 51
-9 52
-9 51
-10 52
-10 51
-11 52
-10 51
-11 52
-11 51
-12 52
river 2 South Umpqua
-12 52
-11 52
-12 53
-12 54
-11 54
-11 55
-10 54
-9 54
river 2 Crooked
10 45
9 45
9 44
8 45
8 44
7 45
6 45
7 44
6 44
7 43
6 43
6 42
5 43
5 42
river 2 Deschutes
12 32
12 33
11 34
10 35
9 36
8 37
9 37
8 37
9 37
8 38
8 39
7 39
6 40
6 41
5 42
5 43
4 44
3 45
3 46
2 46
2 47
1 47
1 48
1 47
0 48
river 2 Yakima
19 19
19 20
20 20
19 21
20 21
19 22
20 22
19 23
18 24
19 24
18 25
19 25
18 26
19 26
19 27
20 27
20 28
21 27
22 27
23 27
23 26
24 26
24 27
river 2 Chehalis
5 23
5 22
4 22
4 21
3 21
2 21
river 2 Souris
131 9
131 8
131 7
131 6
131 5
131 4
131 3
130 3
131 2
130 3
129 4
129 3
128 4
128 3
127 4
127 3
126 4
126 3
125 3
125 2
124 3
124 2
124 1
123 1
124 0
123 0
river 2 Milk
103 12
103 11
102 11
101 11
102 10
101 10
101 9
100 9
100 8
99 8
98 8
98 7
97 8
96 9
95 10
95 9
94 10
94 9
93 9
92 9
92 8
91 9
91 8
90 8
89 8
89 7
88 7
87 8
86 8
85 8
85 7
river 2 Milk
85 6
85 5
84 5
84 4
83 4
83 3
82 3
81 3
80 3
79 3
78 4
78 3
77 3
76 4
76 3
75 3
74 3
73 4
72 4
71 5
72 4
71 5
71 4
70 5
river 2 Middle Fk.  Flathead
62 8
63 8
63 9
64 9
63 10
64 10
63 11
64 11
river 2 Kootenay
58 1
58 0
river 2 Slocan
46 0
47 0
46 1
river 2 Skagit
15 10
16 9
17 8
18 8
19 8
20 8
20 9
21 8
22 7
23 7
24 6
25 5
river 2 Skagit
16 9
15 9
river 2 Okanogan
35 0
35 1
35 2
34 3
34 4
34 5
33 6
33 7
32 8
32 9
31 9
30 10
29 11
30 11
29 11
29 12
river 2 Cowichan
7 6
8 5
8 6
9 6
10 6
river 2 Little Missouri
122 16
121 17
121 16
120 16
120 15
119 15
119 16
118 16
117 16
116 17
116 16
115 17
115 18
114 19
114 20
114 21
113 22
river 2 Boise
30 48
29 48
28 48
27 48
26 48
26 47
river 2 Owyhee
24 49
24 48
25 48
26 47
river 2 Clearwater
37 25
37 26
38 25
39 25
40 25
41 25
42 25
41 26
river 2 Umpqua
-12 52
-11 51
-12 51
-12 50
-11 50
-11 49
-11 50
-11 49
-12 49
-11 48
-12 49
-12 48
-13 49
-13 48
river 2 Kootenay
50 3
51 3
50 4
50 5
51 5
50 5
51 5
50 6
50 7
51 6
51 7
52 7
51 8
52 8
52 9
53 9
54 9
54 10
55 9
river 2 Harrison
21 3
21 2
river 2 Musselshell
92 17
91 18
river 2 Little Missouri
123 16
122 16
river 2 Trinity
-17 70
-17 71
-18 72
river 2 Salt
16 132
17 131
17 132
river 2 Heart
121 24
122 24
river 2 Red Rock
54 37
54 38
river 2 Owyhee
24 49
23 49
23 50
23 51
22 51
river 2 Kootenay
55 9
55 8
56 8
56 7
56 6
57 5
58 4
58 3
river 2 Kootenay
58 1
58 2
58 3
river 2 Kootenay
51 0
50 1
51 1
50 2
51 2
50 3
river 2 Harrison
23 0
23 1
22 2
21 2
river 2 Milk
85 7
85 6
river 1 
23 168
23 169
23 170
river 1 
24 171
23 171
22 171
river 1 Santa Isabel
21 172
20 173
21 173
21 174
river 1 Casas Grandes
19 156
18 157
18 158
17 159
river 1 Papigochi
15 176
15 175
15 174
river 1 Mátape
4 170
3 170
2 171
1 171
river 1 San Miguel
7 157
6 158
6 159
5 159
river 1 Bacanuchi
9 154
10 154
9 155
9 156
river 1 Bacoachi
-1 163
0 162
river 1 Altar
5 152
6 151
5 151
6 151
6 150
river 1 El Coyote
3 151
2 151
1 151
river 1 
5 142
4 143
3 144
3 145
river 1 Alamos
45 174
46 174
46 175
47 175
river 1 Rio San Rodrigo
49 171
50 171
river 1 El Caballo
48 168
49 168
49 167
50 167
river 1 Penasco
47 138
46 138
46 137
45 138
44 138
river 1 Running Water Draw
62 124
63 124
64 124
64 125
65 124
river 1 Carrizo
71 109
70 109
70 108
river 1 Beaver
73 106
74 106
74 107
river 1 Purgatoire
65 101
65 102
65 103
66 103
67 103
river 1 Arikaree
83 84
84 83
85 83
86 82
87 82
river 1 Republican
92 78
91 79
river 1 Beaver
94 83
93 83
river 1 San Jose
41 118
41 119
41 120
river 1 San Pedro
14 147
13 148
13 149
13 150
river 1 San Cristobal Wash
-1 145
-1 144
-1 143
river 1 Verde
16 123
16 122
16 121
15 121
14 122
14 121
river 1 Centennial Wash
7 128
6 129
5 129
4 130
3 131
4 131
river 1 Carrizo Wash
34 125
34 126
33 127
33 128
river 1 Chaco
43 111
44 111
44 112
river 1 Dolores
51 97
50 98
50 99
49 99
river 1 Taylor
63 87
63 88
63 89
62 89
river 1 White
62 79
61 79
61 78
60 79
59 79
river 1 Little Snake
66 70
67 70
67 71
68 70
68 71
river 1 Meadow Valley
18 94
18 95
17 96
16 97
river 1 Virgin
21 102
20 103
20 102
19 102
river 1 Muddy
37 89
38 88
38 87
37 87
river 1 Sevier
26 98
27 97
27 96
river 1 Bad
111 46
110 47
110 46
109 47
108 47
river 1 S.  Fk.   of the Grand
111 32
110 32
109 32
108 33
108 32
107 33
106 33
river 1 Sweetwater
65 59
66 59
67 59
river 1 Greybull
74 43
73 44
72 45
river 1 Clarks Fk.  Yellowstone
71 37
71 38
71 39
72 38
river 1 Tongue
83 39
84 39
85 38
86 38
river 1 Big Dry
95 19
94 19
93 20
river 1 Gallatin
64 39
65 38
64 38
64 37
river 1 Big Hole
51 36
52 35
52 34
river 1 Middle Fk.  Salmon
40 40
39 41
39 42
river 1 North Fork Boise
37 46
36 46
35 47
35 46
34 47
river 1 Big Wood
39 47
40 47
40 48
40 49
river 1 Big Lost
45 46
45 45
44 45
43 46
42 47
river 1 Bruneau
25 67
25 66
25 65
river 1 Reese
4 89
3 89
3 88
4 87
5 86
river 1 Amargosa
-5 111
-5 112
-5 113
-5 114
-5 115
-4 115
-3 114
-3 113
-2 112
-2 111
-2 110
-2 109
-2 108
-2 107
-1 106
-2 106
-1 105
-1 104
0 103
river 1 Kings
-14 105
-13 104
-13 103
-12 103
-12 104
river 1 Merced
-12 98
-13 98
-13 97
-14 98
river 1 S.  Fk.  American
-12 89
-13 89
-14 89
river 1 Quinn
3 71
3 72
4 71
5 70
5 69
river 1 Malheur
18 46
18 47
19 47
19 48
river 1 Grande Ronde
27 34
26 35
26 34
25 35
24 35
23 35
river 1 North Umpqua
-4 52
-4 51
-5 51
river 1 North Santium
3 40
4 39
3 39
2 39
1 40
river 1 Crab
34 18
35 18
35 17
36 16
37 16
37 15
river 1 Saint Joe
50 20
49 20
49 21
48 21
49 20
49 19
48 19
river 1 Cowlitz
10 25
11 25
12 24
13 23
14 23
river 1 White
13 22
14 21
14 20
river 1 Two Medicine
65 9
66 8
66 9
67 9
68 9
river 1 Big Muddy Cr.
115 4
114 5
river 1 Long
121 1
120 1
120 0
river 1 Frenchman
95 0
94 0
93 0
92 0
river 1 S.  Fk.  Flathead
62 16
62 17
61 18
60 18
river 1 Similkameen
29 2
29 3
28 3
27 4
27 3
river 1 
23 170
24 170
25 169
25 168
25 167
26 167
27 167
27 168
river 1 
27 174
26 174
26 173
26 172
25 172
24 173
24 172
24 171
river 1 Santa Isabel
21 174
21 175
21 176
river 1 San Pedro
25 176
26 176
river 1 Casas Grandes
27 151
27 150
28 149
27 149
26 149
25 149
25 150
24 151
24 152
23 153
22 153
22 154
21 155
20 155
19 156
river 1 Verde
12 176
13 175
13 174
14 173
13 173
14 172
river 1 Papigochi
15 174
16 173
15 173
15 172
15 171
15 170
14 171
14 172
13 172
13 171
13 170
13 169
14 168
14 167
13 167
12 168
12 169
river 1 Aros
12 169
11 169
11 170
10 171
10 170
11 169
10 169
11 168
10 168
11 167
10 167
10 166
river 1 Mátape
1 171
1 172
0 173
0 174
-1 175
-2 175
-2 176
river 1 San Miguel
5 159
5 160
4 160
5 160
4 161
4 162
4 163
3 164
3 165
2 166
1 166
1 167
0 167
0 168
-1 169
river 1 Bacanuchi
8 159
9 158
9 157
9 156
river 1 
-5 167
-5 168
-6 168
-6 169
river 1 El Coyote
-3 155
-2 154
-1 154
-1 153
0 153
0 152
1 151
river 1 
3 145
2 146
2 147
1 148
river 1 Sonoita
1 148
0 148
0 147
0 146
-1 146
-2 146
-3 147
-4 148
-4 149
-5 150
-5 151
-6 152
river 1 Alamos
47 175
47 176
river 1 El Caballo
50 167
51 166
52 166
river 1 Penasco
50 139
49 139
48 139
48 138
47 139
47 138
river 1 Running Water Draw
65 124
65 125
66 124
66 125
67 125
68 125
68 126
69 126
69 127
70 126
70 127
71 127
71 128
71 129
river 1 Carrizo
74 111
73 112
73 111
72 112
73 111
72 111
72 110
71 110
71 109
river 1 Rita Blanca
74 110
74 111
74 112
73 113
73 114
73 115
river 1 Beaver
74 107
75 107
76 107
77 107
78 107
77 108
78 108
79 108
80 107
81 107
81 106
82 106
river 1 Purgatoire
67 103
68 102
69 102
70 102
71 102
72 101
73 100
74 99
75 98
76 98
77 97
78 96
79 95
river 1 Arikaree
87 82
88 81
89 81
90 81
91 80
92 80
93 79
94 78
river 1 Republican
96 79
96 78
95 79
95 78
94 79
94 78
93 79
93 78
92 78
river 1 San Jose
41 120
42 120
43 120
river 1 San Jose
43 120
43 121
44 121
river 1 San Pedro
16 137
15 138
15 139
15 140
16 140
15 141
15 142
15 143
15 144
14 145
14 146
14 147
river 1 San Cristobal Wash
-1 143
-1 142
-1 141
-1 140
-1 139
-2 139
river 1 Centennial Wash
4 131
3 132
4 132
4 133
4 134
5 134
5 135
6 135
river 1 Carrizo Wash
30 124
31 124
32 124
32 125
33 124
33 125
34 125
river 1 Puerco
37 116
36 117
35 117
35 118
34 118
33 118
33 119
32 119
31 120
31 119
31 120
30 120
29 121
28 121
27 121
river 1 Chaco
43 106
44 106
43 107
42 108
42 109
41 110
41 111
42 110
42 111
43 110
43 111
river 1 Dolores
49 99
48 99
47 100
47 99
46 99
46 98
47 97
46 97
47 97
47 96
47 95
48 94
47 94
48 93
49 92
49 91
49 90
49 89
48 89
river 1 Taylor
62 89
61 90
river 1 Gunnison
61 90
60 91
59 91
river 1 Gunnison
57 92
56 92
56 91
56 90
55 91
55 90
56 89
55 89
54 89
53 89
53 88
53 87
river 1 White
59 79
60 78
59 78
59 77
58 77
57 78
56 78
55 78
54 79
53 79
52 80
52 79
52 78
51 78
river 1 Muddy
10 108
10 107
river 1 Virgin
19 102
18 103
17 103
16 104
15 104
15 105
15 104
14 105
13 106
13 105
12 106
11 107
river 1 San Pitch
38 83
37 84
37 85
36 86
35 86
river 1 Sevier
27 96
28 95
29 94
30 93
30 92
30 91
31 90
32 90
33 89
34 88
35 87
35 86
36 85
35 85
36 84
35 84
36 83
35 83
36 82
35 82
34 83
33 84
32 84
31 85
30 85
29 86
28 87
river 1 Bad
113 45
112 46
112 45
111 46
river 1 Grand
119 32
119 31
118 32
117 32
117 31
116 31
river 1 North Fk.  of the Grand
116 31
115 31
115 30
114 30
river 1 S.  Fk.  of the Grand
116 31
115 32
114 32
113 32
112 32
111 32
river 1 Sweetwater
67 59
68 59
68 58
69 58
70 58
71 57
71 58
72 58
73 58
74 58
74 59
75 58
76 58
77 58
river 1 Greybull
79 41
78 42
77 43
77 42
77 43
77 42
76 43
76 42
75 42
74 43
river 1 Clarks Fk.  Yellowstone
72 38
72 39
73 39
74 38
75 37
76 36
77 35
77 34
78 34
78 33
79 32
river 1 Tongue
86 38
87 37
87 38
88 37
88 36
89 36
89 35
90 35
91 34
92 33
93 32
94 31
93 31
94 31
94 30
95 30
96 29
97 28
98 28
98 27
99 26
98 26
river 1 Big Dry
99 18
98 18
97 18
96 18
95 18
95 19
river 1 Big Dry
101 16
100 17
100 18
99 18
river 1 Gallatin
64 37
63 37
64 36
64 35
65 34
65 33
66 32
66 31
66 30
65 30
river 1 Big Hole
52 34
53 33
53 32
54 31
55 30
55 31
55 30
56 30
57 30
56 31
57 31
58 31
57 32
58 32
57 33
57 34
58 34
58 33
59 33
river 1 Middle Fk.  Salmon
46 35
45 35
44 36
44 37
43 38
43 39
42 39
41 40
41 39
40 40
river 1 Big Wood
40 49
40 50
39 51
38 52
39 52
38 53
37 54
36 54
35 54
34 55
river 1 Big Lost
50 47
49 48
48 49
47 49
46 50
46 49
46 48
46 47
46 46
45 46
river 1 Bruneau
25 65
26 64
26 63
26 62
27 61
27 60
28 59
29 58
29 57
28 58
29 57
28 57
29 56
29 55
28 55
29 54
28 54
river 1 Reese
5 86
5 85
6 85
6 84
7 84
7 83
8 82
8 81
9 81
9 80
9 79
10 78
11 77
11 76
12 75
13 74
14 73
13 73
14 72
river 1 Fresno Slough
-22 106
-21 106
-22 107
-21 107
-21 108
-21 109
river 1 Kings
-21 109
-20 109
-19 108
-19 109
-18 108
-17 107
-18 107
-17 106
-16 105
-15 105
-14 105
-14 104
-14 105
river 1 Merced
-14 98
-15 98
-16 99
-16 98
-17 99
-17 98
-18 99
-19 100
-20 100
-21 100
-22 101
-23 101
river 1 S.  Fk.  American
-14 89
-15 89
-16 89
-17 89
-18 90
river 1 North Fork Feather
-11 77
-12 78
-13 79
-14 79
-14 80
-15 80
-15 81
river 1 Quinn
5 69
6 69
6 68
7 68
7 67
8 67
9 66
9 67
10 66
10 67
11 67
11 66
12 66
12 65
13 64
14 63
15 63
river 1 Malheur
19 48
18 49
river 1 Malheur
19 49
20 48
21 47
21 48
22 47
23 47
24 46
25 46
26 46
27 45
river 1 Grande Ronde
36 28
35 29
34 29
33 29
32 30
31 30
30 31
29 32
28 33
28 34
27 35
27 34
river 1 Lower Crab
23 22
24 22
25 22
26 22
27 21
river 1 Crab
27 20
28 19
28 18
28 17
29 17
30 17
river 1 Crab
30 17
30 18
31 18
32 18
33 18
34 18
river 1 Saint Joe
43 15
42 15
41 15
40 15
39 15
40 14
39 14
38 14
37 14
37 13
36 13
river 1 Saint Joe
48 19
47 19
46 19
46 18
45 19
45 18
44 18
43 18
42 18
river 1 Cowlitz
3 28
4 27
4 26
5 25
6 25
7 25
7 24
7 25
8 25
9 25
10 25
river 1 White
14 20
14 19
13 20
13 19
12 19
12 18
11 19
10 19
11 18
river 1 Two Medicine
76 10
76 9
75 10
75 9
74 9
73 9
72 9
72 8
72 9
71 9
71 8
70 9
70 8
69 9
69 8
68 9
river 1 Marias
79 13
79 12
79 11
80 11
79 11
80 10
79 10
78 10
77 10
river 1 Big Muddy Cr.
114 5
114 6
115 6
116 6
115 7
116 7
115 8
114 9
113 10
112 11
113 11
river 1 Moose Mountain
131 0
132 0
131 1
130 2
131 2
river 1 Long
126 3
125 4
124 4
123 4
122 4
122 3
121 3
121 2
121 1
river 1 Frenchman
95 0
96 0
95 1
96 0
96 1
97 1
97 2
98 1
99 1
100 1
100 2
100 3
101 3
101 4
101 5
101 6
100 7
100 8
river 1 
82 1
81 1
81 0
80 1
79 1
78 1
77 1
77 0
76 0
75 0
74 0
74 1
73 1
72 1
73 0
river 1 S.  Fk.  Flathead
62 12
63 12
62 13
63 13
62 14
63 14
62 15
62 16
river 1 S.  Fk.  Flathead
61 10
62 9
61 9
river 1 Elk
58 3
59 2
60 1
60 0
61 0
river 1 Similkameen
29 2
30 1
30 0
30 1
31 0
31 1
32 1
32 2
32 3
33 2
33 3
33 4
34 4
34 5
river 1 Kettle
40 0
39 0
39 1
38 2
37 3
37 4
38 4
38 5
39 5
39 4
40 4
41 4
41 5
40 6
41 6
40 7
river 1 Muddy
10 109
10 108
river 1 Virgin
11 107
10 108
10 109
9 110
9 111
8 111
river 1 Big Dry
102 13
102 14
102 15
101 16
river 1 Sweetwater
77 58
76 59
river 1 North Fork Feather
-15 81
-16 82
river 1 Gunnison
59 91
58 92
58 91
57 92
river 1 Malheur
18 49
19 49
river 1 Crab
27 20
26 21
27 21
river 1 Saint Joe
43 15
43 16
42 17
43 17
42 18
river 1 Marias
77 10
77 9
76 10
river 1 S.  Fk.  Flathead
62 12
62 11
62 10
61 10
river 0 Klickitat
13 25
13 26
14 26
13 26
river 0 Klickitat
13 26
13 27
12 28
12 29
13 29
12 30
11 31
10 32
river 0 Nehalem
-4 32
-3 31
-2 31
-2 30
-1 30
0 29
1 29
river 0 Nehalem
1 29
1 30
river 0 Clackamas
2 34
3 34
3 35
3 36
4 36
3 37
4 37
river 0 Clackamas
4 37
4 38
3 39
river 0 Hardy
-12 142
-12 143
-13 144
-12 144
river 0 Tutuaca
11 174
11 175
11 176
river 0 
18 153
18 152
19 151
18 151
river 0 
13 155
13 156
12 157
12 158
river 0 Sonora
10 156
10 157
9 158
river 0 
-3 165
-4 166
-5 167
river 0 Sásabe
5 150
4 151
3 152
river 0 San Andrés
-18 168
-18 169
-19 170
river 0 Bocana
-19 164
-20 164
-21 165
river 0 San Rafael
-18 153
-19 153
-20 153
river 0 Maravillas
44 161
44 162
44 163
44 164
river 0 Rita Blanca
73 109
74 109
74 110
river 0 Punta de Agua
71 113
71 112
70 112
70 111
river 0 Puerco
46 117
46 116
46 115
45 115
river 0 San Simon
21 143
21 144
22 144
21 145
river 0 Hassayampa
12 125
11 126
11 127
10 128
9 128
9 129
river 0 Santa Maria
6 126
7 126
8 126
8 125
9 125
10 124
river 0 Big Sandy
11 119
10 120
9 121
9 120
8 121
river 0 Little Colorado
30 124
30 125
29 125
29 126
29 127
28 128
27 128
28 128
river 0 Rio Chama
53 107
53 108
52 109
53 109
52 110
53 110
river 0 Chinle Wash
37 108
36 109
36 110
35 111
river 0 Fremont
34 91
34 92
33 92
33 93
river 0 San Pitch
40 81
39 82
39 83
38 83
river 0 Duchesne
47 75
46 75
47 74
47 73
river 0 Lance
93 52
92 52
91 53
91 52
90 53
river 0 Beaver
96 44
96 45
96 46
96 47
96 48
river 0 North Fk.  of the Grand
114 30
113 30
113 29
112 30
112 29
111 29
river 0 Cedar Creek
113 26
114 26
114 27
115 27
river 0 Cannonball
116 25
115 25
115 24
114 25
113 25
river 0 Middle Fk.  Powder
82 49
82 48
81 49
80 49
river 0 North Fork Powder
82 45
82 46
83 46
82 47
river 0 Pahsimeroi
46 45
46 44
47 43
47 42
river 0 Tijuana
-16 144
-17 144
-17 143
-18 143
-19 143
river 0 Kern
-12 107
-12 108
-13 109
-13 110
river 0 Mokelumne
-11 91
-12 91
-13 91
-14 91
river 0 North Yuba
-11 82
-12 83
-12 82
-13 83
-14 83
river 0 North Fork Eel
-24 78
-24 77
river 0 North Fork Sprague
0 57
-1 58
river 0 Sycan
0 57
0 56
-1 56
river 0 Williamson
-4 55
-3 54
river 0 Bitterroot
52 27
51 28
51 29
river 0 Lochsa
50 25
49 25
48 25
river 0 Clearwater
43 31
43 30
42 31
42 30
41 31
41 30
river 0 South Santium
-1 42
0 41
0 42
1 41
river 0 Pine
40 20
39 20
39 19
38 19
37 19
river 0 Palouse
42 21
41 21
40 21
39 21
river 0 Skykomish
17 14
18 14
18 15
19 15
20 15
river 0 Snoqualmie
15 16
15 17
16 17
17 17
river 0 Quinault
7 15
6 16
5 16
river 0 Hoh
6 14
6 13
5 14
5 13
4 14
river 0 Cut Bank Creek
70 7
71 7
72 7
72 8
river 0 Poplar
110 4
109 4
109 3
river 0 Lodge
86 0
87 0
86 1
87 1
87 2
river 0 
72 1
71 2
71 3
river 0 St. Mary
67 5
68 4
69 4
69 3
river 0 Belly
65 5
66 4
67 3
66 3
67 3
river 0 Tutuaca
11 174
10 174
10 173
11 172
11 171
12 170
12 169
river 0 
18 151
17 152
16 152
river 0 
15 153
14 154
13 155
river 0 Sonora
9 158
9 159
8 159
7 160
7 161
6 162
6 163
5 164
5 165
5 166
4 166
3 167
2 167
1 168
0 169
-1 169
river 0 Bacoachi
-1 163
-2 164
-2 165
-3 166
-3 167
-4 167
-5 168
-6 168
-6 169
-7 169
river 0 Sásabe
3 152
2 153
1 154
1 155
0 156
-1 156
river 0 San Andrés
-19 170
-19 171
-20 171
-20 172
-21 172
-22 173
river 0 Bocana
-21 165
-22 165
-23 166
-23 167
river 0 San Rafael
-20 153
-20 152
-21 153
-22 153
-23 153
-23 154
river 0 Bear Lake Outlet
51 61
51 60
52 59
river 0 Maravillas
44 164
44 165
45 164
45 165
45 166
46 165
river 0 Punta de Agua
72 116
73 115
73 114
72 115
73 114
72 114
71 114
71 113
river 0 Puerco
43 126
43 125
44 124
44 123
44 122
44 121
45 121
45 120
46 119
46 118
46 117
river 0 San Simon
21 138
21 139
21 140
21 141
21 142
21 143
river 0 Hassayampa
9 129
9 130
8 131
7 132
7 133
6 134
7 134
river 0 Bill Williams
6 126
5 127
4 127
4 126
3 127
3 126
river 0 Big Sandy
8 121
7 122
7 123
7 124
6 125
6 126
river 0 Rio Chama
53 110
54 110
54 111
54 112
river 0 Chinle Wash
37 108
37 107
38 106
37 106
38 105
37 105
38 104
39 103
38 103
39 103
38 103
39 102
river 0 Dirty Devil
38 96
39 95
39 94
39 93
39 92
river 0 Muddy
39 92
38 92
38 91
38 90
38 89
37 89
river 0 Fremont
33 93
34 93
35 93
36 93
37 93
38 92
39 92
river 0 Strawberry
44 78
45 78
46 78
47 77
47 78
48 77
river 0 Lance
95 51
94 51
94 52
93 52
river 0 Beaver
96 48
96 49
96 50
97 50
river 0 Cedar Creek
115 27
116 27
116 28
117 28
117 29
118 28
118 29
119 28
119 29
120 29
121 29
river 0 Cannonball
122 27
121 27
121 26
120 26
119 26
118 26
117 26
117 25
116 25
river 0 Middle Fk.  Powder
84 48
83 48
82 49
river 0 North Fork Powder
82 47
83 47
83 48
river 0 Pahsimeroi
47 42
46 42
47 41
46 41
46 40
river 0 Payette
28 45
28 46
29 46
29 47
30 46
river 0 North Fork Payette
34 42
33 43
33 44
32 45
31 46
30 46
river 0 Tijuana
-19 143
-20 143
-19 142
-20 142
-21 142
-20 141
-21 141
river 0 Kern
-16 115
-17 116
-18 116
-19 117
-20 117
river 0 Kern
-13 110
-13 111
-14 111
-14 112
-15 113
-15 114
river 0 Mokelumne
-14 91
-15 92
-16 92
-17 93
-18 93
-19 94
-19 93
-20 94
-21 94
-22 94
-21 93
-22 94
-23 95
river 0 North Yuba
-14 83
-15 83
-15 84
-16 85
-17 85
-18 86
-19 86
river 0 North Fork Eel
-25 79
-24 79
-24 78
river 0 North Fork Sprague
-1 58
-2 58
river 0 Sycan
-1 56
-2 57
-2 56
-2 57
-3 57
-3 58
river 0 Williamson
-6 58
-6 57
-5 56
-4 55
river 0 Bitterroot
55 22
54 23
55 23
54 24
53 25
53 26
52 27
river 0 Middle Fk.  Clearwater
41 28
42 28
43 28
river 0 Clearwater
41 30
40 31
40 30
41 29
41 28
42 27
41 27
41 26
river 0 
14 51
13 51
13 52
12 52
river 0 Santium
-3 39
-4 40
-3 40
river 0 South Santium
-3 40
-3 41
-3 42
-2 42
-1 42
river 0 North Santium
1 40
1 39
0 40
0 39
-1 39
-2 39
-3 40
river 0 Rock Creek
37 19
36 19
36 20
35 20
34 20
34 21
river 0 Palouse
39 21
38 21
37 22
37 21
36 21
35 21
34 22
34 21
34 22
33 22
32 23
31 23
31 24
river 0 Skykomish
15 14
16 14
17 14
river 0 Snoqualmie
15 14
15 15
15 16
river 0 Snohomish
15 12
15 13
15 14
river 0 Quinault
5 16
4 16
4 17
3 17
2 17
2 18
1 18
river 0 Hoh
4 14
3 14
2 14
1 15
river 0 Girard
111 5
112 4
111 4
112 3
111 3
110 3
river 0 Poplar
109 12
110 11
111 10
110 10
111 9
110 9
110 8
110 7
111 6
110 6
111 5
111 6
111 5
110 5
110 4
river 0 Lodge
87 2
87 3
88 3
88 4
88 5
88 6
89 6
89 7
89 8
river 0 St. Mary
73 0
72 0
71 1
river 0 St. Mary
69 3
69 2
70 1
river 0 Belly
67 3
67 2
68 2
68 1
69 1
70 0
river 0 Priest
46 8
46 9
46 10
45 10
46 10
45 11
river 0 Stave
19 2
18 3
river 0 Chilko
6 2
5 2
5 1
river 0 San Juan
5 8
6 7
6 8
7 7
7 8
8 7
river 0 Kern
-15 114
-16 115
river 0 St. Mary
70 1
71 1
