136 177
97 110 93 89 91 111 97 -1 91 100 102 97 -4 107 96 95 105 101 99 99 97 102 84 102 95 -128 99 106 97 89 96 95 101 94 79 102 110 97 90 102 99 83 106 94 -1 96 85 94 88 93 90 106 91 81 88 85 94 107 105 107 89 93 90 87 96 96 99 102 101 100 104 105 106 105 104 102 104 102 104 104 104 104 104 106 104 106 104 100 100 100 101 104 105 100 102 101 104 102 107 101 100 106 105 105 106 104 105 106 105 106 106 104 105 105 106 107 105 104 105 107 106 107 107 108 108 108 108 108 108 108 108 108 106 108 108 111
30 96 58 81 33 26 74 15 -35 -1 -6 -1 -1 -1 106 33 55 37 0 0 27 56 35 47 19 82 65 42 38 6 82 45 35 35 8 94 20 26 26 71 6 64 43 58 -6 0 0 35 54 30 3 53 0 14 20 38 58 49 64 66 25 38 25 31 48 44 42 47 62 60 68 52 68 70 68 64 66 65 68 64 74 68 71 70 71 58 54 60 58 60 62 64 64 64 62 67 71 58 78 66 71 72 67 68 72 68 81 78 72 78 73 66 72 79 84 83 81 79 79 84 84 87 87 90 89 87 85 85 87 85 87 87 88 89 93 99
-1 -69 79 76 70 62 13 97 83 27 39 -1 -1 -9 -2 -1 8 36 20 49 53 78 0 21 -75 74 22 4 6 16 50 53 38 47 0 15 96 43 21 24 36 4 65 64 8 32 -128 18 19 48 6 0 0 20 47 0 0 27 52 59 79 48 50 9 13 20 12 39 52 62 58 58 54 64 48 52 61 65 67 67 67 66 67 70 71 71 60 59 60 60 64 67 64 66 64 65 70 62 61 67 67 72 68 66 61 68 68 67 62 61 71 72 73 70 81 78 72 72 77 74 79 81 85 85 88 90 88 88 88 85 89 87 88 90 91 95
-1 -64 42 8 76 44 -1 70 54 81 66 39 -1 -2 -1 -103 -105 16 6 -128 -128 -128 35 70 25 30 7 36 18 10 53 9 22 50 44 76 62 1 39 38 65 61 16 60 38 42 43 12 67 43 0 33 53 78 14 37 15 16 43 72 35 39 18 15 22 37 39 55 49 47 52 54 42 43 48 55 60 54 62 66 66 73 76 67 60 67 60 71 70 66 67 66 64 64 73 68 68 68 68 68 71 74 77 73 61 66 67 68 67 64 65 70 73 77 70 76 84 83 82 78 79 79 84 89 87 88 93 89 87 89 90 94 91 91 97 97
-1 -1 -128 48 38 19 -128 65 89 70 107 89 7 -1 -1 0 0 0 0 0 0 0 0 0 0 0 0 0 0 0 0 0 0 0 0 0 0 0 0 0 0 0 0 0 0 0 0 0 0 0 0 0 0 0 0 0 0 0 0 0 0 0 0 0 0 0 0 0 0 0 0 0 0 0 0 0 0 0 0 0 0 0 0 0 0 0 0 0 0 0 0 0 0 0 0 0 0 0 0 0 0 0 0 0 0 0 0 0 0 0 0 0 0 0 0 0 0 0 0 0 0 0 0 0 0 0 0 0 0 0 0 0 0 0 0 0
-1 -1 -1 -1 -1 -73 64 54 84 55 52 42 1 -84 -120 0 -1 -1 21 25 32 49 83 83 26 12 56 13 41 8 27 26 16 13 0 59 70 67 68 74 30 76 35 55 50 76 91 13 50 0 15 45 32 64 37 7 9 50 33 8 81 2 22 0 42 0 33 21 29 29 32 31 43 42 47 49 54 56 65 45 60 62 42 59 64 67 70 71 73 67 72 71 72 71 70 65 66 70 71 70 73 72 72 74 68 72 76 74 71 73 66 70 74 77 78 72 81 79 77 74 78 0 77 87 82 85 91 89 87 89 87 88 91 90 95 102
-1 -1 -1 -1 -1 33 60 38 66 85 87 64 22 14 48 -1 64 -1 -1 -128 81 18 87 1 50 68 2 26 2 44 3 38 2 43 21 16 90 90 0 56 20 85 18 73 31 62 68 25 9 16 26 1 22 19 60 0 3 37 24 2 62 62 31 36 8 49 3 33 2 37 21 36 31 48 47 49 47 44 64 55 56 56 43 43 60 66 70 71 73 65 71 68 74 77 70 56 62 66 62 64 72 72 79 71 79 72 74 76 66 66 68 72 73 74 74 72 85 91 87 82 74 83 84 84 83 82 87 81 81 82 87 87 87 90 94 99
-1 -1 -1 -1 -1 -1 0 76 66 65 84 85 76 0 -128 0 -45 55 101 64 47 79 12 18 18 0 65 55 48 0 39 3 74 36 10 70 72 90 0 56 87 38 41 29 88 55 41 50 43 0 59 38 4 93 41 37 45 1 21 16 8 77 26 1 18 47 22 19 22 35 27 38 48 52 54 55 49 61 59 56 62 59 54 53 65 68 68 72 73 67 73 72 70 72 72 66 64 64 65 66 70 74 71 71 71 79 72 67 72 71 70 71 70 73 84 70 74 76 76 81 78 0 87 81 82 82 83 82 77 78 79 83 89 89 97 100
-1 -1 -1 -1 -1 -1 -1 -39 -2 53 66 56 65 84 9 -1 8 -105 -1 -1 20 8 24 16 60 32 74 0 0 35 3 30 35 14 25 71 90 74 64 72 45 65 26 36 49 91 55 53 47 8 72 25 35 91 38 0 37 0 52 35 67 16 27 58 7 0 9 38 10 27 0 32 44 45 39 48 47 59 64 60 66 65 60 60 60 61 68 70 72 73 81 82 79 79 83 79 74 70 71 70 67 81 83 82 78 83 68 67 76 66 67 66 77 83 82 79 78 74 81 85 83 88 84 79 85 88 78 82 78 79 76 82 78 89 87 97
-1 -1 -1 -1 -1 -7 -3 8 0 -1 -28 71 67 20 -128 0 -1 -128 108 33 26 55 33 101 53 61 39 0 8 20 16 22 88 26 33 79 91 20 39 48 55 0 41 100 73 62 58 31 -128 0 76 0 77 65 20 58 43 62 59 73 2 14 6 41 61 49 14 35 26 29 21 39 50 52 39 54 62 62 61 58 62 66 64 62 64 64 64 71 68 83 74 65 71 70 77 77 82 81 68 68 76 81 77 84 84 78 79 74 68 65 66 67 71 73 79 77 81 74 82 87 87 0 79 82 84 81 79 77 79 82 77 78 81 82 96 95
-2 -1 -1 -1 -3 -1 -1 -1 65 -32 -78 0 27 -1 -1 0 -1 -1 -1 0 24 38 54 66 33 78 14 0 31 33 30 0 20 91 29 97 77 49 71 59 53 58 32 76 74 72 82 24 78 29 53 32 22 -128 56 0 35 0 84 25 6 59 22 35 59 70 15 42 16 24 32 30 38 45 49 55 54 50 54 61 62 64 66 62 64 72 68 68 70 74 58 60 60 66 62 65 76 74 73 77 79 77 81 74 77 74 79 78 72 72 65 71 77 73 76 76 81 79 89 85 82 83 76 81 88 81 79 81 78 83 81 82 79 83 84 90
-30 -11 -1 -1 -1 -2 -1 62 45 53 43 -1 -1 26 -1 -1 -1 -1 0 19 10 24 94 71 107 62 27 50 15 35 -128 0 62 71 77 87 64 43 41 78 68 66 38 68 15 76 79 6 66 12 -128 78 87 -1 76 30 36 24 59 65 32 53 26 20 71 65 20 2 15 0 27 50 12 44 49 49 50 54 65 58 62 64 72 67 60 71 70 66 79 43 36 45 39 19 61 60 77 74 72 77 77 74 81 76 76 81 84 81 78 79 76 71 71 78 85 85 81 59 77 82 81 0 81 78 87 73 7 -128 88 76 77 81 83 81 82 89
-8 -14 -22 -1 -1 -1 -1 -1 7 67 61 111 88 47 101 65 33 38 -120 4 -1 2 7 71 116 25 41 0 0 0 0 0 0 78 -128 32 -128 97 62 73 21 61 65 10 38 62 81 62 78 85 20 87 78 73 18 0 32 0 16 14 61 0 49 59 58 43 47 18 10 10 32 19 41 32 22 37 43 48 56 61 61 64 54 61 54 66 67 71 78 65 42 27 38 53 61 73 79 60 76 71 77 78 82 74 73 78 81 83 85 -128 -128 32 -128 64 81 77 83 90 87 81 83 -128 82 -128 85 -1 66 84 82 -92 81 83 87 83 82 84
-35 -8 -6 -8 -1 -1 -1 -83 20 97 77 56 38 101 55 73 73 25 -1 -1 12 6 26 91 62 6 60 0 0 0 0 43 -128 72 64 106 79 71 110 -128 -128 78 55 82 65 102 84 78 89 0 66 84 71 16 31 0 38 18 31 49 47 49 36 0 26 -128 41 15 42 31 10 32 31 9 39 44 49 55 58 62 67 65 62 65 67 79 74 71 71 67 54 55 52 59 56 60 12 54 70 74 79 81 73 79 76 79 88 -128 -1 78 84 87 79 79 85 83 82 83 82 76 85 0 81 83 89 81 87 79 84 -1 -128 91 85 83 87 87
-12 -31 -17 -14 -18 -3 -1 -1 -1 67 21 49 90 3 42 0 0 27 0 33 -78 10 24 20 88 10 52 39 0 81 12 47 58 18 66 81 79 84 93 66 82 78 93 74 84 99 79 54 83 48 49 79 70 41 61 32 44 66 54 38 45 45 1 64 55 60 -1 0 41 15 43 48 19 20 7 35 47 55 50 48 55 62 61 67 70 59 77 65 67 68 64 59 61 25 39 68 55 58 68 71 73 82 72 70 67 70 73 -1 77 -1 78 78 81 79 82 83 82 83 78 78 76 77 88 84 83 79 83 83 81 91 -77 -1 81 84 82 83
-34 -28 -25 -21 -13 -1 -1 -1 -1 47 78 33 101 7 0 0 44 -1 0 -7 6 8 13 105 26 76 61 8 43 62 20 73 67 67 73 82 84 66 84 82 78 78 88 76 76 76 88 83 87 38 84 89 22 58 68 38 50 67 71 0 58 22 0 48 62 71 47 67 27 20 33 31 22 21 30 49 44 56 54 53 58 56 55 67 68 54 54 64 67 78 82 58 61 68 62 62 68 67 71 70 73 0 72 -103 -1 -1 89 85 77 65 76 83 79 82 77 79 82 79 81 74 76 0 82 81 82 79 84 83 81 76 83 -1 85 83 83 89
-12 -26 -26 -16 -16 -11 -1 -1 -1 -1 19 96 45 95 45 0 39 14 35 -1 -54 26 16 83 70 94 58 10 50 0 93 36 87 68 73 93 54 100 89 93 83 84 85 79 78 70 78 74 72 82 41 85 31 73 87 42 61 0 10 81 12 33 25 71 65 62 71 12 60 7 15 25 0 44 20 42 36 47 48 45 55 58 -128 72 67 72 67 62 66 58 60 72 70 65 66 78 82 71 84 61 -128 -1 83 66 70 73 77 72 76 65 78 74 74 73 74 81 81 70 79 72 81 88 89 81 82 79 94 88 82 81 83 72 -107 -92 -128 -1
-41 -39 -32 -31 -14 -22 -1 -1 -1 16 19 12 55 49 14 82 9 12 4 0 6 16 94 50 58 25 30 32 9 53 114 64 54 31 101 88 102 91 100 89 85 82 77 78 79 81 81 81 77 36 88 64 72 14 45 36 56 13 0 29 30 82 33 45 41 71 21 0 42 8 21 0 37 12 36 48 54 59 43 55 55 43 67 67 59 37 22 47 78 55 56 68 61 67 71 65 72 71 82 85 53 64 65 64 67 70 71 73 79 78 74 77 73 83 78 76 72 70 72 82 87 0 78 79 79 77 82 78 77 78 84 77 83 50 90 90
-14 -35 -22 -34 -26 -31 -18 -1 -1 -1 25 9 45 60 77 39 16 1 18 -128 -120 24 42 65 90 30 0 50 30 53 67 39 102 43 90 71 99 104 104 97 106 96 76 78 85 79 77 74 84 77 77 81 74 58 50 61 56 32 0 22 41 61 42 74 65 77 81 27 31 19 8 49 43 41 21 33 43 45 56 58 72 66 60 62 60 24 41 60 64 58 50 71 56 61 60 59 67 67 71 70 73 67 73 66 72 72 74 76 81 76 77 72 73 79 79 66 71 68 76 72 81 84 78 78 87 77 78 78 77 83 83 87 85 79 85 82
-44 -39 -39 -36 -21 -11 -1 -1 -1 -1 4 8 31 20 10 6 21 -1 -1 6 7 24 97 62 70 59 85 78 58 62 7 10 72 100 100 99 96 102 99 97 95 90 85 81 87 82 87 81 77 48 79 66 68 70 50 64 50 66 7 21 24 32 25 4 24 81 32 33 13 29 7 18 20 26 25 27 52 43 -128 72 53 60 47 48 47 47 44 53 53 62 64 54 35 18 53 67 67 66 71 72 72 72 64 66 72 74 78 72 76 76 76 74 74 73 68 71 82 71 85 81 78 0 81 78 82 73 78 76 83 82 85 79 76 95 91 90
-23 -30 -41 -44 -44 -28 -1 -1 -1 -1 -1 13 2 1 12 78 15 21 12 3 10 38 110 67 87 88 58 30 68 77 74 53 30 -105 101 96 101 94 106 105 96 97 93 95 90 88 88 82 78 76 76 77 78 53 14 59 31 0 32 27 0 19 29 26 48 10 58 20 18 42 43 42 0 19 16 13 22 32 59 53 41 45 41 44 39 35 14 39 47 48 49 59 49 30 49 59 65 66 66 66 77 72 60 61 65 67 59 68 70 71 76 71 76 54 66 64 64 79 84 74 81 76 74 73 78 73 76 74 78 83 83 83 85 82 85 85
-40 -42 -46 -41 -25 -2 -1 -1 -1 -1 -1 -128 10 36 29 88 3 10 12 16 59 94 104 52 0 16 24 48 41 83 99 87 65 61 96 99 102 94 105 104 99 100 93 95 99 96 89 77 83 55 66 68 67 37 61 27 14 50 13 14 30 0 66 52 32 61 31 25 0 15 54 48 25 27 49 12 9 38 41 44 43 36 26 47 50 31 39 36 47 52 56 58 47 53 58 59 65 71 64 61 78 70 60 66 66 71 72 73 73 73 77 64 62 67 64 71 76 89 78 82 73 0 67 76 79 79 71 76 78 82 83 85 79 84 79 84
-22 -44 -39 -47 -30 -14 -1 -1 -1 -1 -1 18 8 9 62 19 20 7 36 29 65 118 79 19 0 18 66 18 33 77 54 71 60 100 81 82 64 58 97 102 104 91 95 94 91 100 99 84 87 74 74 65 62 64 47 43 62 94 0 42 25 32 25 12 49 25 70 64 25 65 47 12 59 12 44 0 22 42 -128 25 31 45 30 30 39 27 22 33 33 37 54 44 47 26 33 33 56 65 68 64 71 71 68 65 64 65 66 66 70 72 72 73 60 71 76 74 91 82 82 79 73 73 70 66 71 79 72 74 79 78 77 78 78 76 82 84
-50 -44 -55 -37 -20 -20 -3 -1 -1 -1 -1 0 3 64 99 8 14 14 106 88 88 88 78 0 65 38 47 0 62 81 73 62 68 8 62 35 49 100 96 96 97 100 105 104 94 90 -128 72 78 68 64 70 61 59 73 85 67 33 31 36 62 6 19 50 50 31 60 3 53 0 9 33 41 37 16 31 38 41 8 1 38 21 39 26 0 20 42 36 8 32 36 13 7 14 36 45 56 54 70 67 68 68 55 72 68 68 68 67 68 67 65 59 72 76 78 79 73 77 70 81 72 0 72 72 74 72 77 73 78 78 74 81 78 82 83 90
-23 -51 -47 -49 -40 -37 -18 -35 -1 -1 -1 -1 18 10 78 22 13 13 39 79 52 68 66 54 113 45 58 70 35 59 99 79 44 61 44 32 21 -128 56 77 100 101 35 68 20 -124 108 90 -128 68 65 67 87 76 95 104 67 42 62 53 33 15 26 20 41 12 59 43 0 33 29 59 45 16 38 35 0 60 65 41 39 50 38 33 37 32 26 18 18 20 37 30 18 24 39 47 48 64 65 67 65 73 62 64 66 70 66 71 68 70 71 66 76 83 64 74 77 74 68 72 67 68 68 71 77 77 71 73 65 72 74 77 83 84 79 82
-54 -46 -47 -54 -49 -42 -16 -53 -1 -1 -1 -128 94 81 77 76 62 9 15 102 81 68 100 36 62 6 2 36 25 49 85 89 104 73 89 43 25 54 56 87 107 107 113 97 112 108 88 81 -128 30 43 97 110 100 56 84 64 27 66 33 0 27 72 43 44 0 58 2 33 24 45 49 33 36 49 53 21 29 50 50 43 39 20 43 47 24 25 26 31 35 43 41 38 45 47 54 62 59 72 67 68 58 62 65 72 73 72 65 70 71 71 73 77 82 82 79 76 72 71 66 65 4 77 71 71 70 72 72 76 74 74 76 79 79 84 85
-23 -50 -47 -41 -37 -30 -18 -21 -1 -1 -1 27 16 25 64 78 62 19 14 100 110 88 27 73 8 30 2 31 67 90 70 65 65 84 85 62 71 9 45 49 78 97 102 91 93 93 81 71 97 97 106 110 84 49 59 55 72 59 25 0 48 48 21 26 21 0 72 54 30 4 22 58 37 22 45 45 43 20 55 4 22 43 14 25 26 39 35 32 32 25 52 44 47 45 53 58 67 58 52 56 55 65 58 66 70 74 67 65 71 71 70 73 72 66 71 74 70 65 68 73 68 65 70 66 68 68 66 71 71 74 77 79 74 81 77 82
-53 -47 -45 -37 -31 -18 -22 -28 -21 -1 -1 -1 -1 -1 16 66 43 72 107 66 61 12 50 53 50 21 39 49 84 50 101 91 53 61 81 65 54 0 12 1 91 101 105 114 97 52 50 50 76 78 85 65 59 61 58 61 74 16 16 21 4 6 37 27 4 54 37 50 27 33 48 25 4 52 32 18 24 15 7 16 -128 45 29 32 35 32 53 27 30 31 49 45 59 56 59 65 58 45 48 58 64 62 64 82 76 79 82 74 77 84 73 67 73 65 77 72 67 72 66 68 61 22 72 67 70 67 72 73 74 76 74 76 78 81 87 82
-23 -53 -46 -40 -37 -31 -18 -6 -1 -1 -1 -1 24 31 100 15 27 -128 89 104 52 31 73 78 49 0 20 60 66 56 76 90 116 105 82 93 104 102 84 -128 79 79 77 107 84 65 22 9 31 55 0 32 41 49 56 60 106 89 9 10 0 50 22 21 22 0 54 37 27 13 59 47 27 39 26 27 39 32 29 10 52 32 9 38 26 26 54 0 22 20 39 48 47 42 56 52 53 53 49 60 61 65 77 71 56 73 72 62 71 71 71 64 79 74 65 65 74 64 67 67 61 68 62 70 64 71 71 72 71 71 76 74 78 74 73 79
-51 -45 -44 -50 -27 -26 -9 -1 -1 -1 -1 42 49 78 71 94 89 0 84 54 87 78 59 0 58 37 96 74 18 38 61 58 67 91 48 62 88 87 -128 0 0 0 0 0 0 0 0 0 0 0 0 61 9 58 73 88 71 53 41 39 20 9 50 31 4 52 25 20 26 52 21 14 35 32 27 13 0 0 20 36 -128 7 29 21 26 29 38 0 13 39 24 41 41 44 47 53 60 59 59 65 77 55 76 64 70 47 67 62 72 60 77 76 65 68 71 71 72 73 67 70 65 31 66 64 66 71 70 72 71 71 76 81 77 81 89 93
-22 -51 -47 -39 -40 -35 -23 -1 -1 -1 -1 -1 33 59 97 91 94 24 18 66 105 90 68 53 56 74 95 74 76 64 70 72 64 84 1 -128 0 15 47 104 93 82 111 93 43 30 27 73 48 67 35 -128 25 59 78 22 49 4 0 14 22 8 13 45 41 0 35 19 47 35 12 45 22 33 56 41 8 35 41 41 54 42 39 13 2 27 31 2 20 44 49 24 32 50 49 47 58 56 74 71 62 42 74 59 64 67 66 60 59 62 74 67 67 62 71 60 68 66 64 64 60 65 65 67 67 73 68 76 71 79 73 78 76 74 83 82
-50 -50 -49 -41 -42 -59 -8 -1 -1 -1 -1 71 53 88 97 90 72 24 2 25 87 61 48 83 67 89 37 72 90 30 54 35 -128 25 37 47 42 44 91 97 93 93 72 25 36 36 49 67 59 29 30 76 76 76 60 62 49 48 15 41 2 0 35 0 29 44 13 44 22 30 59 24 35 33 42 2 52 18 31 53 42 48 52 0 19 29 0 48 44 52 36 52 30 43 47 56 64 65 66 60 58 67 62 67 66 59 54 73 68 78 67 62 70 65 61 62 73 73 56 64 66 42 67 65 70 64 74 72 70 72 76 81 79 79 82 85
-21 -56 -46 -49 -37 -32 -34 -3 -1 -1 -1 -1 70 97 55 62 33 82 -128 -128 43 91 -128 70 39 107 95 -128 -128 85 97 87 88 66 60 70 99 101 106 105 106 114 94 66 29 70 48 66 37 61 30 24 39 71 65 26 37 47 38 30 0 0 14 36 21 36 44 0 29 33 53 18 52 15 32 4 50 58 15 36 -126 48 48 49 45 31 50 41 48 26 35 36 55 48 45 61 70 59 61 58 61 64 67 66 64 49 56 66 52 67 47 56 65 58 65 71 70 68 59 62 67 59 65 60 65 70 74 73 78 77 73 84 77 83 83 83
-51 -58 -55 -56 -60 -37 -13 -8 -2 -1 -1 -31 61 93 43 43 12 6 -128 24 35 82 53 74 118 79 83 102 85 90 105 99 104 102 102 116 111 99 87 96 90 61 71 19 47 61 42 71 52 35 12 41 -128 58 10 9 38 0 24 65 0 25 26 38 10 1 22 0 30 48 49 59 36 14 21 39 2 29 8 36 35 22 47 56 9 50 31 45 43 16 27 37 58 47 39 44 30 49 56 61 61 73 66 68 56 72 68 43 45 70 54 54 56 62 72 67 68 64 55 66 53 59 62 70 70 71 65 67 67 72 73 74 77 83 84 87
-23 -55 -55 -53 -54 -35 -16 -11 -7 -1 -1 -1 31 64 97 70 12 15 14 9 33 91 42 42 26 39 70 104 47 82 76 104 100 91 93 104 83 81 62 70 83 61 42 42 54 18 39 48 50 55 42 66 0 12 64 77 54 27 0 55 21 49 0 24 26 0 0 10 43 37 31 10 6 8 29 39 49 26 9 25 25 54 24 50 0 49 31 9 61 3 39 30 30 41 52 66 47 59 45 58 56 74 54 67 70 41 33 43 62 67 68 61 52 50 67 62 68 65 60 65 60 58 61 65 66 67 68 72 70 73 71 76 73 76 78 79
-54 -58 -55 -34 -31 -27 -12 -11 -7 -1 -1 36 52 110 83 14 2 -128 20 33 95 102 89 41 2 29 45 95 84 82 78 83 71 95 85 70 85 72 67 54 44 52 66 60 77 61 47 32 0 32 49 0 19 24 38 35 39 42 37 47 31 54 1 48 48 55 0 33 50 49 55 22 16 27 43 52 7 53 16 43 41 0 44 0 38 48 41 61 38 76 15 37 39 29 45 52 42 15 16 54 64 58 50 54 33 49 41 71 60 48 55 45 52 68 65 66 59 59 54 58 61 59 60 59 65 67 70 68 71 76 78 73 78 76 82 79
-23 -58 -55 -51 -35 -34 -13 -11 -3 -4 -1 -1 79 94 70 8 13 14 19 9 107 97 72 41 44 47 89 85 90 81 68 100 88 78 79 66 71 45 30 60 58 53 50 38 43 65 29 36 31 18 8 0 41 0 22 22 19 13 21 0 7 0 21 64 42 24 45 54 29 24 50 12 33 24 39 53 22 48 29 2 44 21 38 15 24 33 43 20 48 70 33 41 9 16 45 54 31 16 0 44 36 41 62 58 60 29 42 60 56 55 60 49 67 59 59 65 56 53 55 62 64 66 58 65 67 71 62 73 76 74 77 82 81 78 84 85
-58 -55 -56 -65 -34 -17 -11 -17 -3 -1 -1 77 85 7 6 12 7 18 47 116 88 37 50 50 21 74 85 61 82 62 96 87 68 31 56 53 29 43 16 19 41 24 52 19 56 48 16 10 0 3 0 21 12 33 30 36 0 38 20 26 9 50 35 12 24 56 0 43 39 0 27 30 37 60 37 32 38 29 13 2 35 48 47 21 33 41 54 14 37 27 52 0 0 33 47 39 24 15 53 12 36 29 54 41 33 47 65 52 60 54 37 58 59 53 61 56 47 52 59 64 60 58 65 65 71 68 74 73 70 74 74 76 74 76 81 85
-23 -55 -55 -56 -40 -18 -13 -6 -4 -1 -1 3 105 94 70 0 1 18 67 123 73 71 67 79 33 72 70 56 59 45 42 84 52 16 31 31 70 59 54 65 45 33 29 45 27 58 59 29 38 35 56 49 19 14 67 35 39 35 4 29 12 0 26 32 4 58 0 47 21 50 30 62 53 37 20 16 41 44 68 31 36 25 35 50 2 53 27 35 38 15 26 33 0 26 49 39 44 41 39 25 55 27 38 37 48 42 65 60 53 52 49 66 54 47 56 61 53 53 60 60 56 60 60 64 62 66 71 70 71 72 70 73 71 77 78 79
-56 -55 -58 -51 -40 -18 -8 -3 -1 -1 -1 16 91 81 32 10 31 14 93 94 65 35 25 27 55 65 76 93 89 54 87 81 60 97 102 58 90 74 64 42 38 18 24 0 49 72 74 84 48 73 50 19 47 47 32 13 2 42 55 38 16 0 41 36 52 4 42 8 24 1 0 24 48 30 38 43 48 38 20 33 45 -107 21 35 50 49 13 50 50 31 54 1 0 47 49 38 49 55 53 20 53 54 54 21 42 58 48 52 37 52 59 55 48 53 61 54 49 55 48 65 61 0 67 71 67 65 71 72 71 78 72 74 76 81 83 84
-25 -56 -58 -58 -60 -13 -11 -1 -1 -1 -1 12 15 47 42 55 0 8 66 100 61 88 99 30 0 61 71 77 87 61 55 67 47 83 54 43 49 35 36 44 61 8 21 35 50 62 60 37 12 62 42 12 19 76 0 37 44 31 47 37 27 53 12 45 49 10 33 31 64 31 38 43 52 29 43 18 12 33 32 36 41 0 39 21 -128 54 52 42 52 48 9 56 41 35 25 48 48 50 42 59 24 26 65 65 30 42 52 47 38 54 55 53 49 56 60 55 49 53 29 55 42 56 67 71 66 71 67 71 72 68 74 73 81 76 78 83
-58 -59 -60 -58 -17 -14 -6 -1 -1 -1 -1 22 73 72 27 -128 4 14 104 19 78 37 78 7 27 83 81 78 64 71 4 65 72 48 16 50 45 50 4 38 21 58 18 25 12 4 47 70 0 44 0 55 79 47 0 36 7 54 13 42 35 0 29 55 14 32 25 30 59 18 47 54 37 36 25 45 9 47 14 0 31 35 61 38 59 55 -105 61 14 47 19 0 9 15 38 35 44 39 47 39 33 27 38 64 47 6 30 47 54 44 58 49 47 50 56 52 52 49 53 38 49 0 68 68 68 72 71 76 71 62 67 72 72 79 96 96
-26 -56 -56 -58 -41 -18 -3 -1 -1 -1 -1 8 73 101 89 7 9 95 60 84 53 41 44 15 67 47 73 78 31 49 44 35 0 25 8 42 90 49 32 38 64 44 9 53 64 6 18 10 72 50 16 65 67 67 39 8 36 43 19 26 2 50 21 43 42 0 45 41 39 1 53 38 21 0 13 20 33 35 31 31 32 32 56 59 47 44 -119 -47 33 43 41 41 36 33 31 30 38 36 37 52 56 39 36 30 55 25 19 38 37 54 60 43 47 44 47 53 41 38 41 21 42 60 56 62 61 71 70 66 76 70 74 70 77 88 81 81
-58 -56 -56 -58 -39 -11 -1 -1 -1 -1 -128 52 96 71 15 0 24 42 94 72 60 26 68 39 64 64 81 78 71 53 62 16 44 18 13 44 3 21 55 9 24 49 22 27 54 53 53 52 41 62 72 45 56 22 22 35 47 37 49 21 26 30 44 9 0 31 20 20 55 0 39 41 42 13 9 4 25 36 36 38 32 38 42 39 54 52 50 43 31 65 60 0 56 22 30 18 35 37 44 52 43 31 24 43 30 12 25 37 52 48 44 41 44 47 38 42 49 50 43 38 47 0 35 25 32 62 74 78 85 81 76 79 79 77 77 85
-25 -58 -56 -58 -49 -31 -1 -1 -1 -1 -1 83 79 111 89 0 0 59 102 35 45 21 81 47 25 62 67 72 42 50 8 38 7 32 49 55 44 44 33 25 24 29 1 22 22 38 41 67 71 62 61 89 64 42 50 20 53 18 32 1 39 30 61 21 25 42 31 25 52 32 30 49 24 14 10 19 24 29 27 22 25 33 29 35 38 36 54 66 41 29 43 45 22 0 25 36 27 36 37 45 52 54 38 32 48 6 0 26 42 33 50 42 37 35 37 42 47 45 47 41 35 47 41 25 24 38 66 73 67 77 70 85 76 67 74 81
-59 -60 -59 -55 -34 -32 -1 -1 -1 -1 50 42 33 91 44 8 -121 61 107 95 72 65 53 3 14 54 65 65 65 67 70 56 58 54 48 33 27 39 19 32 19 25 20 2 32 43 19 65 82 74 78 83 55 47 13 48 26 50 47 50 59 27 62 38 27 58 29 12 44 27 9 36 13 0 31 22 31 31 24 24 29 35 44 56 38 44 55 36 43 59 16 30 3 30 32 25 26 31 47 44 48 48 38 43 47 24 20 35 38 44 50 44 38 38 42 50 42 31 44 32 37 0 33 14 33 42 62 72 73 65 77 70 72 81 79 81
-25 -60 -61 -58 -49 -30 -1 -1 -1 -1 -1 20 95 31 91 43 87 43 85 119 78 59 35 19 0 19 60 61 70 36 25 20 56 47 41 41 24 29 26 42 29 26 6 44 45 43 64 52 74 85 -128 83 71 30 60 41 20 12 35 2 54 60 55 54 43 8 48 25 37 0 32 21 22 14 30 35 35 31 27 31 38 36 38 53 21 42 21 44 48 62 27 50 59 0 37 37 26 26 38 37 50 41 39 44 47 43 2 37 38 35 47 44 31 35 44 42 44 27 39 48 38 8 38 30 18 26 49 67 65 65 82 68 72 79 81 82
-59 -58 -58 -51 -32 -36 -11 -6 -1 -1 25 19 52 99 74 88 76 108 106 15 1 58 20 35 44 54 37 48 45 44 45 44 30 48 29 25 27 37 29 37 8 50 62 59 18 33 79 84 77 65 74 73 89 47 62 0 49 0 21 29 21 42 29 0 18 45 32 47 13 18 20 26 15 35 36 37 32 30 41 43 49 30 42 64 20 39 58 50 25 37 52 10 39 55 31 15 19 35 43 43 38 47 27 47 61 6 20 32 39 53 47 32 35 36 33 31 36 41 45 48 48 0 31 26 4 42 56 66 62 72 73 60 77 78 76 78
-25 -60 -58 -59 -37 -27 -36 -8 -2 -1 -1 8 102 85 91 43 93 101 66 70 76 49 42 30 45 52 47 15 35 33 41 44 12 48 26 33 35 27 24 20 25 37 37 31 61 31 77 45 67 76 81 79 77 74 74 0 52 3 44 6 38 36 0 45 19 32 25 43 16 35 27 31 26 36 42 36 33 33 0 37 37 50 35 59 13 48 54 55 35 19 21 24 3 25 18 19 35 25 24 56 45 45 36 43 56 16 21 30 32 43 44 33 30 27 35 33 42 35 45 48 52 44 24 26 27 25 58 62 62 67 68 74 74 82 77 84
-58 -58 -58 -55 -41 -18 -11 -2 -1 -1 14 104 66 14 88 53 74 66 76 20 81 48 21 12 44 42 24 27 24 32 30 42 42 50 22 31 27 27 43 45 47 45 31 47 36 49 33 42 77 68 -128 79 78 77 66 15 45 18 32 31 35 36 45 36 15 21 16 0 0 21 24 24 35 36 29 29 27 35 47 30 21 21 52 43 -121 52 39 24 49 52 29 24 13 12 3 42 25 29 50 39 48 33 41 53 30 14 29 38 43 37 41 33 26 32 36 37 41 44 47 43 53 0 31 22 21 45 56 76 71 71 68 83 70 73 82 84
-27 -59 -59 -58 -44 -23 -12 -9 -1 -1 15 81 99 91 43 77 93 47 52 59 76 -128 6 20 50 54 35 26 39 38 35 27 36 42 33 30 43 37 48 48 45 50 19 9 55 38 47 29 81 68 70 64 76 74 70 58 32 56 37 0 13 10 15 16 0 14 9 27 8 22 30 25 31 32 21 24 31 -89 52 41 43 1 58 12 0 66 43 36 52 59 37 43 20 22 25 21 19 3 42 44 36 32 48 54 44 13 29 36 27 36 39 26 25 32 37 35 41 52 44 48 48 49 47 39 26 35 60 70 64 68 77 76 73 72 73 72
-58 -58 -59 -56 -34 -22 -18 -1 -1 -119 26 94 100 58 18 100 45 50 107 45 2 14 35 49 36 37 31 44 44 33 44 47 33 37 41 47 48 45 45 -1 -1 52 50 49 13 37 41 41 71 10 55 68 71 72 68 59 45 19 45 30 7 21 24 19 22 22 15 20 25 26 27 29 25 29 35 33 10 48 31 41 50 3 0 26 -128 8 1 32 47 65 60 0 31 27 25 22 22 35 33 20 22 29 33 37 29 24 24 37 25 38 25 30 27 37 32 42 37 39 45 55 59 0 55 33 39 65 68 67 66 74 70 73 68 72 73 78
-26 -58 -58 -58 -58 -39 -8 -1 -1 -128 16 36 108 91 44 81 105 114 24 36 85 59 47 8 22 26 26 33 29 45 52 48 35 35 39 47 50 45 -1 49 30 54 36 54 18 48 31 38 65 35 45 35 68 52 60 60 65 53 24 29 32 33 27 33 14 31 31 35 36 27 25 31 22 36 41 43 10 55 39 45 31 49 18 54 -128 50 42 52 27 72 58 43 32 37 30 26 24 24 31 41 27 36 31 29 26 25 25 30 29 37 37 29 30 31 37 35 35 43 47 52 55 53 50 53 62 65 60 64 70 77 65 66 61 59 67 72
-58 -58 -58 -58 -34 -21 -3 -1 -1 21 14 93 91 81 49 64 59 48 33 41 15 41 18 38 15 33 27 53 56 42 47 43 26 52 33 33 42 37 54 48 55 41 31 13 48 47 50 42 41 39 36 1 60 74 68 65 61 56 47 10 14 19 8 25 38 31 39 36 37 36 35 25 32 39 20 48 52 37 38 38 37 31 0 48 52 36 45 45 47 26 31 9 59 27 26 29 25 16 47 33 35 37 39 33 32 31 31 27 31 27 31 32 27 26 32 39 39 45 52 41 49 0 49 59 59 56 59 62 71 64 65 61 60 64 64 70
-25 -59 -58 -58 -59 -36 -3 -1 -1 58 29 21 105 97 108 72 105 61 39 73 54 50 25 36 41 48 44 37 44 25 36 29 44 45 26 35 39 30 31 35 54 50 31 35 45 48 60 45 47 44 27 33 6 62 79 -128 -128 0 56 30 44 58 53 52 49 48 44 42 43 42 36 24 31 38 42 56 49 45 45 36 35 48 26 41 32 44 39 37 42 38 27 54 71 41 24 31 26 29 38 30 37 36 45 35 35 35 27 27 27 26 27 30 25 25 29 32 44 44 43 45 44 44 0 0 0 0 0 0 0 0 0 0 0 0 0 0
-53 -59 -58 -59 -47 -25 -4 -1 29 105 76 76 74 112 93 96 97 62 0 56 42 22 9 42 48 32 22 36 6 48 12 31 43 30 30 27 22 27 35 50 53 41 38 30 42 47 61 61 59 42 42 26 30 62 62 74 72 76 65 70 71 0 60 55 49 48 53 48 44 42 30 33 42 50 47 39 20 13 42 33 44 45 38 44 20 33 36 35 41 36 20 59 33 29 0 25 36 31 42 39 43 44 50 43 36 33 30 26 31 26 27 24 22 29 25 38 37 36 43 39 49 0 52 59 52 59 62 67 68 59 50 52 58 55 64 66
-21 -56 -58 -58 -58 -41 -13 -2 -1 85 89 59 97 68 79 100 14 16 21 22 47 37 31 37 45 36 19 37 45 37 49 29 44 36 30 41 32 36 36 43 50 47 29 45 20 48 53 55 45 33 44 43 37 43 49 65 71 78 65 70 66 59 64 60 58 49 45 25 43 44 42 39 32 49 36 12 19 7 30 36 42 47 44 31 58 59 32 43 39 44 35 42 41 36 27 16 30 36 41 55 52 42 45 33 37 44 37 25 45 49 37 49 41 37 35 24 27 29 35 25 31 30 30 60 45 56 64 71 61 52 52 53 58 60 62 65
-67 -68 -59 -61 -51 -21 -20 -1 -1 70 65 82 84 102 94 72 68 71 83 35 50 10 36 42 37 19 35 44 45 20 44 30 35 43 48 15 32 27 43 31 41 0 29 43 48 60 58 52 39 29 30 21 38 32 33 56 61 59 56 59 66 64 38 39 53 50 49 47 48 30 0 47 48 37 20 32 32 33 35 38 48 47 26 53 37 14 32 35 38 37 45 39 37 26 21 21 44 33 48 37 37 36 31 31 29 32 25 31 42 39 56 48 32 33 39 33 29 27 25 31 33 0 33 35 54 60 56 42 49 55 54 55 59 59 61 67
-26 -50 -59 -59 -58 -47 -27 -3 -1 37 60 89 66 72 95 66 76 89 95 82 62 16 -128 18 15 29 36 35 38 2 27 31 49 24 49 41 26 39 42 43 43 9 49 45 48 60 45 52 32 45 44 22 31 32 29 31 39 55 54 54 50 50 59 56 60 41 -128 -128 45 53 45 50 41 42 16 29 24 41 0 32 44 26 26 44 45 38 36 38 36 42 42 38 41 41 32 24 35 38 37 39 37 31 35 18 21 32 38 36 45 53 44 54 48 32 37 27 35 39 32 25 33 37 35 32 37 33 39 45 45 53 58 55 55 54 58 61
-49 -59 -58 -60 -55 -41 -25 -1 -1 44 10 89 76 59 102 88 106 114 100 30 33 38 -1 24 31 33 44 50 15 16 32 29 32 31 0 26 41 32 26 45 0 58 49 59 52 44 33 33 26 36 6 30 30 31 36 21 33 44 43 38 43 50 48 48 60 60 47 53 25 25 47 43 8 20 33 45 43 31 2 55 27 27 21 43 43 41 19 36 44 41 35 42 37 35 37 33 47 39 43 50 52 49 32 45 37 41 49 54 49 37 41 33 49 39 21 25 45 33 30 38 41 0 42 38 47 52 44 50 52 53 53 50 53 54 59 62
-21 -47 -64 -58 -58 -39 -17 -7 -1 56 65 94 36 76 60 24 49 81 62 26 43 24 7 -1 45 45 21 33 41 20 15 35 39 30 32 32 22 22 26 49 16 48 38 52 52 19 44 32 33 36 35 27 25 32 24 29 25 49 39 33 37 42 43 45 50 33 9 49 44 20 42 47 39 25 22 26 0 0 12 32 16 31 25 52 52 36 42 24 41 41 37 36 42 42 41 37 37 37 42 32 45 50 31 19 33 41 33 49 37 39 39 39 22 29 0 20 35 33 41 36 39 35 38 32 39 37 41 44 50 50 53 52 49 53 52 58
-65 -51 -51 -58 -42 -27 -11 -3 -1 81 100 79 38 85 52 81 90 49 73 27 56 7 0 50 35 49 32 33 33 30 33 33 20 0 42 22 41 41 38 25 26 50 48 43 42 36 37 36 31 26 43 30 29 35 36 36 26 36 32 29 39 43 35 37 42 13 25 45 1 7 48 15 22 15 26 27 36 18 39 43 19 41 47 30 49 36 30 36 32 30 37 38 42 49 47 36 38 36 39 37 36 30 36 33 48 29 50 31 29 41 39 42 35 45 0 33 41 41 47 45 42 0 37 36 41 42 47 48 52 49 52 49 48 52 55 60
-21 -63 -67 -58 -58 -27 -21 -13 -1 -1 42 82 39 89 70 50 96 43 0 25 39 0 26 48 48 41 26 36 31 31 3 -1 52 20 22 27 42 37 29 26 36 39 45 41 16 13 38 26 33 27 30 26 42 41 31 54 35 31 42 42 49 55 27 33 37 24 16 48 24 44 39 26 20 29 36 35 16 15 41 53 33 -1 36 12 53 50 47 32 36 39 37 36 43 41 47 38 31 37 41 37 36 36 36 37 42 33 37 38 29 24 38 39 45 29 12 19 38 47 20 43 39 48 45 48 42 39 45 49 52 49 52 49 49 52 53 55
-61 -60 -60 -59 -59 -16 -11 -13 -1 -1 65 56 99 0 26 0 0 37 30 21 64 30 45 55 43 49 36 38 33 22 -128 39 0 41 32 32 44 27 6 36 50 49 9 31 20 31 50 33 30 26 27 27 27 32 41 35 31 42 38 59 6 36 22 53 26 20 44 21 45 54 2 26 43 45 22 13 42 33 52 22 4 45 29 52 35 41 33 33 33 33 37 43 29 48 38 38 37 36 39 44 45 41 44 37 36 39 45 38 41 38 43 43 41 24 20 35 32 30 44 45 48 0 52 48 48 39 45 47 49 50 52 50 50 52 59 60
-23 -59 -58 -59 -59 -34 -18 -14 -8 -1 33 87 82 0 0 94 53 53 30 24 81 7 44 0 37 50 55 42 39 33 30 0 21 47 13 38 29 38 10 31 58 0 19 41 16 16 55 22 32 24 27 33 27 29 38 18 36 41 26 25 18 37 18 26 20 33 45 33 39 14 12 26 41 47 42 35 12 55 48 37 38 44 32 47 44 45 33 41 35 38 37 39 47 43 32 31 41 38 38 41 41 41 45 43 39 37 33 45 48 35 48 41 52 43 29 44 26 33 27 44 45 49 54 47 55 50 54 44 53 52 52 53 52 54 53 55
-59 -61 -63 -60 -53 -18 -17 -14 -1 -1 67 74 53 8 91 38 20 58 68 76 60 21 42 42 41 43 49 43 33 32 35 45 42 37 36 35 38 36 32 54 0 41 18 49 25 55 39 29 27 22 30 29 37 32 24 52 41 31 35 8 47 19 22 31 43 32 18 42 25 25 26 45 41 55 26 2 43 0 43 15 56 33 47 56 33 45 36 35 35 33 38 49 14 32 42 39 41 45 38 38 44 44 55 33 42 35 45 60 52 55 44 37 43 53 43 26 35 27 30 32 44 0 43 37 41 53 55 49 43 53 53 53 52 48 54 60
-22 -60 -60 -60 -61 -49 -20 -18 -7 -1 -1 67 33 43 48 4 8 56 73 48 81 52 35 43 31 9 42 41 29 32 22 45 0 42 13 43 37 32 36 42 0 0 45 39 32 49 41 18 32 24 29 31 35 31 38 52 32 26 30 21 47 26 33 10 31 16 21 30 14 26 26 35 -97 -1 36 44 47 49 32 45 53 38 31 36 44 35 38 36 36 38 32 37 8 43 43 48 44 48 43 32 39 44 50 52 38 42 43 58 59 66 43 41 44 48 41 33 36 30 30 29 31 43 47 42 49 49 55 58 56 47 53 54 54 52 50 59
-67 -56 -59 -59 -59 -39 -26 -22 -1 -1 -1 -128 73 47 27 20 6 68 37 58 44 0 0 19 14 42 43 30 0 16 54 48 32 44 35 19 29 0 41 0 47 59 49 48 49 42 14 32 29 49 41 43 37 39 31 14 32 32 41 24 33 26 20 36 39 24 21 22 36 39 49 15 -1 -1 29 -1 48 42 52 50 38 22 39 58 43 31 41 37 39 33 32 30 44 43 43 42 39 33 45 38 38 26 45 38 53 41 45 48 74 52 32 38 39 60 37 25 39 33 35 31 30 0 30 32 33 50 43 53 45 58 56 55 54 55 54 62
-26 -58 -60 -63 -59 -58 -26 -22 -20 -1 -1 39 -128 25 58 45 0 13 62 10 2 0 30 20 36 45 45 18 24 21 24 41 55 48 32 29 35 15 20 0 21 60 29 43 59 55 16 48 44 39 55 21 25 41 7 50 25 32 30 9 30 2 43 30 47 9 45 35 42 43 47 36 49 -1 -1 15 24 54 27 24 41 25 39 39 42 36 39 39 42 36 35 35 35 54 42 45 38 36 31 38 38 38 47 44 64 55 41 45 60 59 22 42 36 50 43 36 36 35 31 27 29 26 27 31 32 36 41 44 45 45 53 58 66 53 58 58
-59 -59 -64 -60 -59 -45 -28 -32 -12 -1 33 89 105 123 41 88 18 29 25 6 21 70 49 33 47 58 35 45 43 18 54 48 15 20 37 33 39 13 27 45 55 2 42 52 0 26 44 16 9 31 13 31 30 48 20 31 39 31 30 27 32 27 27 36 8 37 0 43 45 50 45 45 52 -1 -1 -1 39 59 7 33 8 41 47 41 48 49 47 53 58 45 33 47 48 21 39 45 38 38 38 36 39 38 53 29 54 38 50 47 45 26 10 41 45 60 36 29 30 33 31 29 25 0 32 32 36 43 45 47 48 49 50 54 56 55 66 71
-25 -60 -59 -60 -58 -56 -47 -17 -12 -1 -1 83 65 84 27 55 33 43 18 24 16 54 36 44 32 61 56 -128 41 33 33 41 25 24 35 22 39 6 26 26 54 47 45 48 50 55 45 45 16 43 44 22 19 32 16 43 33 13 30 26 50 25 20 47 29 0 31 43 42 48 39 50 45 45 -1 -1 -13 -128 22 26 22 9 53 49 64 70 62 54 44 32 25 42 44 37 62 35 29 31 44 35 33 38 33 43 52 32 24 49 49 49 47 36 54 53 38 30 29 33 31 26 27 32 27 29 33 37 45 43 45 48 52 53 52 61 61 65
-59 -59 -59 -56 -58 -58 -34 -9 -1 -1 12 95 26 94 48 0 13 0 71 9 70 30 56 44 65 66 59 22 43 22 37 12 31 29 45 27 21 0 50 53 54 32 45 55 45 50 20 44 43 42 13 39 26 41 33 27 14 32 30 50 3 30 31 9 27 26 39 15 45 45 50 37 44 47 -1 -1 0 -1 30 38 16 43 56 62 61 67 72 60 59 43 36 37 35 37 41 31 43 37 35 42 45 44 54 61 49 56 62 55 45 68 43 65 53 19 31 9 24 22 22 24 30 26 32 29 37 36 38 41 44 50 61 62 49 61 60 65
-26 -59 -56 -58 -55 -54 -53 -22 -11 -1 -110 100 81 87 66 65 55 0 71 32 -128 24 -128 66 64 64 41 45 48 35 33 26 36 26 25 29 8 45 54 62 64 50 49 43 42 7 32 13 52 47 48 37 7 42 35 22 7 31 32 48 16 25 27 41 29 0 32 22 47 47 45 49 30 10 48 -128 -1 47 47 0 49 52 62 20 73 82 64 55 66 45 55 58 19 26 29 26 41 26 37 42 47 45 47 62 59 22 8 64 44 49 14 44 44 38 15 21 22 25 27 26 30 30 27 29 44 43 44 48 56 60 52 53 56 58 58 65
-59 -58 -56 -54 -54 -47 -41 -11 -1 -128 42 79 49 106 25 90 82 77 45 20 76 90 73 22 26 50 30 21 22 27 26 29 15 25 19 0 8 65 29 29 27 20 45 44 33 42 20 32 41 42 30 37 39 41 30 35 15 42 48 0 16 38 37 29 43 16 42 44 45 44 48 52 0 53 50 -1 55 47 33 60 45 47 59 73 52 53 26 18 45 25 33 25 21 31 0 39 33 30 36 44 32 37 25 10 53 44 76 18 53 55 58 59 6 12 18 19 27 24 26 27 32 30 33 38 42 45 52 56 47 49 53 55 54 59 62 67
-25 -58 -64 -55 -54 -54 -50 -17 -1 -1 26 66 108 56 76 66 49 73 71 76 -128 39 110 81 32 53 32 3 36 33 20 19 32 9 7 50 49 62 27 18 44 36 20 60 33 30 47 44 30 24 38 49 19 29 21 38 32 35 48 0 32 37 36 9 33 8 37 48 48 45 45 47 42 48 37 54 56 16 56 25 0 52 49 56 59 41 44 7 13 9 7 0 26 3 18 30 43 33 37 43 33 39 27 35 45 27 58 27 45 55 61 65 83 27 15 1 26 27 30 32 33 31 32 36 37 45 52 48 44 48 50 52 56 56 58 61
-56 -56 -54 -53 -49 -51 -47 -16 -1 82 25 101 85 43 85 38 60 3 72 55 10 64 55 56 56 20 20 25 29 0 22 35 45 22 54 49 55 21 36 19 38 42 53 0 30 35 43 8 37 41 52 22 37 18 19 41 10 49 0 30 35 35 18 30 26 7 44 48 45 45 45 55 19 45 2 49 15 27 8 30 38 59 44 15 9 18 16 15 15 18 9 20 1 58 35 44 20 31 42 25 31 31 50 39 50 48 65 43 67 62 48 31 30 0 10 14 35 32 36 33 38 31 31 37 42 50 50 43 44 49 50 56 52 60 64 65
-35 -59 -55 -47 -42 -39 -49 -39 -50 -1 108 93 64 61 39 58 27 60 90 55 29 -120 84 84 39 10 14 15 26 37 44 47 45 0 44 49 27 37 45 26 58 41 21 30 33 55 33 0 56 38 48 15 31 52 16 45 26 42 30 35 45 38 29 52 25 38 32 45 47 45 44 45 6 44 16 26 25 6 18 38 29 58 33 41 26 27 29 21 15 20 21 19 41 0 16 44 19 24 27 53 43 32 48 32 30 54 56 41 56 29 18 39 39 38 18 15 30 29 38 39 35 38 42 41 45 50 50 43 47 49 50 54 58 56 60 62
-64 -68 -68 -41 -28 -20 -20 -25 -1 -128 85 101 91 94 44 47 47 47 95 59 22 83 114 67 43 37 38 1 16 25 12 52 52 44 47 44 0 50 0 60 15 42 31 41 50 2 12 49 24 43 16 31 55 19 37 26 37 58 39 54 35 55 35 41 35 33 37 25 43 47 47 42 29 42 7 29 29 35 -1 31 45 38 38 35 37 20 27 22 27 32 30 39 38 35 24 25 32 24 39 37 32 39 43 37 45 55 67 42 35 48 19 29 32 19 2 26 33 36 33 33 42 43 43 45 45 42 38 43 47 49 50 53 52 58 61 65
-28 -70 -61 -46 -40 -30 -32 -21 -22 -17 -1 79 38 45 91 59 42 15 53 87 33 3 87 101 83 42 4 32 20 38 18 41 42 56 66 -1 0 60 33 49 33 25 60 42 56 38 44 60 12 48 2 47 35 30 36 39 41 49 21 50 30 44 2 41 48 38 22 41 37 45 47 47 44 53 48 35 37 37 -128 43 27 8 59 61 41 43 39 29 31 29 31 35 24 30 31 29 52 35 30 39 33 49 45 39 72 21 45 42 32 7 -128 48 48 8 20 19 33 32 37 35 38 39 41 44 48 45 38 42 45 48 52 53 53 56 60 66
-72 -67 -64 -64 -47 -36 -25 -23 -28 -13 -1 99 90 72 56 70 0 0 27 70 9 12 70 54 49 13 65 29 19 43 21 48 3 15 21 -1 7 27 21 48 31 48 50 56 0 60 44 31 47 20 45 9 53 42 42 31 8 48 44 42 41 16 43 44 10 30 47 13 45 47 50 43 47 53 36 45 19 22 58 44 50 22 32 35 59 52 39 35 27 30 42 44 32 44 29 48 35 30 53 31 48 30 73 65 15 32 22 0 39 61 77 58 16 25 0 24 33 29 33 35 35 36 38 42 43 38 37 42 47 48 56 52 52 60 54 67
-30 -61 -64 -69 -72 -56 -31 -31 -37 -44 -13 -1 76 76 49 50 53 9 47 65 35 6 0 53 54 43 45 9 10 47 19 14 15 42 21 31 37 54 42 32 53 52 54 68 0 67 62 48 45 27 50 29 47 55 30 24 45 32 19 38 39 16 35 16 2 42 47 0 35 54 43 53 50 39 19 29 18 33 31 43 22 66 59 29 19 39 24 20 12 7 30 42 45 38 32 43 49 41 44 47 58 62 30 58 33 2 56 35 53 39 43 39 41 25 10 15 27 33 31 30 31 32 35 37 44 42 35 41 43 45 48 52 62 56 58 65
-68 -65 -68 -63 -58 -63 -39 -40 -44 -50 -17 -1 99 82 81 120 73 3 10 78 2 10 1 42 88 47 0 19 30 29 20 33 39 8 10 53 14 41 45 29 52 54 65 10 72 49 9 33 14 52 1 44 29 19 33 36 0 52 33 18 25 44 53 25 37 39 29 13 45 8 52 22 14 36 20 20 30 22 12 42 49 66 58 16 44 48 62 42 6 47 30 44 49 50 56 55 56 50 55 50 24 39 59 53 0 32 31 70 25 49 65 58 41 25 26 26 31 35 35 32 30 32 31 43 38 32 36 41 44 45 52 48 48 55 59 62
-30 -68 -67 -64 -60 -55 -58 -61 -41 -35 -21 -14 -1 52 84 39 84 39 32 64 32 13 15 15 0 66 37 48 26 12 30 39 48 21 36 42 22 41 48 43 50 54 65 39 74 44 30 41 37 43 47 50 0 32 35 2 56 33 31 45 32 42 35 30 31 47 19 24 43 20 48 43 27 37 42 30 38 36 30 53 24 55 41 15 21 26 27 47 10 56 47 45 45 45 49 47 48 41 48 35 20 30 15 30 -108 49 55 54 35 21 30 15 68 19 44 0 25 36 37 32 30 29 30 35 36 30 32 37 42 44 47 47 60 61 55 60
-69 -68 -67 -64 -61 -54 -59 -46 -88 -30 -11 -1 8 93 76 73 33 68 0 77 8 21 20 19 7 96 60 58 37 41 47 39 18 36 42 49 36 32 42 49 53 62 32 60 47 36 41 43 27 54 15 27 44 37 55 53 2 41 47 39 50 31 35 14 49 24 21 43 26 47 25 27 31 38 39 44 26 27 59 14 53 29 35 20 25 25 32 29 25 43 27 52 54 39 26 22 35 13 32 0 36 44 54 33 21 29 49 36 41 55 74 26 44 22 36 0 45 43 38 35 36 27 30 39 29 30 33 33 42 47 50 49 49 55 58 62
-30 -68 -64 -63 -59 -67 -54 -67 -54 -30 -17 -7 -1 60 82 93 83 78 26 90 29 19 9 22 19 14 72 74 43 45 3 55 31 29 0 44 0 37 43 30 52 48 35 25 33 36 29 33 30 49 7 36 55 20 42 24 10 42 55 26 42 13 50 61 30 41 2 35 10 44 39 22 18 38 41 38 41 27 43 0 50 24 21 0 26 29 24 31 0 47 58 50 6 10 3 14 32 3 3 19 73 25 66 66 41 3 7 56 55 77 41 33 59 43 41 26 27 45 45 36 31 29 29 32 30 27 29 36 37 44 45 48 49 53 56 60
-68 -65 -61 -59 -65 -60 -58 -63 -58 -31 -12 -1 24 94 100 68 72 71 24 105 6 24 21 22 21 7 96 73 39 21 30 35 36 0 27 27 47 55 56 59 49 53 38 42 53 36 32 52 49 0 48 37 54 37 45 33 42 54 27 35 26 14 47 0 52 0 30 47 18 60 20 30 37 41 42 31 0 12 14 48 77 35 7 30 49 26 36 25 33 32 49 15 3 24 33 29 13 22 42 13 53 62 65 20 36 61 30 77 37 83 32 49 48 26 0 59 47 47 45 29 32 32 31 27 24 26 30 33 41 43 44 49 45 53 56 65
-31 -67 -65 -67 -63 -72 -65 -64 -61 -65 -18 -3 -1 32 66 62 85 99 18 84 52 19 22 19 21 21 43 88 89 48 35 39 35 -1 0 45 42 20 41 35 14 41 43 47 14 29 38 55 54 0 45 29 43 42 13 30 45 36 42 41 31 43 37 0 47 25 8 39 35 39 9 26 39 39 44 39 39 0 29 45 58 30 0 25 36 31 24 20 39 30 20 8 8 35 14 37 18 15 47 52 60 81 29 14 64 49 45 30 62 59 1 42 56 37 12 59 64 44 48 29 37 36 36 25 26 26 33 30 33 37 39 47 48 52 53 61
-69 -70 -68 -64 -63 -64 -63 -64 -60 -47 -14 -1 -1 93 43 71 68 104 94 66 79 12 24 25 22 19 76 94 65 71 41 42 16 -128 39 33 14 21 58 43 20 43 7 31 30 55 47 54 0 36 52 33 60 26 29 44 18 31 55 22 30 10 50 29 41 15 33 30 44 19 24 48 20 37 37 45 55 20 48 50 30 0 29 42 35 20 29 41 25 22 0 26 39 44 55 47 42 44 39 21 22 26 52 19 59 66 49 44 9 26 31 55 49 36 64 61 38 37 30 32 37 29 27 26 25 32 25 29 33 42 45 43 43 52 55 65
-28 -74 -69 -67 -64 -64 -68 -68 -65 -63 -65 -34 -1 41 70 93 93 95 94 99 81 97 12 27 30 22 21 101 90 65 71 7 50 32 0 44 39 41 47 35 42 48 26 49 24 49 33 35 18 27 58 22 62 27 29 30 33 24 43 7 31 47 49 0 38 22 19 24 31 35 32 43 22 32 43 48 58 9 44 52 33 14 37 39 53 39 0 42 48 39 26 38 43 54 58 61 36 19 37 0 16 24 33 61 62 18 61 18 37 30 30 49 66 61 58 68 36 18 30 30 30 26 26 25 26 32 33 32 37 42 42 43 48 54 56 64
-72 -72 -68 -65 -65 -75 -67 -68 -64 -58 -45 -41 -1 -128 48 106 6 104 38 88 100 68 16 30 29 20 6 91 87 64 8 0 38 16 37 45 0 48 33 27 49 26 54 52 56 21 58 50 0 53 14 54 12 52 37 29 21 26 18 24 38 21 22 27 25 0 36 41 39 18 31 43 31 33 54 56 2 41 60 70 32 27 32 19 26 7 42 45 50 47 25 33 59 41 0 0 31 19 15 24 32 42 13 60 36 35 47 29 68 3 66 56 55 41 37 66 1 25 31 26 29 22 25 27 33 33 37 42 47 44 42 49 49 53 58 61
-28 -69 -69 -68 -63 -68 -67 -68 -67 -63 -56 -42 -34 -1 -1 70 100 19 56 84 64 84 12 19 30 25 18 21 99 78 55 42 50 49 0 55 7 45 49 44 0 22 33 42 37 41 37 19 21 41 12 31 26 49 1 15 33 13 41 41 29 54 37 29 30 24 42 32 20 18 36 47 37 39 45 43 0 49 36 72 35 0 29 4 13 13 37 53 45 41 25 35 52 53 9 31 47 39 29 32 41 58 56 45 61 19 52 74 21 50 0 53 58 19 24 27 29 10 25 24 29 24 24 24 25 31 39 41 43 45 42 44 48 52 55 59
-72 -70 -67 -65 -68 -73 -67 -67 -64 -65 -61 -78 -22 -1 -1 84 60 14 87 61 83 84 19 24 26 24 10 33 104 82 53 18 44 48 49 45 59 42 27 55 26 56 49 29 27 26 27 18 30 53 48 19 7 9 37 36 15 41 47 2 32 45 6 39 38 33 62 18 41 19 14 22 48 48 65 43 48 41 52 18 12 27 30 15 18 33 39 38 31 38 -128 48 62 42 19 24 36 52 32 35 41 33 61 13 29 48 36 29 45 25 -128 8 44 19 0 0 8 20 25 22 27 24 22 36 29 41 37 41 44 48 48 48 49 53 54 64
-32 -73 -69 -67 -67 -68 -77 -68 -69 -67 -68 -51 -37 -11 -1 -1 -128 20 20 49 16 85 38 20 26 26 21 10 41 95 48 49 42 43 48 54 21 59 36 41 27 21 30 2 42 12 21 24 38 30 48 47 32 22 26 25 4 42 52 2 26 37 37 32 53 38 42 20 41 0 41 30 39 47 44 72 7 54 50 41 43 16 19 24 36 36 29 27 19 29 -128 41 48 8 0 22 22 3 62 31 41 58 29 53 59 60 55 56 53 52 59 19 -128 -128 13 7 0 24 25 25 30 27 27 41 37 42 41 41 43 47 50 45 47 53 54 61
-72 -68 -69 -68 -72 -69 -70 -69 -67 -67 -65 -81 -40 -3 -1 -1 -84 13 12 16 24 0 18 25 0 25 20 10 71 90 66 24 30 55 27 43 60 33 38 56 44 42 21 6 9 30 27 30 32 32 42 1 37 12 30 14 39 47 0 21 39 38 43 43 52 35 47 27 42 21 26 32 35 33 37 42 47 14 45 48 41 18 31 42 43 32 44 36 49 9 55 39 35 27 2 31 33 10 12 43 47 62 50 61 31 72 47 78 78 13 20 35 44 42 50 25 31 2 31 32 33 32 41 39 41 47 45 42 52 50 54 45 48 54 59 65
-31 -70 -73 -68 -69 -68 -70 -68 -65 -65 -68 -67 -64 -37 -1 -1 -1 -126 50 30 27 26 26 18 -96 25 25 21 2 96 78 55 27 48 22 48 36 41 42 1 45 24 13 6 20 32 33 31 41 22 42 33 27 25 37 25 48 59 0 24 33 30 35 25 35 35 32 45 33 31 15 37 44 50 45 30 30 33 43 64 78 27 35 31 41 35 16 7 25 -128 45 31 36 37 27 42 33 50 50 60 26 35 76 79 67 70 67 70 33 33 24 30 67 37 64 47 31 26 30 35 43 0 27 43 48 47 49 48 48 45 52 53 54 50 55 61
-74 -73 -72 -73 -70 -69 -70 -70 -78 -68 -67 -64 -54 -25 -1 -1 -1 19 66 -51 -1 -18 -1 -1 -128 31 19 12 31 93 77 67 47 22 18 50 53 13 30 47 18 47 38 0 43 15 44 30 36 26 15 20 52 27 22 43 50 13 25 35 12 21 31 29 31 41 31 19 22 12 33 49 44 29 53 27 61 38 74 58 10 9 25 52 0 25 45 19 -128 47 25 41 44 35 14 39 49 60 61 65 66 64 58 59 22 77 54 44 52 37 38 44 33 38 61 42 19 32 30 36 41 42 42 30 4 29 58 49 58 58 59 38 -128 55 56 64
-34 -72 -74 -70 -73 -72 -72 -68 -69 -68 -67 -68 -60 -54 -9 -1 -1 -1 -128 0 -93 45 29 68 25 30 -116 22 15 35 93 93 82 41 26 3 49 55 20 54 31 37 45 12 19 20 44 38 26 21 27 30 39 14 36 27 26 26 33 31 37 27 37 48 21 26 42 9 20 20 31 30 32 38 27 32 53 15 72 0 0 6 33 14 8 7 29 31 47 52 37 25 37 39 41 27 47 54 70 67 53 72 62 10 36 36 45 73 44 22 39 43 45 31 45 36 3 25 26 31 27 38 38 43 48 42 52 49 55 54 52 56 61 61 67 0
-74 -73 -72 -69 -72 -70 -70 -70 -68 -60 -67 -67 -61 -56 -45 -1 -1 -1 -1 -30 27 47 85 47 27 27 27 20 12 13 101 82 66 45 37 47 54 61 49 61 47 29 0 6 54 42 31 33 39 35 42 31 29 25 14 37 21 18 1 36 27 21 48 10 30 48 0 25 29 37 37 36 50 70 6 54 24 56 6 10 13 18 33 18 10 30 48 45 52 55 26 21 22 39 44 52 52 59 53 25 71 33 55 39 26 27 50 1 19 41 44 43 45 10 31 31 0 29 29 35 35 37 43 47 37 50 50 47 47 54 48 50 54 54 61 67
-34 -72 -72 -70 -73 -72 -73 -68 -70 -68 -70 -64 -59 -63 -64 -61 -1 -1 -1 -1 -128 -128 55 31 105 22 29 22 18 8 10 74 104 61 8 38 33 66 29 45 37 24 30 15 36 0 20 52 12 18 21 36 31 33 22 18 19 48 50 22 49 41 44 31 43 42 37 33 25 44 30 36 50 77 41 29 44 18 18 36 24 26 29 37 39 15 -3 30 38 53 9 15 16 30 37 38 53 39 59 67 9 54 64 74 78 66 38 -128 24 43 43 44 44 59 54 58 33 29 36 31 25 35 31 38 43 43 47 45 52 45 49 52 52 58 64 65
-73 -73 -73 -73 -73 -74 -70 -73 -70 -65 -67 -65 -67 -61 -46 -44 -3 -1 -1 37 -122 12 68 112 91 44 22 20 19 9 0 104 107 82 82 44 52 0 65 19 43 0 25 0 7 12 52 0 13 47 39 24 22 24 39 26 49 19 38 36 54 35 36 50 39 26 38 29 45 37 7 56 61 29 43 62 2 22 9 16 24 16 22 0 48 29 33 7 41 12 15 22 21 32 39 39 30 35 39 41 16 54 1 15 65 56 32 77 35 41 -128 45 49 39 37 0 30 37 41 25 32 31 25 38 41 49 49 43 42 43 48 47 52 59 66 70
-32 -72 -73 -72 -74 -72 -70 -72 -70 -69 -72 -73 -60 -60 -32 -27 -12 -1 -1 -1 55 30 25 76 60 52 73 24 21 14 12 24 90 73 73 7 8 10 25 58 48 0 44 44 13 27 36 8 14 31 16 32 25 41 32 3 29 2 32 38 42 8 36 24 24 33 0 16 16 47 0 35 0 15 25 41 15 30 33 19 25 31 32 38 21 49 53 30 33 35 9 13 24 19 36 36 31 39 52 74 35 37 0 20 19 13 44 84 35 37 41 45 45 44 41 52 50 41 27 30 25 27 24 37 39 36 33 33 32 39 44 50 53 54 59 66
-74 -73 -74 -75 -74 -69 -70 -73 -70 -69 -67 -65 -63 -60 -103 -61 -8 -1 -1 -1 97 12 24 81 84 64 59 19 20 15 13 6 60 65 66 37 0 52 21 65 27 24 52 0 0 14 0 35 16 45 32 37 44 49 22 24 6 24 47 12 38 48 0 33 20 0 42 7 31 0 15 16 12 4 25 20 32 19 24 26 18 32 22 41 44 44 0 39 37 12 30 36 26 22 33 31 45 35 25 0 13 12 16 45 35 42 66 44 22 32 43 49 48 52 74 25 10 30 27 27 30 25 32 41 33 31 32 31 36 42 47 52 53 55 61 66
-31 -73 -73 -74 -72 -70 -70 -69 -64 -68 -69 -67 -67 -59 -74 -39 -31 -7 -1 -1 0 72 70 15 81 71 108 14 19 -128 19 13 7 52 100 76 62 24 59 54 22 41 0 22 50 37 9 0 0 38 45 20 25 32 22 0 45 42 25 25 39 48 0 20 54 29 44 53 0 0 37 47 2 19 35 21 36 15 22 10 25 3 44 0 -128 47 1 53 32 19 15 32 45 38 33 29 43 30 37 36 24 31 36 31 42 42 49 41 25 39 39 47 -77 47 61 42 13 27 30 20 26 27 33 36 41 30 24 26 35 41 43 49 52 58 60 66
-75 -78 -74 -67 -72 -73 -70 -67 -74 -72 -70 -67 -64 -73 -60 -61 -41 -21 -1 -1 -50 48 82 60 79 85 77 15 20 19 18 12 1 26 87 -128 45 14 32 41 29 13 0 56 22 37 0 38 53 38 48 35 43 20 13 22 43 33 37 10 43 24 19 59 59 48 61 24 67 78 60 43 45 29 26 27 25 6 45 30 42 -1 -1 61 55 27 45 35 20 48 38 31 31 38 27 29 26 41 32 29 42 33 38 24 31 26 36 16 53 30 45 49 43 68 74 6 22 48 55 22 37 35 37 24 21 25 31 30 35 42 42 48 47 62 62 67
-32 -74 -70 -73 -69 -72 -73 -70 -70 -69 -69 -69 -69 -64 -58 -55 -68 -41 -40 -21 -4 -1 0 21 49 26 89 59 14 20 20 18 10 4 10 47 100 73 0 25 33 30 47 47 59 2 14 18 52 35 43 32 54 20 26 43 26 2 9 50 32 70 14 82 0 60 67 72 77 79 82 50 33 29 19 22 41 29 43 29 43 30 55 8 29 43 33 30 14 41 30 32 36 25 38 35 37 38 27 36 32 31 38 37 48 30 61 37 59 21 37 45 -115 53 71 12 35 45 54 37 41 36 42 33 29 27 41 37 38 43 48 53 55 58 59 64
-77 -74 -86 -69 -78 -70 -72 -68 -74 -70 -75 -68 -69 -64 -73 -67 -56 -68 -55 -53 -39 -1 -1 20 16 14 72 95 76 14 16 7 9 0 10 20 88 106 64 0 0 42 0 42 0 19 9 0 56 0 41 27 38 8 24 47 10 61 64 29 16 74 54 50 33 79 83 50 47 54 43 33 21 22 49 48 47 41 36 3 59 42 43 32 50 21 29 37 22 26 32 35 48 32 37 31 22 24 36 26 39 32 39 52 48 48 39 47 59 21 38 42 44 71 32 8 31 42 25 30 9 43 36 36 30 26 27 37 45 49 53 52 53 56 61 65
-36 -77 -79 -81 -54 -69 -73 -69 -69 -69 -70 -69 -70 -67 -65 -61 -56 -64 -55 -65 -50 -31 -44 -1 26 89 85 84 72 90 6 13 13 8 4 2 14 105 93 38 61 38 54 7 16 58 50 35 15 16 30 59 62 60 56 47 49 31 8 41 47 33 84 89 81 72 99 35 15 36 52 36 32 35 37 50 62 7 0 19 43 36 33 35 44 38 43 26 31 24 31 35 41 0 22 32 32 37 25 29 27 41 37 45 39 33 38 25 54 61 43 39 13 49 24 25 36 26 27 26 49 32 38 29 29 26 24 38 38 43 45 50 50 56 56 65
-73 -75 -74 -75 -79 -72 -72 -67 -69 -69 -69 -68 -67 -64 -63 -61 -55 -65 -55 -87 -86 -34 -1 15 24 66 99 82 95 62 4 14 13 9 3 2 7 105 83 20 30 55 26 13 4 61 62 13 8 27 88 0 74 60 30 50 49 66 71 59 0 31 84 94 77 67 22 35 38 30 53 35 33 32 43 59 41 3 0 44 32 38 43 39 33 33 33 31 33 33 30 36 52 35 29 30 35 39 35 39 45 43 38 43 43 41 38 43 58 30 33 37 49 37 36 32 32 26 31 43 48 39 31 30 27 25 29 36 41 45 49 49 54 58 62 70
-32 -75 -75 -75 -75 -75 -73 -69 -69 -72 -69 -68 -68 -67 -65 -64 -60 -58 -56 -54 -31 -42 -3 58 90 21 79 110 50 76 84 4 12 12 9 4 2 4 41 49 83 38 1 30 2 36 12 0 12 35 26 74 53 79 79 59 61 52 70 43 22 38 81 66 104 94 25 56 60 29 38 42 30 31 32 48 59 8 0 43 32 37 35 35 29 45 26 47 15 35 30 29 42 52 44 30 24 33 43 41 42 37 42 33 45 52 44 39 50 25 26 36 36 45 0 61 3 26 31 38 39 25 30 30 27 25 22 0 0 0 0 0 0 0 0 0
-75 -75 -75 -75 -73 -74 -73 -72 -70 -70 -68 -69 -68 -65 -64 -63 -67 -54 -54 -42 -46 -8 -1 73 105 44 74 105 65 58 83 8 8 10 8 7 3 7 30 101 39 35 33 18 54 31 16 90 42 26 25 82 74 87 71 33 37 32 42 36 4 89 84 64 -128 58 61 65 30 21 36 9 0 -128 35 36 53 24 39 37 20 35 31 26 19 35 45 45 38 7 26 47 53 42 25 25 29 39 37 42 44 47 29 33 37 43 37 48 24 19 30 36 50 61 53 44 19 32 31 31 35 27 31 26 25 26 30 36 42 48 50 50 54 59 60 70
-32 -74 -75 -74 -77 -75 -73 -74 -70 -70 -69 -69 -67 -65 -64 -63 -79 -60 -59 -51 -27 -22 -27 -1 27 70 53 38 99 59 62 58 7 6 10 9 6 2 10 112 58 0 0 15 0 48 35 41 99 42 37 37 50 82 0 73 42 14 9 44 74 83 76 73 -128 76 35 100 50 32 10 1 -128 62 42 0 9 37 22 24 27 26 22 24 27 39 32 26 44 30 26 37 53 53 44 26 25 33 36 33 37 37 36 41 53 49 58 55 41 15 29 43 58 60 41 42 35 27 31 30 35 32 29 30 22 21 32 0 42 45 48 48 54 55 56 65
-77 -77 -73 -75 -74 -74 -70 -70 -72 -77 -69 -69 -65 -67 -65 -59 -65 -64 -63 -50 -44 -34 -35 -27 82 0 93 26 102 52 59 42 14 8 10 10 8 4 13 93 48 7 32 32 37 7 15 3 105 0 1 61 42 77 79 74 33 0 35 66 90 96 -1 -1 0 26 81 45 30 19 21 52 45 41 39 4 -128 2 0 39 22 20 43 33 39 27 37 33 24 21 29 49 36 53 56 22 31 31 37 41 38 42 38 47 49 58 25 66 31 31 -128 53 67 49 3 9 37 31 36 36 31 26 26 24 29 33 37 42 44 49 48 53 55 59 61 65
-35 -77 -79 -75 -74 -74 -73 -73 -70 -72 -69 -68 -69 -65 -67 -70 -65 -68 -64 -58 -79 -31 -25 -27 -3 38 77 79 24 91 76 105 72 44 13 13 10 4 8 59 105 2 22 0 24 52 22 18 76 32 4 27 14 55 71 8 62 55 31 58 85 90 105 44 108 0 81 52 21 0 -128 41 33 33 30 33 42 45 56 16 25 38 39 39 38 37 35 38 31 31 30 37 56 53 48 44 27 33 39 39 38 39 37 37 38 41 42 52 43 0 0 43 66 79 15 24 29 27 39 30 36 25 22 20 33 31 32 0 45 47 49 52 52 59 60 64
-75 -77 -74 -74 -75 -74 -74 -72 -70 -70 -68 -69 -67 -67 -65 -69 -68 -67 -64 -58 -41 -32 -26 -17 -3 100 102 90 52 93 87 43 87 18 12 12 10 3 33 104 38 31 4 33 0 71 33 0 89 55 55 22 73 83 88 72 0 42 33 55 55 95 -128 88 89 95 7 41 44 24 41 33 33 30 27 33 38 43 41 26 33 45 31 29 39 35 35 45 48 30 42 53 56 39 48 0 33 43 42 43 43 48 41 38 45 53 31 58 3 15 43 65 25 0 38 33 31 32 27 29 30 24 16 38 27 30 38 43 45 48 49 52 54 58 60 66
-34 -74 -78 -77 -77 -73 -77 -73 -70 -69 -73 -69 -65 -68 -67 -68 -65 -70 -59 -63 -70 -25 -22 -20 -13 -1 24 77 87 48 102 84 83 43 4 10 12 10 24 77 83 0 1 0 7 60 78 43 90 96 81 52 24 68 71 93 22 71 61 60 32 100 50 97 84 30 43 29 38 -128 -128 41 27 31 29 31 32 36 39 27 22 42 42 27 36 31 26 43 41 31 41 38 44 43 45 29 43 52 48 41 43 48 32 36 37 21 13 44 8 2 33 53 9 58 22 31 35 32 32 24 35 24 26 35 41 36 33 0 45 45 53 50 52 59 61 64
-78 -75 -75 -78 -74 -74 -74 -77 -70 -75 -68 -73 -70 -70 -68 -65 -69 -55 -65 -67 -63 -39 -21 -18 -14 -13 0 72 97 59 91 93 96 45 7 10 8 8 82 105 50 1 84 43 0 79 65 96 104 83 64 55 16 18 93 73 56 65 12 70 70 50 61 73 47 62 72 24 43 30 45 20 33 27 30 36 37 44 36 27 24 42 38 31 31 32 33 36 29 39 44 45 47 31 26 47 47 38 53 49 48 35 35 35 27 32 13 24 8 29 41 41 37 0 20 39 37 36 15 27 33 33 29 45 37 41 39 44 50 50 56 53 55 56 62 72
-34 -77 -74 -73 -74 -69 -73 -72 -70 -69 -65 -70 -69 -81 -72 -68 -70 -63 -75 -68 -70 -53 -34 -27 -20 -14 -9 -1 93 93 94 102 94 110 64 2 4 3 26 90 77 88 25 62 3 76 73 50 82 85 88 65 93 76 88 105 68 71 27 52 9 48 50 90 64 72 67 72 33 39 35 29 25 35 27 32 37 48 56 50 27 37 37 37 32 30 39 42 30 29 42 29 42 37 33 36 45 36 55 36 42 41 47 64 21 18 35 27 15 30 41 39 31 30 25 32 41 27 18 14 35 41 35 38 39 41 43 0 50 56 62 61 55 54 64 65
-77 -78 -74 -72 -75 -97 -73 -73 -70 -70 -70 -72 -77 -72 -68 -68 -64 -67 -64 -64 -69 -67 -49 -28 -21 -13 -7 -1 3 105 106 94 94 59 72 6 3 2 27 44 61 56 15 8 45 47 66 60 77 49 64 62 38 38 67 65 48 61 27 78 30 48 84 70 72 27 66 74 56 47 29 27 25 31 21 43 50 52 41 39 19 33 35 29 29 32 27 27 33 31 32 37 31 32 45 53 53 54 36 41 41 42 65 24 22 35 33 25 37 48 36 37 43 27 24 29 21 18 18 35 42 37 35 45 50 49 53 59 56 61 66 54 62 66 67 61
-34 -78 -78 -75 -75 -70 -72 -73 -73 -72 -70 -73 -69 -75 -70 -69 -69 -67 -68 -67 -68 -68 -60 -32 -16 -12 -14 -6 -1 26 85 110 52 77 77 100 93 3 6 10 72 100 81 43 31 95 44 70 56 48 59 54 81 70 101 93 84 50 16 72 30 0 76 -128 70 61 36 76 41 26 36 29 20 35 16 36 53 44 43 14 27 29 25 36 36 27 33 29 35 33 32 39 36 31 47 43 36 54 56 50 35 60 64 24 22 25 29 21 50 52 32 41 43 33 30 25 16 27 31 31 45 36 38 50 52 59 49 0 55 52 50 55 60 65 64 60
-78 -77 -74 -75 -78 -74 -73 -74 -72 -72 -73 -70 -72 -74 -72 -69 -70 -70 -83 -64 -70 -65 -53 -31 -7 -14 -13 -4 -1 0 71 107 82 83 87 87 26 3 4 18 64 61 25 6 81 71 68 44 71 53 44 59 87 94 95 105 71 27 38 24 44 72 61 110 60 72 70 43 56 42 30 31 37 24 36 43 41 35 41 36 35 30 27 36 38 32 26 30 30 31 33 32 41 43 27 31 41 32 50 35 27 22 12 26 18 29 20 41 0 16 33 38 42 24 26 27 30 26 25 42 31 16 47 50 49 44 52 58 45 48 49 50 52 55 56 62
-34 -75 -75 -77 -75 -75 -74 -73 -73 -72 -70 -69 -73 -72 -70 -72 -68 -72 -70 -69 -70 -70 -63 -50 -32 -7 -14 -12 -1 -1 10 91 73 77 65 87 70 53 41 47 110 18 8 43 73 77 73 71 81 81 21 85 74 91 95 96 97 44 64 10 38 58 81 -128 72 72 74 8 38 43 37 36 44 18 35 15 18 26 31 20 43 37 31 27 32 36 30 26 31 22 29 39 42 37 29 47 50 41 42 39 21 37 33 29 27 24 27 25 43 31 31 37 43 30 31 33 27 24 36 36 42 44 32 42 49 53 53 0 45 44 48 54 52 54 58 61
-75 -78 -75 -74 -74 -73 -74 -73 -73 -72 -72 -74 -72 -70 -70 -70 -74 -72 -70 -70 -70 -70 -44 -34 -17 -9 -12 -6 -1 -69 19 29 88 33 91 85 79 97 36 110 42 24 48 77 78 87 81 78 81 70 59 88 96 74 116 83 105 87 44 49 61 72 61 79 35 83 18 33 55 41 20 31 0 33 36 32 29 0 13 44 37 20 29 27 35 37 36 35 30 31 41 41 30 32 43 47 44 48 48 31 50 39 26 29 26 35 24 32 43 27 31 38 35 35 27 32 18 27 31 33 20 14 44 24 55 37 50 43 45 45 49 53 56 60 77 62
-35 -75 -79 -74 -77 -78 -75 -72 -73 -73 -70 -70 -67 -73 -69 -70 -70 -70 -70 -69 -73 -70 -70 -69 -20 -13 -12 -11 -1 -1 10 89 76 90 81 68 67 62 33 9 15 58 68 76 79 83 76 67 73 85 89 99 94 78 95 79 99 37 32 72 85 74 101 7 89 73 82 43 45 50 37 41 31 20 43 50 50 25 44 4 44 31 38 32 32 37 38 35 26 31 26 35 26 25 39 38 48 42 49 38 53 39 37 41 45 25 29 41 49 26 30 35 36 30 32 24 25 29 27 37 38 26 32 41 33 39 41 0 44 49 49 53 54 54 54 62
-77 -77 -78 -75 -74 -74 -74 -73 -75 -73 -77 -73 -69 -70 -69 -73 -70 -72 -68 -68 -69 -64 -70 -96 -31 -21 -14 -11 -1 -1 2 96 89 12 0 1 52 47 1 39 12 41 79 83 82 71 58 72 74 62 66 42 67 84 91 76 54 54 41 102 47 89 91 2 104 104 74 20 79 52 48 13 21 24 32 37 24 56 52 30 41 36 42 39 37 35 35 32 31 32 30 27 36 45 48 48 45 44 38 47 25 41 35 43 26 27 -128 39 0 32 33 37 35 30 32 29 26 29 32 42 36 30 36 33 38 37 41 44 47 50 52 53 53 55 59 64
-36 -74 -74 -75 -73 -73 -74 -74 -75 -74 -73 -73 -73 -75 -77 -70 -73 -78 -73 -69 -69 -67 -67 -68 -78 -53 -36 -23 -17 -1 16 44 61 65 90 53 36 7 20 50 65 24 61 50 83 77 77 72 71 55 65 50 49 48 70 96 66 76 85 112 52 81 87 84 -98 67 81 73 48 78 77 35 33 36 39 35 30 15 55 60 33 47 27 45 35 36 35 31 29 33 33 39 35 37 36 35 29 43 31 45 50 29 37 36 32 26 33 36 37 31 33 39 36 36 36 33 27 31 36 44 43 43 30 39 41 43 39 0 45 47 50 50 52 55 60 60
-74 -75 -75 -75 -75 -77 -78 -75 -74 -79 -74 -72 -74 -75 -69 -73 -74 -69 -73 -74 -74 -69 -63 -67 -69 -54 -46 -31 -18 -11 -1 -1 -1 0 50 47 12 93 48 7 79 100 87 79 72 71 65 64 77 58 78 67 67 68 49 77 45 42 91 81 70 104 101 88 -64 89 90 76 106 79 56 91 59 27 16 15 25 37 58 31 30 8 41 43 41 38 36 33 37 44 47 38 49 41 45 45 45 56 53 52 36 38 31 26 41 26 39 41 36 36 37 38 31 38 30 27 30 29 36 42 45 41 42 42 41 41 42 47 48 52 53 53 55 56 61 64
-34 -74 -75 -74 -74 -77 -74 -79 -79 -77 -79 -64 -74 -86 -77 -77 -75 -74 -72 -69 -68 -69 -65 -68 -65 -51 -45 -34 -16 -14 -11 -8 -14 -11 -18 -1 -1 52 38 84 67 62 49 14 33 0 32 27 53 47 42 26 68 76 74 67 45 82 55 72 58 111 53 105 101 79 71 105 79 88 74 77 52 24 43 25 15 52 43 39 12 15 29 21 36 42 47 38 39 45 39 49 32 49 52 52 55 45 45 55 41 50 38 47 27 26 -128 43 37 37 31 38 44 38 32 27 25 20 30 37 38 48 48 45 45 44 45 0 49 48 52 53 54 59 59 64
-81 -77 -82 -79 -75 -74 -75 -75 -74 -75 -74 -73 -73 -75 -77 -73 -72 -70 -73 -83 -69 -69 -61 -64 -65 -94 -51 -22 -17 -16 -1 -9 -13 -11 -12 -1 -1 6 20 79 72 64 59 29 0 56 0 49 0 24 12 0 22 61 78 78 73 93 83 104 43 81 85 87 84 41 100 85 116 104 87 71 31 4 60 30 39 61 36 59 59 24 44 29 29 18 32 35 48 59 60 38 53 49 45 47 52 42 52 48 41 39 37 33 30 25 38 35 29 37 33 45 32 30 26 22 26 27 38 43 54 47 39 44 50 47 48 52 53 54 55 53 56 59 62 66
-35 -74 -74 -75 -75 -73 -75 -77 -74 -77 -72 -73 -75 -72 -75 -69 -73 -72 -78 -74 -67 -69 -67 -65 -65 -60 -58 -42 -46 -17 -1 -1 -1 -1 -16 -1 -1 -1 -1 82 83 87 66 16 8 48 89 88 95 106 31 0 0 65 78 33 101 112 76 95 94 66 90 83 -116 29 95 97 61 87 79 79 71 66 55 31 8 81 22 62 37 56 47 31 18 24 18 27 42 43 59 50 58 54 58 47 49 53 52 33 21 37 44 36 49 31 43 26 24 31 26 31 31 30 27 19 25 31 38 48 54 50 49 38 47 49 50 7 53 52 54 55 56 60 58 65
-81 -75 -78 -77 -74 -73 -77 -74 -74 -70 -75 -73 -73 -70 -74 -74 -73 -75 -72 -68 -69 -68 -67 -64 -63 -65 -49 -77 -61 -45 -4 -1 21 -1 -128 74 -58 -21 -54 -40 -12 -1 18 13 27 91 52 67 90 81 20 0 72 15 47 36 52 96 87 81 50 78 71 35 20 60 96 102 100 64 79 77 74 77 45 52 94 67 47 84 1 50 33 15 22 24 32 27 43 55 73 50 32 37 18 39 31 42 22 32 39 56 44 41 18 18 30 24 36 45 32 33 41 29 24 22 27 37 45 50 52 48 48 44 44 47 47 49 48 52 56 56 60 60 64 64
-36 -72 -78 -70 -72 -77 -75 -70 -83 -73 -72 -68 -83 -86 -77 -70 -74 -75 -69 -69 -70 -67 -68 -65 -65 -64 -61 -56 -47 -49 -44 -11 -7 -1 -54 -55 -35 -12 -18 -18 -20 -3 -84 12 20 7 54 81 97 76 96 76 44 65 85 20 65 96 64 59 55 84 83 78 9 73 105 100 49 83 94 78 64 64 82 67 90 82 49 44 82 25 13 22 4 1 25 36 33 38 58 24 38 36 19 8 22 52 32 44 62 44 52 4 19 20 42 30 37 49 29 30 43 31 31 24 30 39 42 41 49 47 45 39 41 43 48 13 53 52 56 59 61 60 61 64
-70 -72 -93 -74 -72 -78 -70 -78 -75 -83 -86 -69 -70 -74 -70 -73 -75 -59 -78 -74 -78 -69 -68 -68 -64 -64 -68 -63 -26 -27 -23 -28 -25 -1 -46 -44 -34 -1 -22 -20 -18 -22 0 -1 25 13 91 94 107 96 106 2 101 12 14 41 49 27 72 20 84 70 33 -128 68 91 106 104 89 74 79 81 85 90 96 97 95 89 70 91 68 62 59 14 53 39 33 42 43 35 44 20 42 33 21 41 60 36 52 48 31 33 38 20 16 -112 36 36 37 19 30 38 22 33 30 24 33 38 43 53 58 49 45 39 42 44 47 48 53 55 60 60 61 65 65 67
-31 -78 -75 -75 -70 -87 -74 -74 -72 -73 -74 -70 -74 -79 -73 -75 -72 -69 -75 -67 -72 -74 -69 -67 -67 -67 -68 -65 -70 -34 -23 -32 -23 -20 -8 -39 -41 -30 -3 -9 -11 -23 -20 -1 -1 7 25 76 82 100 85 61 26 43 27 14 105 74 99 95 36 7 41 7 60 90 96 107 101 101 101 78 81 97 89 100 99 107 97 90 82 33 66 88 54 37 14 31 27 29 26 39 53 0 16 8 49 54 22 29 39 13 33 0 18 16 38 38 43 3 30 42 50 32 12 0 33 43 43 55 58 50 52 48 41 44 43 22 53 55 56 56 59 64 64 67
-74 -73 -73 -77 -70 -75 -74 -75 -78 -69 -68 -72 -72 -70 -73 -72 -75 -74 -77 -73 -77 -70 -68 -67 -63 -67 -67 -74 -63 -34 -23 -21 -28 -26 -1 -25 -32 -1 -1 -53 -1 -12 -17 -12 -14 -1 22 83 89 113 94 60 21 32 15 -1 20 94 81 71 72 36 4 32 88 113 85 99 105 96 101 101 91 97 77 90 96 101 104 72 89 62 29 52 24 41 37 29 41 30 43 35 15 15 24 59 50 44 33 41 44 42 24 13 -116 35 38 45 25 36 42 56 37 41 24 20 37 43 50 58 55 53 52 43 44 45 49 52 54 55 58 61 62 64 65 58
-34 -77 -74 -72 -74 -75 -73 -74 -83 -83 -73 -73 -75 -74 -73 -72 -83 -72 -74 -78 -81 -68 -68 -72 -73 -69 -69 -64 -59 -68 -25 -21 -25 -21 -2 -1 -2 -26 -40 -27 -28 -11 91 -21 -21 -14 -12 21 24 85 25 67 25 55 58 0 -1 20 58 78 95 76 29 20 91 106 72 68 74 94 87 96 89 74 66 -128 87 105 100 105 100 84 42 54 64 56 68 45 37 26 31 9 25 20 27 50 53 32 41 21 44 19 20 15 29 37 47 43 30 43 44 39 12 12 26 25 29 42 53 60 58 54 53 42 45 48 48 32 53 54 54 59 59 64 65 70
-74 -72 -74 -75 -78 -78 -74 -69 -69 -77 -67 -75 -70 -70 -70 -70 -72 -70 -87 -73 -69 -68 -63 -70 -65 -67 -60 -60 -75 -65 -16 -21 -26 -13 -20 -1 -1 -26 -34 -11 -32 -26 -70 -27 -21 -18 -30 -121 19 111 88 78 0 21 39 22 -1 -128 10 105 100 60 -128 104 89 93 90 87 99 93 96 95 90 85 93 105 -128 93 105 104 97 85 72 60 41 38 71 52 12 27 25 31 30 9 12 0 0 26 -111 61 25 22 19 26 42 41 44 0 45 47 45 37 55 33 33 25 27 47 52 56 59 58 53 43 45 49 53 55 55 58 59 60 64 64 68 76
-34 -78 -74 -77 -78 -77 -73 -74 -81 -74 -74 -69 -73 -77 -73 -74 -74 -72 -69 -64 -70 -70 -68 -79 -72 -68 -70 -67 -41 -70 -88 -28 -17 -30 -22 -3 -36 -40 -41 -50 -12 -25 -23 -23 -22 -20 -16 -13 0 53 82 73 21 95 79 18 22 21 22 15 53 73 90 67 60 102 101 81 94 73 60 68 95 85 95 105 108 96 -128 104 97 95 0 0 60 32 77 70 -128 12 26 12 0 38 25 26 16 25 0 54 49 24 26 26 47 38 33 1 45 49 50 42 54 38 33 22 18 41 48 54 62 56 58 44 45 48 52 39 55 58 61 60 64 64 66 68
-75 -72 -74 -77 -74 -72 -79 -69 -72 -83 -73 -69 -77 -81 -70 -73 -72 -72 -67 -79 -63 -77 -73 -73 -69 -70 -63 -97 -86 -70 -50 -21 -14 -20 -37 -12 -9 -30 -41 -27 -20 -40 -30 -13 -20 -21 -13 -13 20 43 102 76 27 0 81 24 20 27 29 20 19 64 26 -128 55 97 85 53 62 36 2 30 38 83 105 104 99 99 100 101 101 96 83 91 87 70 33 24 71 59 2 20 42 29 27 20 -128 20 44 32 21 22 20 -128 27 36 30 7 50 52 50 42 41 33 29 25 31 45 52 56 64 55 45 44 47 49 50 54 58 59 62 65 65 66 70 76
-34 -73 -78 -75 -72 -77 -75 -77 -74 -75 -72 -78 -72 -72 -65 -72 -72 -70 -70 -73 -69 -73 -65 -73 -72 -70 -68 -63 -67 -67 -69 -40 -13 -31 -23 -31 -18 -30 -36 -40 -27 -12 -37 -17 -22 -51 -20 -16 -2 16 56 96 54 16 79 29 20 22 29 27 19 6 87 67 0 44 83 35 19 0 24 59 58 65 94 93 97 106 107 105 104 99 81 72 56 60 67 31 58 74 0 0 43 45 31 27 21 38 45 36 29 4 16 32 19 33 37 30 49 52 50 56 60 21 24 27 25 38 53 58 61 58 53 44 45 49 50 50 58 60 62 61 66 67 68 67
-73 -73 -72 -78 -74 -73 -73 -74 -75 -77 -79 -72 -74 -72 -73 -72 -67 -73 -77 -78 -72 -72 -72 -72 -63 -64 -69 -68 -67 -69 -61 -65 -12 -14 -22 -37 -51 -1 -26 -27 -28 -11 -55 -16 -9 -21 -23 -2 29 37 79 91 20 22 85 12 27 26 27 24 20 8 3 -128 -128 42 0 0 9 32 47 58 77 100 91 81 88 100 105 101 104 89 74 32 52 64 61 33 31 54 67 62 44 21 25 22 47 36 30 15 25 14 25 22 12 43 36 31 52 50 52 41 32 27 31 26 27 43 52 59 54 56 54 45 48 53 53 59 59 62 62 64 67 67 73 76
-32 -74 -79 -74 -73 -74 -75 -79 -75 -73 -69 -75 -67 -73 -72 -70 -70 -73 -69 -73 -77 -75 -74 -70 -67 -70 -72 -72 -68 -68 -68 -67 -63 -49 -34 -8 -64 -1 -1 -9 -18 -35 -26 -46 -59 -21 -46 -42 -1 -128 50 113 61 66 43 0 0 0 0 0 0 27 0 14 6 14 6 13 79 14 81 70 95 108 110 89 82 82 85 102 97 95 82 70 66 70 49 13 38 0 25 66 38 35 54 22 48 44 22 22 13 30 18 36 48 9 43 44 36 49 52 53 37 15 20 20 26 39 49 55 65 58 60 55 53 52 55 52 61 64 66 65 67 68 68 78
-72 -77 -74 -74 -74 -74 -73 -69 -69 -72 -69 -70 -70 -70 -69 -68 -72 -67 -77 -72 -73 -68 -72 -69 -93 -94 -68 -61 -72 -69 -69 -63 -37 -35 -25 -41 -21 -1 -25 -30 -17 -27 -35 -41 -64 -54 -30 -17 -1 0 0 60 71 70 74 96 15 25 29 24 22 6 21 12 54 54 82 37 48 29 59 91 105 100 67 77 85 94 97 101 96 87 67 64 6 67 33 38 41 24 45 61 56 49 45 45 39 21 21 29 27 12 37 47 19 -128 47 41 45 50 50 45 16 20 20 37 29 41 50 61 60 65 55 61 55 58 56 61 59 62 66 71 68 70 70 83
-35 -67 -72 -75 -72 -74 -70 -73 -77 -73 -68 -73 -68 -92 -74 -79 -73 -77 -75 -73 -73 -68 -64 -84 -72 -68 -67 -68 -77 -68 -69 -68 -63 -26 -18 -23 -39 -51 -12 -17 -45 -34 -27 -40 -31 -42 -28 -26 -23 -1 72 64 93 62 72 42 0 21 76 24 29 -128 18 0 0 68 72 85 62 61 65 70 111 102 78 77 84 71 99 96 78 85 85 67 2 0 72 39 10 43 21 52 61 35 43 47 42 19 20 27 35 30 38 38 27 27 -128 50 36 49 33 59 33 27 15 26 27 30 50 48 60 66 54 62 54 54 55 52 62 61 65 67 70 70 73 76
-70 -81 -72 -74 -74 -69 -73 -72 -72 -72 -74 -74 -70 -68 -73 -69 -74 -77 -74 -77 -67 -77 -74 -65 -65 -75 -70 -70 -69 -68 -69 -68 -73 -44 -37 -44 -51 -40 -22 -61 -39 -36 -54 -11 -42 -39 -20 -31 -58 -1 91 37 91 79 55 29 10 29 76 29 -128 21 19 15 10 0 0 93 84 68 83 94 91 87 66 83 84 93 91 88 89 89 77 71 66 52 66 45 12 47 60 56 58 47 47 38 43 31 32 35 41 43 47 43 39 41 52 33 48 49 53 39 29 45 29 47 26 27 49 49 64 70 71 55 59 56 59 60 62 65 65 67 68 70 74 76
-35 -78 -69 -78 -73 -73 -74 -73 -75 -73 -75 -72 -70 -78 -73 -77 -77 -77 -74 -69 -69 -77 -72 -65 -68 -69 -61 -67 -69 -69 -69 -69 -65 -65 -82 -42 -37 -41 -30 -39 -28 -20 -22 -41 -51 -42 -39 -31 -30 -12 -1 90 105 83 35 30 13 14 27 16 -128 22 21 18 7 32 47 94 0 60 66 90 110 99 87 83 82 77 96 81 85 64 81 78 78 0 38 65 45 47 49 20 62 59 50 52 39 43 38 39 44 47 44 47 44 43 47 49 43 48 53 41 29 41 43 39 66 42 32 12 58 66 71 56 56 59 58 59 64 65 65 67 67 70 72 81
-72 -88 -97 -69 -69 -74 -74 -72 -69 -75 -72 -72 -67 -72 -75 -73 -75 -74 -78 -64 -73 -68 -78 -77 -61 -69 -89 -69 -70 -68 -68 -67 -68 -65 -64 -47 -45 -35 -28 -26 -30 -31 -36 -45 -41 -64 -35 -22 -25 -26 -60 96 68 49 42 36 0 6 26 19 25 26 21 16 1 9 26 56 78 0 0 100 99 77 79 90 77 83 62 84 64 88 78 77 74 26 58 53 30 49 45 42 0 47 47 32 43 48 44 44 47 9 48 53 38 48 42 54 49 50 52 29 35 39 38 41 43 7 30 45 64 66 65 56 59 66 71 65 60 65 65 70 70 74 74 82
-32 -68 -73 -72 -67 -72 -69 -68 -74 -73 -73 -70 -82 -78 -75 -67 -70 -72 -77 -72 -74 -64 -75 -69 -72 -70 -68 -96 -87 -73 -70 -73 -73 -73 -64 -81 -67 -25 -42 -42 -23 -36 -35 -45 -49 -25 -30 -21 -30 -30 -16 -1 68 88 83 47 20 82 32 25 22 -128 30 16 8 4 1 22 29 94 48 87 0 85 79 83 89 87 79 79 43 79 32 61 82 65 64 54 50 39 43 44 53 15 53 48 42 38 41 31 43 53 47 52 36 45 47 0 19 50 55 31 26 29 45 54 61 24 26 47 55 61 70 66 65 64 70 70 66 60 68 66 70 72 74 81
-77 -74 -69 -69 -74 -77 -69 -75 -75 -77 -79 -69 -77 -70 -68 -68 -67 -74 -73 -73 -73 -70 -67 -65 -63 -78 -61 -63 -63 -73 -68 -72 -68 -72 -67 -72 -31 -20 -40 -46 -64 -56 -34 -37 -35 -58 -44 -34 -30 -21 -9 -1 55 72 83 30 31 74 16 33 29 19 4 10 12 12 15 1 60 78 41 100 108 8 0 91 90 85 78 76 64 54 52 78 36 54 0 58 37 35 49 43 1 18 26 45 44 39 0 0 0 0 0 0 0 0 0 0 50 49 32 24 33 39 50 55 56 31 42 49 58 65 70 70 68 67 71 70 66 64 70 71 72 77 74 76
-31 -74 -69 -69 -72 -82 -68 -73 -74 -69 -72 -96 -81 -67 -73 -75 -69 -74 -70 -75 -59 -65 -69 -74 -74 -74 -74 -68 -73 -88 -72 -72 -69 -64 -68 -68 -64 -51 -21 -23 -53 -63 -36 -25 -39 -40 -32 -20 -30 -20 -30 -2 33 97 66 65 36 10 85 26 20 24 -117 -1 7 18 18 24 16 67 12 53 91 64 102 96 0 0 84 81 49 70 68 73 0 38 22 45 49 29 44 32 31 19 48 39 15 48 43 45 43 43 52 50 52 48 47 48 47 0 49 26 29 35 45 50 56 56 30 47 47 62 66 70 70 72 72 73 68 66 60 68 71 72 72 77
-74 -74 -64 -72 -78 -72 -73 -68 -69 -69 -75 -72 -67 -73 -68 -73 -68 -68 -69 -63 -84 -70 -69 -69 -63 -65 -63 -68 -70 -69 -67 -69 -70 -69 -75 -64 -67 -22 -32 -30 -44 -54 -22 -23 -53 -51 -40 -45 -25 -34 -22 -1 85 67 73 54 59 44 93 90 26 29 -1 -1 -1 21 -45 -40 18 12 6 83 91 101 95 91 89 76 0 39 64 61 27 54 52 32 43 48 48 38 47 29 27 47 25 25 35 29 0 38 47 47 45 52 50 49 52 48 52 0 45 47 30 43 49 44 61 24 26 47 50 61 64 68 73 70 71 71 73 70 72 66 71 71 73 76
-30 -70 -75 -70 -60 -70 -73 -79 -96 -72 -72 -70 -67 -69 -73 -72 -69 -72 -73 -64 -75 -70 -74 -70 -69 -68 -68 -69 -73 -69 -72 -69 -70 -69 -65 -67 -69 -65 -83 -18 -8 -31 -46 -49 -21 -45 -45 -46 -45 -36 -17 -1 -1 84 111 59 29 42 12 66 48 25 -1 -1 -1 -1 -1 -1 -1 19 15 22 52 96 97 84 83 70 72 74 0 0 50 60 56 31 29 8 50 14 48 47 26 43 22 26 21 45 30 48 48 39 47 50 52 50 50 50 54 53 0 48 43 30 42 49 39 48 53 32 53 58 64 66 72 76 73 74 74 77 73 74 71 71 72 76
-75 -72 -73 -65 -84 -70 -70 -73 -65 -73 -70 -72 -73 -69 -68 -72 -74 -72 -70 -75 -72 -72 -67 -72 -69 -68 -67 -72 -67 -64 -67 -68 -63 -68 -65 -67 -67 -68 -96 -49 -46 -7 -30 -39 -50 -42 -44 -46 -36 -44 -17 -13 -1 21 91 65 84 71 43 44 20 13 -1 -1 -1 -1 -1 -1 -1 18 21 27 52 91 93 72 81 83 67 66 60 66 0 0 0 0 0 0 0 0 0 0 0 0 0 0 0 0 0 47 45 37 49 53 52 50 50 52 52 50 59 0 45 31 38 41 26 58 45 35 54 66 67 70 73 74 76 78 77 77 77 74 71 73 74 77
-28 -69 -73 -68 -78 -70 -114 -75 -64 -74 -78 -72 -70 -72 -68 -69 -69 -70 -69 -83 -74 -63 -59 -68 -70 -69 -69 -74 -67 -70 -68 -70 -67 -68 -65 -65 -69 -67 -69 -69 -61 -68 -54 -47 -42 -30 -42 -46 -50 -31 -60 -50 -1 -1 8 110 66 60 10 101 90 7 -1 -1 -1 -1 -1 -1 -1 -1 -1 -1 24 42 95 94 70 87 35 76 71 60 35 48 30 25 30 37 38 31 30 50 27 56 38 50 26 39 32 44 48 39 43 47 44 53 52 52 48 35 48 49 0 56 35 39 14 42 55 24 56 59 62 67 73 76 72 74 78 79 78 81 73 79 74 72
-79 -74 -72 -77 -69 -72 -70 -86 -96 -74 -68 -70 -68 -68 -72 -69 -72 -67 -78 -69 -74 -75 -72 -72 -73 -69 -74 -68 -73 -70 -69 -69 -68 -65 -65 -63 -68 -63 -65 -56 -46 -41 -39 -37 -44 -39 -39 -42 -40 -53 -53 -35 -1 -46 16 95 94 53 1 104 95 37 -1 -1 -1 -1 -1 -1 -1 -1 -1 -8 7 56 104 102 95 88 81 56 56 58 37 50 43 10 25 44 43 38 49 55 64 60 39 4 9 30 43 45 49 25 48 49 16 48 53 52 52 41 48 32 0 14 42 42 26 53 58 43 54 52 61 71 73 70 71 76 76 76 81 76 71 72 77 76
-28 -74 -72 -65 -73 -74 -73 -72 -69 -70 -73 -72 -67 -69 -69 -73 -70 -73 -77 -70 -77 -74 -73 -72 -73 -69 -70 -69 -68 -64 -69 -70 -68 -63 -65 -74 -72 -65 -67 -61 -54 -81 -41 -35 -31 -51 -41 -39 -37 -51 -42 -42 -27 -1 0 29 76 71 45 0 81 74 0 -1 -1 -1 -1 -1 -1 -1 -1 -1 24 3 66 101 85 95 87 77 67 76 66 39 48 32 47 21 35 14 38 52 12 62 8 19 38 42 42 42 43 48 19 44 52 49 54 48 43 43 31 37 45 49 25 48 31 48 43 52 26 48 48 62 71 71 71 73 71 79 79 78 87 83 71 72
-64 -70 -69 -74 -74 -70 -70 -81 -74 -72 -70 -70 -69 -63 -70 -65 -73 -70 -67 -65 -72 -75 -77 -74 -72 -72 -74 -73 -69 -72 -70 -72 -69 -70 -69 -61 -68 -70 -61 -59 -56 -54 -58 -70 -39 -45 -42 -44 -39 -46 -42 -42 -13 -1 -1 35 90 12 29 31 104 25 -1 -1 -1 -1 -1 -1 -1 -1 -1 30 18 2 42 77 94 83 94 82 81 68 72 53 27 52 33 19 26 12 45 42 22 53 22 37 44 41 47 36 37 27 44 45 50 53 48 49 49 44 39 33 24 53 0 37 42 53 48 42 31 31 55 61 60 67 70 72 68 71 83 68 68 84 82 82
-34 -69 -67 -73 -74 -73 -72 -74 -69 -69 -68 -70 -70 -65 -77 -60 -73 -73 -72 -65 -77 -69 -77 -72 -64 -65 -68 -65 -67 -68 -70 -70 -67 -72 -69 -74 -60 -68 -81 -50 -58 -63 -56 -47 -53 -28 -32 -50 -40 -30 -46 -41 -26 -13 -1 -1 89 74 49 19 73 106 19 -1 -1 -1 -1 -1 -1 -1 -1 -1 22 13 47 41 77 93 105 101 77 79 76 60 77 48 36 42 31 54 37 54 35 31 56 20 33 39 43 29 43 27 36 44 49 50 55 43 53 50 47 42 36 21 44 50 0 44 50 50 45 39 14 52 55 59 65 66 56 67 65 62 70 81 76 85
-72 -78 -72 -70 -73 -74 -68 -72 -70 -73 -70 -68 -72 -75 -74 -98 -87 -65 -60 -75 -73 -72 -58 -82 -70 -70 -69 -70 -69 -68 -81 -69 -68 -75 -70 -67 -60 -79 -63 -67 -87 -60 -59 -73 -59 -72 -53 -56 -36 -34 -49 -50 -27 -31 -1 27 111 96 64 36 96 77 0 -1 -1 -1 -1 -1 -1 -1 -1 -1 20 21 87 49 70 104 105 95 76 71 72 77 29 42 30 31 44 62 48 41 70 4 37 33 41 37 27 38 43 21 38 50 49 50 45 52 59 49 44 45 30 30 36 53 0 64 47 39 35 22 31 24 49 65 66 62 62 67 64 64 76 70 74 77
-34 -68 -81 -75 -78 -72 -74 -83 -69 -72 -72 -75 -74 -75 -68 -72 -79 -73 -23 -78 -69 -69 -73 -106 -68 -74 -67 -72 -69 -65 -72 -73 -68 -68 -69 -68 -59 -78 -79 -69 -70 -56 -59 -59 -53 -54 -54 -56 -50 -65 -63 -41 -49 -42 -30 -1 9 88 68 66 35 73 73 -1 -1 -1 -1 -2 -1 -1 -1 -1 -1 25 6 97 64 90 100 110 99 83 91 77 72 62 41 43 45 64 13 8 73 37 1 38 18 39 16 31 41 25 29 44 48 47 47 49 53 44 48 39 45 43 37 48 60 0 27 44 32 18 31 36 53 59 59 44 50 58 54 62 70 73 74 81
-70 -70 -63 -70 -68 -75 -72 -78 -74 -73 -74 -74 -74 -75 -70 -77 -73 -79 -93 -74 -70 -75 -68 -74 -74 -74 -61 -68 -69 -68 -70 -73 -64 -60 -65 -89 -68 -68 -64 -65 -54 -64 -59 -46 -61 -46 -83 -49 -61 -58 -61 -49 -37 -34 -9 -1 19 90 72 71 31 96 73 -1 -1 -7 -3 -1 -1 -1 -1 -1 -1 14 35 89 99 112 108 100 97 87 82 64 65 68 10 60 66 55 31 45 37 2 66 48 21 42 21 29 39 26 22 44 50 33 50 53 55 43 39 22 47 36 47 49 30 0 13 44 32 33 26 47 45 33 6 53 43 52 59 73 72 73 84 90
-45 -77 -81 -81 -78 -73 -73 -77 -67 -69 -78 -70 -75 -72 -70 -72 -70 -73 -64 -70 -77 -73 -72 -69 -77 -65 -67 -70 -69 -70 -73 -67 -59 -14 -61 -106 -68 -64 -64 -61 -65 -63 -55 -70 -70 -61 -36 -84 -44 -31 -51 -56 -39 -45 -46 -1 -1 102 82 95 79 59 81 -1 -1 -8 -13 -11 -1 -1 -1 -1 -1 -128 107 111 100 89 89 77 76 84 85 56 65 79 49 37 13 31 58 24 59 24 13 44 59 37 43 14 37 29 39 43 53 39 48 53 47 29 31 38 32 49 29 48 59 52 47 42 31 32 33 26 25 33 42 44 35 54 56 62 71 72 79 79
-73 -81 -70 -68 -59 -73 -74 -74 -89 -83 -67 -68 -75 -75 -84 -73 -73 -88 -83 -68 -70 -69 -69 -73 -73 -64 -72 -73 -67 -72 -61 -49 -97 -78 -72 -65 -68 -68 -61 -64 -65 -65 -65 -67 -64 -64 -47 -47 -46 -59 -51 -55 -83 -49 -27 -1 -97 25 97 97 72 67 71 -1 -1 -4 -9 -2 -1 -1 -1 -1 -1 33 100 104 106 84 85 70 78 74 79 74 56 44 37 65 50 56 71 0 81 44 41 44 26 16 42 43 38 36 36 43 35 32 49 43 39 39 41 18 44 47 32 50 58 33 54 30 27 39 39 25 27 38 47 35 41 50 62 71 74 87 85 93
-25 -75 -73 -77 -82 -88 -73 -94 -69 -79 -73 -91 -78 -77 -78 -69 -68 -72 -69 -68 -70 -69 -73 -69 -65 -70 -69 -74 -75 -68 -79 -79 -72 -69 -61 -63 -61 -67 -63 -64 -58 -69 -64 -64 -64 -49 -56 -59 -60 -45 -59 -51 -56 -54 -51 -30 -1 72 105 102 87 84 81 41 -1 -1 -11 -8 -3 -1 -1 -1 -1 -1 54 105 97 87 87 77 64 65 71 82 68 72 24 66 43 66 72 27 77 62 16 19 39 56 49 18 48 0 35 41 38 30 45 24 19 31 42 43 43 52 33 37 55 27 0 45 27 27 41 8 31 37 58 54 39 56 66 76 81 84 88 85
-88 -70 -68 -75 -73 -78 -73 -69 -74 -70 -74 -81 -69 -70 -75 -69 -88 -74 -77 -82 -67 -69 -70 -72 -68 -68 -67 -69 -68 -69 -67 -77 -68 -67 -60 -67 -64 -58 -69 -61 -70 -63 -64 -60 -61 -73 -58 -56 -75 -54 -26 -54 -54 -55 -65 -26 -1 77 71 96 88 84 81 8 -1 -1 -13 -18 -1 -1 -1 -1 -1 -1 20 105 88 93 73 70 79 74 72 82 68 61 39 85 3 59 76 7 84 82 22 13 39 55 20 35 44 10 39 31 33 37 41 35 37 35 32 45 52 48 37 35 43 41 0 8 38 47 38 45 43 60 44 49 61 81 88 0 88 89 93 108
-32 -75 -77 -70 -74 -74 -70 -68 -72 -75 -75 -73 -73 -75 -72 -74 -70 -68 -72 -75 -73 -73 -72 -69 -68 -69 -69 -68 -74 -69 -70 -67 -69 -69 -63 -73 -54 -59 -64 -63 -61 -70 -58 -70 -65 -63 -67 -70 -58 -67 -39 -34 -36 -50 -50 -40 -25 -1 35 88 101 62 79 84 15 -26 -1 -17 -11 -7 -3 -3 -1 -1 -1 41 104 104 72 74 83 68 72 82 78 62 74 62 67 50 64 81 26 18 29 32 8 42 38 43 42 30 19 52 21 45 36 44 26 30 32 35 49 45 32 27 39 41 58 52 49 31 58 54 52 52 36 68 78 22 0 79 95 1 0 0
-73 -74 -75 -78 -73 -74 -75 -73 -83 -73 -72 -75 -70 -74 -78 -67 -75 -75 -74 -68 -77 -68 -73 -65 -69 -72 -69 -70 -74 -67 -69 -78 -64 -69 -75 -79 -75 -65 -63 -64 -61 -67 -63 -59 -72 -61 -60 -55 -81 -49 -60 -18 -21 -53 -50 -42 -2 -1 72 19 95 95 91 82 50 24 -17 -7 -1 -1 -7 -1 -1 -1 -1 3 52 68 88 62 91 83 89 100 90 90 87 71 71 56 82 76 49 50 53 13 41 44 36 53 38 53 25 49 27 44 37 36 20 32 39 49 47 39 26 0 55 0 71 0 62 64 49 56 43 54 64 72 0 72 65 85 88 89 89 101
-31 -75 -74 -67 -73 -72 -74 -73 -73 -72 -74 -73 -72 -73 -69 -75 -70 -74 -72 -73 -69 -70 -73 -70 -70 -74 -64 -86 -68 -68 -67 -69 -68 -69 -69 -69 -65 -70 -56 -61 -61 -73 -64 -64 -81 -58 -59 -49 -41 -49 -53 -59 -4 -30 -50 -44 -59 -9 -1 -1 18 91 101 76 71 84 74 -1 -6 33 -1 -6 -6 -1 -1 -1 76 76 54 67 93 100 97 97 108 83 93 53 91 45 62 91 65 76 74 58 44 32 0 35 42 48 19 29 22 43 50 42 24 35 33 43 45 49 15 14 56 71 76 76 0 66 49 38 68 58 16 68 2 65 61 39 81 83 85 96
-77 -73 -73 -67 -79 -81 -78 -75 -72 -74 -74 -73 -77 -77 -74 -72 -68 -72 -69 -74 -72 -78 -69 -70 -75 -70 -75 -70 -67 -68 -75 -65 -63 -73 -69 -67 -65 -65 -60 -65 -61 -69 -58 -65 -65 -72 -78 -77 -111 -88 -78 -81 -53 -23 -27 -42 -35 -4 -1 -1 -47 10 100 77 76 113 59 -98 -9 79 -1 -7 -3 -1 -1 22 73 78 65 61 88 100 88 90 106 85 107 87 76 97 73 67 62 74 66 78 19 1 58 39 42 49 0 53 33 37 42 27 21 35 43 49 37 25 4 42 53 66 61 68 79 0 41 50 53 73 68 29 79 71 71 32 49 79 87 104
-32 -70 -73 -74 -72 -70 -74 -69 -73 -75 -69 -70 -72 -77 -73 -72 -72 -74 -75 -69 -77 -75 -70 -70 -77 -72 -75 -67 -68 -69 -70 -68 -64 -67 -68 -68 -67 -67 -64 -63 -58 -60 -42 -73 -60 -75 -69 -63 -64 -73 -81 -86 -67 -42 -44 -41 -40 -28 -20 -1 -1 -1 13 88 70 70 36 91 48 -31 27 -20 -7 -2 -1 -1 -1 32 24 10 38 91 88 85 87 93 97 97 54 82 104 83 73 35 59 71 8 50 29 41 32 49 52 36 43 35 42 47 4 30 32 52 50 49 31 39 58 64 36 33 72 54 43 0 73 68 0 70 0 83 45 74 53 66 79 89
-78 -82 -75 -77 -72 -94 -74 -72 -75 -73 -78 -81 -73 -70 -72 -72 -72 -74 -69 -75 -70 -72 -70 -75 -77 -81 -74 -68 -69 -73 -69 -67 -69 -68 -64 -63 -69 -60 -63 -75 -75 -49 -128 -63 -64 -60 -61 -60 -64 -68 -68 -70 -61 -30 -27 -44 -36 -37 -30 -1 -1 -1 18 61 85 85 64 79 32 -20 89 -6 -8 -4 -1 25 15 10 9 2 29 45 56 77 97 97 105 95 74 61 105 82 108 84 33 15 72 31 38 41 31 39 27 49 36 42 45 29 14 29 15 55 55 30 44 58 61 48 47 68 73 20 49 59 0 1 64 0 41 33 60 55 42 53 85 87
-34 -77 -74 -75 -74 -73 -70 -72 -74 -74 -74 -74 -73 -72 -70 -72 -73 -72 -73 -72 -75 -69 -75 -74 -72 -74 -67 -74 -70 -73 -70 -65 -65 -72 -69 -78 -69 -67 -67 -69 -68 -61 -73 -8 -69 -81 -64 -69 -65 -72 -68 -65 -70 -51 -9 -54 -32 -37 -32 -4 -1 -1 -1 -128 53 91 100 99 96 -70 -32 -128 -7 -8 -6 61 7 59 19 15 10 8 24 43 71 107 106 84 83 83 29 52 99 99 32 66 35 44 6 14 15 39 22 50 43 49 45 48 30 26 31 52 41 26 32 38 61 36 52 50 58 27 26 65 61 0 0 0 79 37 32 62 29 19 68 67
-75 -75 -78 -77 -72 -74 -78 -73 -73 -75 -74 -73 -73 -73 -73 -72 -72 -69 -72 -69 -72 -69 -69 -72 -75 -67 -81 -72 -70 -73 -68 -61 -78 -70 -65 -67 -63 -68 -65 -68 -67 -64 -2 -92 -67 -70 -64 -65 -64 -68 -59 -70 -77 -55 -37 -65 -35 -26 -13 -1 -1 -1 -1 -1 83 54 83 119 104 68 -34 -1 -6 -11 -128 95 -1 2 22 16 8 7 26 76 88 95 101 97 83 74 82 65 66 81 29 74 7 52 14 41 32 33 37 41 35 42 44 49 18 24 1 49 38 43 66 65 59 54 52 48 29 21 45 70 61 81 77 74 74 15 26 36 7 41 39 68
-32 -82 -73 -77 -77 -75 -70 -72 -74 -73 -72 -73 -74 -75 -74 -73 -73 -70 -70 -72 -69 -64 -70 -69 -78 -77 -68 -78 -70 -68 -74 -65 -77 -74 -61 -72 -73 -68 -72 -70 -60 -84 -72 -47 -69 -69 -65 -64 -63 -65 -63 -65 -68 -64 -53 -32 -27 -21 -21 -7 -1 -1 -1 -1 -1 24 54 85 37 10 18 -20 -1 -25 -1 -42 -119 -1 18 22 14 3 19 42 65 99 97 102 79 82 87 85 67 87 36 36 47 36 13 29 32 32 55 32 44 36 42 49 42 31 32 47 47 41 8 41 42 53 56 49 16 26 29 47 19 72 78 62 70 61 16 50 7 44 50 76
-74 -92 -74 -78 -73 -73 -72 -72 -73 -77 -72 -73 -73 -70 -70 -77 -70 -74 -72 -74 -69 -77 -70 -72 -68 -68 -72 -72 -72 -69 -68 -75 -61 -70 -72 -70 -69 -68 -70 -73 -72 -68 -81 -67 -68 -73 -65 -65 -67 -64 -64 -68 -77 -74 -67 -44 -25 -4 -3 -1 -1 -1 -1 -1 -1 7 45 116 76 74 78 -13 -4 -4 -32 -1 -1 -1 26 22 15 9 29 89 76 105 96 87 95 76 72 71 68 88 25 65 30 33 26 42 50 41 42 29 26 38 31 18 0 26 37 39 50 52 1 50 50 54 56 47 30 30 45 29 41 61 66 68 54 61 26 54 35 35 64 67
-31 -68 -72 -77 -70 -72 -65 -75 -74 -73 -74 -74 -77 -72 -86 -82 -78 -72 -70 -72 -73 -70 -74 -72 -68 -74 -68 -69 -72 -65 -72 -73 -70 -72 -70 -69 -69 -69 -65 -72 -69 -70 -64 -101 -61 -67 -68 -65 -65 -63 -63 -67 -67 -79 -78 -64 -51 -23 -1 -1 -1 -1 -1 -1 -1 -1 10 110 61 62 68 27 -1 -18 -8 -4 -1 -1 -1 -98 26 19 8 82 96 56 97 94 106 101 77 49 96 66 29 26 33 35 32 36 33 36 45 39 37 27 37 38 35 24 42 35 33 55 58 35 29 43 42 30 42 38 36 36 16 45 70 77 62 65 21 41 48 71 42 74
-69 -82 -68 -73 -72 -69 -72 -70 -77 -84 -78 -72 -70 -73 -77 -73 -75 -74 -74 -72 -69 -78 -72 -72 -70 -67 -65 -69 -73 -70 -77 -74 -69 -68 -68 -72 -68 -73 -68 -68 -68 -69 -67 -75 -81 -68 -68 -64 -67 -63 -79 -68 -82 -77 -74 -70 -31 -17 -3 -1 -1 -1 -1 -1 -1 -1 18 79 66 53 87 68 -128 -1 -21 -1 -1 -1 -1 -1 24 14 48 91 62 38 73 105 82 94 74 72 68 76 30 37 41 39 39 27 27 53 39 44 44 38 36 36 24 30 26 35 48 54 55 50 33 38 41 39 42 43 44 33 35 56 64 65 68 31 44 13 0 43 83 76
-30 -67 -67 -68 -68 -64 -69 -68 -69 -69 -69 -68 -67 -70 -67 -67 -69 -68 -68 -68 -68 -68 -68 -68 -67 -68 -65 -67 -67 -67 -67 -68 -65 -64 -64 -64 -64 -63 -63 -61 -61 -64 -65 -53 -67 -61 -63 -61 -59 -60 -63 -64 -56 -64 -68 -69 -53 -1 -1 -1 -1 -1 -1 -1 -1 -1 -128 36 100 104 105 97 100 -1 -2 -13 -11 -6 -1 -1 -1 43 53 71 49 32 55 101 110 108 95 95 96 79 56 47 49 48 58 66 62 60 58 58 56 61 54 49 49 45 48 43 58 67 72 66 65 52 45 48 44 44 60 50 61 60 76 60 79 74 49 58 65 45 85 108
